1,28
2,28
3,19
4,6
5,5
6,30
7,10
8,27
9,12
10,10
11,13
12,12
13,21
14,24
15,28
16,24
17,27
18,7
19,17
20,6
21,13
22,29
23,30
24,16
25,9
26,13
27,27
28,21
29,7
30,8
31,15
32,15
33,18
34,11
35,23
36,14
37,8
38,28
39,7
40,10
41,25
42,27
43,21
44,17
45,12
46,20
47,24
48,5
49,5
50,13
51,16
52,20
53,14
54,3
55,4
56,22
57,13
58,13
59,6
60,11
61,11
62,20
63,13
64,24
65,11
66,27
67,27
68,25
69,15
70,10
71,11
72,9
73,26
74,13
75,3
76,21
77,22
78,21
79,15
80,8
81,24
82,24
83,6
84,20
85,21
86,13
87,18
88,7
89,18
90,22
91,16
92,26
93,5
94,20
95,21
96,7
97,13
98,25
99,1
100,17
101,13
102,29
103,24
104,19
105,18
106,8
107,7
108,16
109,12
110,27
111,8
112,15
113,10
114,24
115,8
116,25
117,21
118,13
119,15
120,13
121,21
122,19
123,17
124,27
125,3
126,18
127,23
128,19
129,2
130,18
131,14
132,22
133,14
134,11
135,13
136,23
137,27
138,24
139,24
140,7
141,13
142,6
143,18
144,24
145,6
146,7
147,2
148,27
149,3
150,1
151,23
152,26
153,28
154,15
155,21
156,21
157,11
158,4
159,5
160,19
161,21
162,18
163,21
164,21
165,17
166,5
167,7
168,23
169,27
170,17
171,15
172,21
173,27
174,13
175,6
176,8
177,18
178,7
179,10
180,18
181,7
182,5
183,29
184,3
185,29
186,24
187,25
188,14
189,2
190,2
191,12
192,9
193,14
194,2
195,21
196,15
197,9
198,24
199,25
200,18
201,26
202,29
203,17
204,7
205,21
206,17
207,5
208,4
209,3
210,2
211,17
212,18
213,14
214,2
215,11
216,23
217,27
218,18
219,2
220,2
221,7
222,13
223,14
224,24
225,30
226,22
227,9
228,12
229,5
230,9
231,6
232,4
233,28
234,25
235,3
236,21
237,23
238,12
239,19
240,13
241,21
242,28
243,29
244,5
245,27
246,25
247,20
248,4
249,1
250,11
251,24
252,16
253,12
254,13
255,3
256,15
257,19
258,25
259,2
260,1
261,21
262,27
263,28
264,9
265,30
266,9
267,21
268,18
269,14
270,26
271,24
272,28
273,21
274,10
275,21
276,11
277,24
278,11
279,6
280,18
281,23
282,8
283,1
284,5
285,26
286,27
287,10
288,26
289,4
290,1
291,15
292,9
293,7
294,21
295,22
296,10
297,28
298,6
299,5
300,17
301,8
302,2
303,27
304,13
305,27
306,21
307,5
308,18
309,21
310,15
311,26
312,24
313,14
314,27
315,14
316,8
317,24
318,12
319,18
320,23
321,5
322,12
323,17
324,21
325,1
326,7
327,7
328,28
329,2
330,25
331,24
332,3
333,24
334,30
335,4
336,5
337,13
338,19
339,5
340,15
341,26
342,7
343,4
344,15
345,13
346,16
347,28
348,6
349,28
350,13
351,16
352,12
353,27
354,15
355,25
356,22
357,12
358,7
359,27
360,19
361,16
362,3
363,5
364,22
365,9
366,26
367,16
368,24
369,23
370,7
371,26
372,8
373,13
374,22
375,15
376,22
377,8
378,9
379,12
380,5
381,18
382,16
383,21
384,19
385,29
386,29
387,13
388,15
389,15
390,5
391,24
392,18
393,7
394,6
395,5
396,6
397,27
398,27
399,29
400,5
401,6
402,21
403,27
404,24
405,24
406,30
407,15
408,22
409,22
410,4
411,27
412,1
413,15
414,12
415,20
416,1
417,17
418,9
419,8
420,25
421,9
422,26
423,23
424,26
425,24
426,1
427,23
428,29
429,20
430,29
431,4
432,27
433,18
434,16
435,24
436,15
437,12
438,21
439,29
440,14
441,28
442,27
443,27
444,18
445,20
446,18
447,4
448,21
449,17
450,27
451,6
452,3
453,13
454,18
455,29
456,18
457,1
458,8
459,24
460,21
461,5
462,13
463,27
464,10
465,23
466,5
467,30
468,6
469,21
470,9
471,24
472,12
473,24
474,18
475,9
476,23
477,8
478,1
479,16
480,8
481,3
482,20
483,24
484,13
485,7
486,1
487,13
488,29
489,24
490,7
491,25
492,16
493,7
494,17
495,27
496,17
497,18
498,13
499,24
500,12
501,10
502,18
503,5
504,29
505,13
506,21
507,21
508,30
509,7
510,18
511,7
512,17
513,5
514,26
515,17
516,12
517,17
518,10
519,3
520,30
521,24
522,9
523,7
524,29
525,3
526,3
527,8
528,21
529,8
530,21
531,5
532,29
533,9
534,16
535,16
536,30
537,27
538,13
539,24
540,24
541,10
542,12
543,6
544,10
545,15
546,29
547,5
548,23
549,24
550,16
551,18
552,7
553,21
554,13
555,18
556,13
557,30
558,20
559,15
560,23
561,24
562,21
563,12
564,18
565,30
566,12
567,30
568,30
569,21
570,8
571,30
572,20
573,5
574,26
575,8
576,10
577,5
578,21
579,13
580,15
581,13
582,18
583,5
584,18
585,7
586,20
587,29
588,21
589,30
590,18
591,24
592,21
593,25
594,7
595,13
596,17
597,23
598,15
599,6
600,4
601,3
602,5
603,5
604,20
605,29
606,13
607,4
608,9
609,21
610,5
611,8
612,24
613,15
614,20
615,24
616,21
617,8
618,7
619,12
620,16
621,13
622,24
623,7
624,18
625,27
626,27
627,17
628,27
629,18
630,7
631,5
632,13
633,8
634,9
635,29
636,8
637,16
638,29
639,6
640,18
641,21
642,24
643,7
644,18
645,7
646,5
647,21
648,5
649,20
650,21
651,9
652,7
653,13
654,18
655,13
656,13
657,27
658,16
659,4
660,12
661,4
662,16
663,24
664,10
665,5
666,16
667,16
668,24
669,17
670,5
671,16
672,10
673,12
674,27
675,16
676,15
677,23
678,18
679,5
680,9
681,7
682,26
683,17
684,10
685,5
686,20
687,23
688,18
689,4
690,27
691,13
692,23
693,15
694,13
695,16
696,9
697,13
698,7
699,16
700,12
701,21
702,29
703,7
704,13
705,7
706,27
707,7
708,24
709,27
710,12
711,27
712,5
713,21
714,5
715,5
716,18
717,30
718,30
719,10
720,12
721,18
722,27
723,15
724,24
725,27
726,13
727,16
728,21
729,15
730,7
731,4
732,23
733,20
734,27
735,4
736,15
737,21
738,21
739,20
740,5
741,5
742,15
743,30
744,17
745,18
746,7
747,23
748,30
749,27
750,12
751,12
752,12
753,20
754,8
755,13
756,21
757,21
758,24
759,12
760,23
761,21
762,24
763,12
764,15
765,6
766,7
767,5
768,24
769,29
770,24
771,17
772,21
773,4
774,24
775,8
776,8
777,4
778,21
779,15
780,7
781,30
782,7
783,13
784,8
785,5
786,27
787,21
788,12
789,27
790,13
791,21
792,27
793,24
794,21
795,7
796,15
797,8
798,17
799,15
800,5
801,27
802,27
803,13
804,18
805,7
806,29
807,7
808,24
809,18
810,30
811,30
812,18
813,21
814,13
815,12
816,12
817,9
818,18
819,7
820,30
821,30
822,7
823,15
824,12
825,7
826,13
827,5
828,27
829,27
830,9
831,5
832,30
833,5
834,8
835,18
836,18
837,27
838,17
839,5
840,15
841,16
842,24
843,13
844,15
845,13
846,7
847,18
848,21
849,29
850,8
851,13
852,7
853,12
854,9
855,9
856,27
857,15
858,5
859,18
860,18
861,13
862,29
863,27
864,16
865,13
866,13
867,7
868,5
869,9
870,29
871,8
872,12
873,7
874,18
875,15
876,7
877,24
878,21
879,21
880,8
881,15
882,13
883,7
884,29
885,27
886,24
887,29
888,5
889,15
890,27
891,7
892,29
893,18
894,15
895,7
896,29
897,24
898,21
899,27
900,5
901,18
902,15
903,7
904,24
905,24
906,18
907,7
908,7
909,16
910,12
911,13
912,18
913,12
914,7
915,18
916,29
917,18
918,18
919,24
920,27
921,8
922,24
923,7
924,21
925,13
926,12
927,12
928,15
929,13
930,13
931,24
932,8
933,21
934,7
935,27
936,27
937,29
938,15
939,21
940,7
941,7
942,24
943,18
944,5
945,5
946,29
947,27
948,24
949,12
950,5
951,18
952,5
953,5
954,5
955,18
956,27
957,21
958,12
959,27
960,18
961,7
962,15
963,21
964,12
965,7
966,27
967,12
968,21
969,24
970,12
971,21
972,12
973,12
974,12
975,27
976,24
977,13
978,7
979,24
980,27
981,15
982,24
983,12
984,27
985,13
986,5
987,7
988,13
989,24
990,5
991,24
992,21
993,21
994,15
995,13
996,15
997,21
998,13
999,7
1000,21
