1,28
2,41
3,35
4,13
5,1
6,34
7,31
8,37
9,28
10,44
11,15
12,10
13,3
14,21
15,29
16,37
17,18
18,7
19,3
20,23
21,21
22,9
23,20
24,31
25,10
26,29
27,10
28,34
29,18
30,7
31,47
32,43
33,13
34,15
35,24
36,8
37,39
38,47
39,22
40,18
41,46
42,13
43,47
44,47
45,44
46,13
47,15
48,29
49,39
50,16
51,10
52,38
53,31
54,2
55,47
56,7
57,47
58,31
59,31
60,15
61,21
62,20
63,46
64,10
65,17
66,7
67,29
68,9
69,10
70,18
71,34
72,37
73,1
74,44
75,32
76,10
77,7
78,2
79,37
80,13
81,2
82,22
83,1
84,40
85,47
86,29
87,2
88,34
89,28
90,31
91,2
92,32
93,1
94,47
95,33
96,37
97,38
98,38
99,2
100,47
101,30
102,2
103,22
104,49
105,16
106,43
107,21
108,10
109,6
110,9
111,47
112,8
113,35
114,5
115,18
116,42
117,38
118,25
119,22
120,34
121,38
122,18
123,31
124,41
125,2
126,23
127,17
128,47
129,5
130,31
131,29
132,18
133,20
134,1
135,34
136,23
137,47
138,32
139,25
140,29
141,20
142,31
143,35
144,45
145,27
146,17
147,30
148,6
149,9
150,17
151,31
152,46
153,23
154,27
155,39
156,23
157,1
158,1
159,29
160,1
161,7
162,10
163,49
164,35
165,30
166,44
167,32
168,2
169,47
170,44
171,39
172,9
173,44
174,2
175,2
176,46
177,3
178,41
179,47
180,22
181,19
182,40
183,21
184,30
185,26
186,8
187,14
188,15
189,43
190,22
191,8
192,14
193,9
194,34
195,16
196,22
197,22
198,5
199,37
200,36
201,42
202,30
203,29
204,18
205,24
206,1
207,18
208,22
209,16
210,38
211,28
212,10
213,37
214,34
215,25
216,34
217,6
218,48
219,31
220,13
221,45
222,49
223,2
224,29
225,18
226,5
227,7
228,31
229,1
230,31
231,19
232,2
233,17
234,44
235,47
236,4
237,4
238,23
239,20
240,42
241,29
242,2
243,21
244,12
245,31
246,26
247,44
248,5
249,48
250,38
251,18
252,6
253,48
254,31
255,21
256,19
257,31
258,37
259,18
260,33
261,47
262,37
263,18
264,9
265,46
266,28
267,7
268,7
269,25
270,46
271,20
272,36
273,14
274,20
275,28
276,1
277,46
278,42
279,10
280,9
281,18
282,38
283,2
284,7
285,16
286,14
287,10
288,31
289,24
290,28
291,3
292,47
293,42
294,19
295,48
296,36
297,7
298,29
299,1
300,42
301,31
302,5
303,34
304,30
305,11
306,47
307,18
308,33
309,10
310,24
311,32
312,43
313,47
314,34
315,7
316,36
317,48
318,8
319,18
320,10
321,1
322,15
323,16
324,25
325,9
326,31
327,18
328,31
329,34
330,7
331,47
332,31
333,44
334,9
335,7
336,29
337,6
338,44
339,34
340,47
341,6
342,5
343,24
344,20
345,25
346,17
347,13
348,13
349,16
350,8
351,47
352,19
353,18
354,9
355,37
356,1
357,31
358,29
359,13
360,49
361,12
362,1
363,13
364,17
365,29
366,10
367,21
368,1
369,22
370,10
371,13
372,39
373,1
374,4
375,2
376,7
377,8
378,18
379,48
380,43
381,47
382,30
383,34
384,29
385,5
386,44
387,8
388,18
389,34
390,41
391,7
392,18
393,42
394,29
395,34
396,2
397,21
398,4
399,3
400,1
401,44
402,13
403,26
404,1
405,11
406,15
407,45
408,31
409,37
410,45
411,36
412,26
413,4
414,2
415,42
416,7
417,18
418,1
419,36
420,7
421,9
422,7
423,40
424,17
425,44
426,13
427,5
428,1
429,44
430,34
431,37
432,47
433,18
434,16
435,27
436,7
437,33
438,9
439,36
440,31
441,4
442,9
443,21
444,15
445,5
446,18
447,18
448,34
449,31
450,17
451,20
452,2
453,20
454,47
455,18
456,20
457,31
458,37
459,21
460,1
461,16
462,34
463,30
464,9
465,10
466,22
467,49
468,38
469,34
470,24
471,21
472,1
473,30
474,13
475,10
476,1
477,43
478,16
479,16
480,9
481,19
482,24
483,31
484,10
485,29
486,4
487,17
488,8
489,8
490,23
491,17
492,36
493,25
494,12
495,10
496,21
497,4
498,31
499,49
500,3
501,24
502,28
503,14
504,3
505,1
506,22
507,27
508,41
509,44
510,47
511,39
512,44
513,5
514,47
515,10
516,9
517,10
518,3
519,26
520,38
521,41
522,47
523,46
524,36
525,7
526,25
527,12
528,8
529,18
530,49
531,38
532,49
533,4
534,24
535,46
536,26
537,16
538,17
539,33
540,31
541,14
542,38
543,47
544,21
545,21
546,39
547,41
548,16
549,8
550,9
551,18
552,9
553,41
554,10
555,9
556,37
557,5
558,17
559,2
560,23
561,9
562,18
563,32
564,38
565,18
566,33
567,12
568,4
569,18
570,18
571,29
572,45
573,10
574,14
575,1
576,37
577,39
578,2
579,3
580,29
581,22
582,10
583,22
584,37
585,46
586,26
587,4
588,29
589,17
590,18
591,47
592,6
593,13
594,29
595,24
596,9
597,38
598,2
599,40
600,24
601,20
602,2
603,12
604,37
605,2
606,17
607,18
608,10
609,9
610,43
611,10
612,13
613,41
614,7
615,16
616,46
617,11
618,43
619,14
620,31
621,7
622,4
623,27
624,12
625,27
626,34
627,47
628,28
629,36
630,42
631,46
632,10
633,47
634,12
635,44
636,17
637,31
638,3
639,27
640,8
641,26
642,33
643,38
644,44
645,41
646,34
647,12
648,13
649,41
650,38
651,49
652,21
653,15
654,10
655,12
656,9
657,4
658,34
659,23
660,43
661,31
662,20
663,3
664,44
665,34
666,13
667,7
668,7
669,30
670,18
671,40
672,6
673,19
674,43
675,11
676,43
677,15
678,10
679,7
680,29
681,11
682,1
683,9
684,35
685,21
686,47
687,22
688,4
689,16
690,25
691,47
692,46
693,15
694,30
695,3
696,17
697,10
698,22
699,17
700,29
701,48
702,46
703,11
704,44
705,39
706,31
707,1
708,18
709,35
710,16
711,22
712,8
713,38
714,48
715,42
716,19
717,19
718,41
719,43
720,23
721,28
722,31
723,16
724,38
725,11
726,9
727,37
728,18
729,27
730,32
731,28
732,31
733,20
734,27
735,22
736,21
737,29
738,47
739,13
740,9
741,1
742,3
743,1
744,40
745,24
746,21
747,47
748,17
749,11
750,18
751,22
752,16
753,29
754,14
755,18
756,31
757,27
758,49
759,25
760,38
761,8
762,6
763,13
764,1
765,18
766,26
767,23
768,2
769,23
770,4
771,1
772,38
773,46
774,4
775,13
776,11
777,11
778,18
779,27
780,43
781,16
782,2
783,48
784,16
785,2
786,9
787,38
788,9
789,32
790,38
791,37
792,21
793,24
794,6
795,7
796,7
797,32
798,17
799,41
800,7
801,35
802,40
803,34
804,3
805,32
806,34
807,43
808,22
809,27
810,1
811,32
812,8
813,1
814,47
815,27
816,1
817,38
818,14
819,2
820,23
821,45
822,34
823,40
824,28
825,22
826,44
827,40
828,29
829,49
830,33
831,19
832,44
833,29
834,13
835,21
836,26
837,28
838,38
839,46
840,21
841,8
842,24
843,43
844,13
845,42
846,21
847,1
848,28
849,6
850,15
851,2
852,31
853,38
854,38
855,45
856,1
857,43
858,13
859,14
860,4
861,18
862,46
863,10
864,5
865,5
866,12
867,18
868,27
869,31
870,4
871,13
872,48
873,13
874,9
875,20
876,30
877,47
878,1
879,42
880,20
881,30
882,9
883,38
884,28
885,7
886,10
887,10
888,13
889,33
890,9
891,29
892,47
893,6
894,2
895,10
896,7
897,10
898,21
899,38
900,39
901,23
902,43
903,4
904,31
905,9
906,49
907,34
908,3
909,9
910,40
911,23
912,30
913,7
914,10
915,26
916,29
917,31
918,6
919,31
920,11
921,33
922,2
923,46
924,7
925,16
926,31
927,23
928,24
929,6
930,28
931,22
932,23
933,41
934,35
935,1
936,7
937,44
938,18
939,40
940,9
941,11
942,38
943,31
944,43
945,43
946,16
947,45
948,47
949,19
950,14
951,20
952,44
953,22
954,34
955,34
956,29
957,45
958,23
959,1
960,20
961,1
962,49
963,37
964,7
965,47
966,35
967,34
968,7
969,8
970,41
971,24
972,29
973,2
974,17
975,16
976,46
977,46
978,29
979,38
980,10
981,21
982,3
983,4
984,23
985,46
986,29
987,23
988,1
989,10
990,31
991,18
992,29
993,27
994,13
995,2
996,2
997,10
998,29
999,42
1000,11
1001,30
1002,14
1003,47
1004,6
1005,18
1006,9
1007,4
1008,47
1009,13
1010,22
1011,41
1012,44
1013,41
1014,22
1015,4
1016,18
1017,9
1018,19
1019,8
1020,35
1021,38
1022,34
1023,18
1024,48
1025,1
1026,42
1027,34
1028,28
1029,27
1030,6
1031,13
1032,35
1033,4
1034,43
1035,43
1036,38
1037,31
1038,35
1039,9
1040,1
1041,17
1042,10
1043,28
1044,33
1045,16
1046,7
1047,46
1048,19
1049,40
1050,7
1051,31
1052,23
1053,10
1054,29
1055,29
1056,35
1057,29
1058,38
1059,28
1060,18
1061,31
1062,9
1063,14
1064,13
1065,41
1066,21
1067,44
1068,13
1069,1
1070,40
1071,33
1072,45
1073,48
1074,3
1075,14
1076,6
1077,27
1078,44
1079,31
1080,16
1081,35
1082,21
1083,10
1084,13
1085,40
1086,4
1087,45
1088,1
1089,32
1090,3
1091,13
1092,44
1093,44
1094,10
1095,1
1096,27
1097,44
1098,7
1099,27
1100,34
1101,26
1102,47
1103,47
1104,28
1105,35
1106,7
1107,40
1108,29
1109,24
1110,33
1111,23
1112,1
1113,38
1114,34
1115,35
1116,18
1117,18
1118,10
1119,48
1120,35
1121,1
1122,26
1123,13
1124,41
1125,14
1126,31
1127,27
1128,11
1129,22
1130,3
1131,27
1132,31
1133,3
1134,47
1135,27
1136,10
1137,19
1138,44
1139,3
1140,13
1141,7
1142,31
1143,8
1144,1
1145,45
1146,22
1147,31
1148,8
1149,18
1150,18
1151,16
1152,28
1153,20
1154,29
1155,19
1156,43
1157,8
1158,22
1159,47
1160,31
1161,9
1162,49
1163,40
1164,47
1165,29
1166,19
1167,32
1168,45
1169,21
1170,46
1171,2
1172,7
1173,43
1174,47
1175,48
1176,23
1177,41
1178,4
1179,49
1180,38
1181,18
1182,26
1183,16
1184,9
1185,42
1186,44
1187,46
1188,42
1189,29
1190,24
1191,20
1192,23
1193,41
1194,47
1195,14
1196,35
1197,1
1198,41
1199,33
1200,7
1201,2
1202,16
1203,33
1204,37
1205,44
1206,10
1207,30
1208,4
1209,28
1210,13
1211,10
1212,41
1213,35
1214,9
1215,2
1216,2
1217,18
1218,42
1219,13
1220,24
1221,41
1222,33
1223,49
1224,29
1225,11
1226,8
1227,5
1228,47
1229,45
1230,7
1231,10
1232,31
1233,13
1234,5
1235,1
1236,44
1237,10
1238,23
1239,42
1240,2
1241,22
1242,7
1243,11
1244,27
1245,28
1246,13
1247,9
1248,8
1249,47
1250,49
1251,23
1252,6
1253,6
1254,48
1255,47
1256,22
1257,1
1258,20
1259,10
1260,29
1261,1
1262,24
1263,27
1264,18
1265,10
1266,43
1267,41
1268,31
1269,40
1270,47
1271,6
1272,22
1273,10
1274,13
1275,44
1276,4
1277,5
1278,30
1279,7
1280,13
1281,9
1282,22
1283,38
1284,40
1285,8
1286,33
1287,44
1288,3
1289,3
1290,26
1291,9
1292,31
1293,13
1294,14
1295,29
1296,7
1297,27
1298,1
1299,10
1300,47
1301,41
1302,2
1303,19
1304,47
1305,1
1306,29
1307,43
1308,18
1309,17
1310,5
1311,3
1312,22
1313,38
1314,28
1315,38
1316,16
1317,4
1318,1
1319,41
1320,40
1321,38
1322,27
1323,9
1324,24
1325,45
1326,7
1327,42
1328,16
1329,6
1330,18
1331,31
1332,46
1333,10
1334,26
1335,3
1336,19
1337,9
1338,16
1339,14
1340,44
1341,44
1342,18
1343,10
1344,26
1345,34
1346,22
1347,35
1348,10
1349,40
1350,29
1351,10
1352,17
1353,7
1354,42
1355,28
1356,5
1357,43
1358,13
1359,16
1360,11
1361,1
1362,21
1363,9
1364,37
1365,38
1366,45
1367,1
1368,18
1369,26
1370,47
1371,17
1372,34
1373,49
1374,7
1375,38
1376,2
1377,22
1378,11
1379,35
1380,1
1381,31
1382,29
1383,37
1384,40
1385,33
1386,23
1387,22
1388,1
1389,28
1390,13
1391,27
1392,18
1393,47
1394,43
1395,20
1396,30
1397,1
1398,30
1399,37
1400,4
1401,43
1402,13
1403,11
1404,14
1405,29
1406,40
1407,41
1408,13
1409,28
1410,35
1411,2
1412,27
1413,38
1414,7
1415,4
1416,2
1417,42
1418,34
1419,10
1420,9
1421,11
1422,13
1423,27
1424,4
1425,34
1426,7
1427,37
1428,24
1429,47
1430,42
1431,31
1432,5
1433,1
1434,18
1435,47
1436,18
1437,17
1438,38
1439,47
1440,10
1441,11
1442,2
1443,49
1444,6
1445,31
1446,8
1447,29
1448,10
1449,41
1450,10
1451,20
1452,31
1453,47
1454,29
1455,35
1456,13
1457,19
1458,22
1459,4
1460,47
1461,8
1462,2
1463,2
1464,29
1465,4
1466,13
1467,7
1468,10
1469,38
1470,5
1471,5
1472,17
1473,28
1474,18
1475,29
1476,42
1477,45
1478,10
1479,13
1480,29
1481,4
1482,22
1483,2
1484,16
1485,8
1486,43
1487,7
1488,37
1489,13
1490,30
1491,29
1492,18
1493,10
1494,7
1495,31
1496,16
1497,45
1498,22
1499,31
1500,18
1501,20
1502,40
1503,28
1504,6
1505,1
1506,2
1507,41
1508,42
1509,13
1510,38
1511,16
1512,29
1513,29
1514,44
1515,31
1516,22
1517,27
1518,11
1519,47
1520,45
1521,34
1522,46
1523,29
1524,9
1525,22
1526,33
1527,31
1528,19
1529,6
1530,22
1531,40
1532,34
1533,9
1534,44
1535,3
1536,22
1537,16
1538,47
1539,3
1540,16
1541,31
1542,16
1543,44
1544,14
1545,37
1546,34
1547,4
1548,5
1549,47
1550,18
1551,47
1552,29
1553,42
1554,17
1555,45
1556,13
1557,2
1558,13
1559,7
1560,5
1561,14
1562,6
1563,29
1564,29
1565,9
1566,44
1567,47
1568,29
1569,34
1570,16
1571,7
1572,38
1573,44
1574,10
1575,31
1576,27
1577,47
1578,21
1579,10
1580,45
1581,41
1582,18
1583,38
1584,23
1585,31
1586,34
1587,28
1588,13
1589,46
1590,16
1591,7
1592,27
1593,8
1594,16
1595,9
1596,9
1597,10
1598,29
1599,43
1600,45
1601,46
1602,43
1603,40
1604,4
1605,37
1606,16
1607,37
1608,22
1609,27
1610,10
1611,43
1612,22
1613,23
1614,31
1615,31
1616,7
1617,47
1618,45
1619,13
1620,42
1621,7
1622,41
1623,31
1624,9
1625,9
1626,9
1627,9
1628,20
1629,47
1630,8
1631,4
1632,24
1633,18
1634,20
1635,37
1636,4
1637,34
1638,29
1639,44
1640,3
1641,1
1642,31
1643,3
1644,47
1645,9
1646,21
1647,40
1648,22
1649,31
1650,3
1651,23
1652,7
1653,27
1654,9
1655,23
1656,47
1657,21
1658,38
1659,6
1660,1
1661,9
1662,7
1663,46
1664,45
1665,18
1666,13
1667,3
1668,13
1669,3
1670,46
1671,7
1672,34
1673,29
1674,34
1675,7
1676,34
1677,2
1678,42
1679,17
1680,40
1681,43
1682,27
1683,27
1684,23
1685,40
1686,3
1687,41
1688,46
1689,44
1690,31
1691,29
1692,34
1693,28
1694,4
1695,10
1696,1
1697,4
1698,41
1699,10
1700,29
1701,10
1702,13
1703,10
1704,6
1705,28
1706,40
1707,18
1708,44
1709,21
1710,7
1711,47
1712,41
1713,8
1714,7
1715,9
1716,2
1717,18
1718,47
1719,27
1720,9
1721,31
1722,13
1723,1
1724,46
1725,47
1726,38
1727,34
1728,7
1729,42
1730,4
1731,46
1732,1
1733,13
1734,34
1735,5
1736,10
1737,40
1738,7
1739,21
1740,47
1741,40
1742,43
1743,34
1744,28
1745,29
1746,18
1747,5
1748,47
1749,9
1750,5
1751,20
1752,22
1753,20
1754,22
1755,16
1756,13
1757,44
1758,13
1759,16
1760,9
1761,16
1762,31
1763,2
1764,21
1765,1
1766,7
1767,38
1768,47
1769,1
1770,29
1771,7
1772,7
1773,5
1774,2
1775,29
1776,23
1777,7
1778,27
1779,10
1780,17
1781,34
1782,18
1783,20
1784,46
1785,13
1786,10
1787,7
1788,9
1789,28
1790,10
1791,22
1792,4
1793,4
1794,9
1795,46
1796,2
1797,29
1798,4
1799,1
1800,1
1801,5
1802,41
1803,18
1804,2
1805,47
1806,2
1807,1
1808,21
1809,27
1810,28
1811,31
1812,10
1813,31
1814,4
1815,5
1816,46
1817,34
1818,1
1819,8
1820,37
1821,37
1822,38
1823,22
1824,27
1825,23
1826,37
1827,16
1828,34
1829,10
1830,5
1831,13
1832,18
1833,7
1834,47
1835,2
1836,16
1837,46
1838,29
1839,21
1840,18
1841,4
1842,10
1843,10
1844,7
1845,22
1846,22
1847,9
1848,34
1849,29
1850,37
1851,4
1852,34
1853,21
1854,7
1855,1
1856,4
1857,47
1858,16
1859,37
1860,29
1861,9
1862,47
1863,29
1864,28
1865,34
1866,43
1867,41
1868,43
1869,18
1870,18
1871,2
1872,31
1873,21
1874,13
1875,34
1876,28
1877,10
1878,4
1879,10
1880,41
1881,34
1882,10
1883,10
1884,18
1885,18
1886,28
1887,10
1888,22
1889,47
1890,18
1891,7
1892,43
1893,47
1894,10
1895,10
1896,47
1897,2
1898,47
1899,46
1900,1
1901,41
1902,47
1903,47
1904,38
1905,29
1906,7
1907,10
1908,27
1909,10
1910,31
1911,34
1912,27
1913,10
1914,46
1915,2
1916,10
1917,47
1918,21
1919,31
1920,16
1921,41
1922,21
1923,47
1924,2
1925,27
1926,13
1927,29
1928,44
1929,10
1930,7
1931,1
1932,1
1933,1
1934,7
1935,22
1936,29
1937,2
1938,28
1939,13
1940,27
1941,16
1942,13
1943,1
1944,16
1945,47
1946,18
1947,13
1948,41
1949,29
1950,29
1951,9
1952,9
1953,7
1954,9
1955,31
1956,21
1957,10
1958,2
1959,2
1960,22
1961,10
1962,38
1963,44
1964,21
1965,18
1966,31
1967,22
1968,2
1969,16
1970,18
1971,13
1972,7
1973,31
1974,34
1975,29
1976,16
1977,27
1978,38
1979,9
1980,18
1981,2
1982,34
1983,9
1984,29
1985,4
1986,16
1987,47
1988,29
1989,18
1990,1
1991,29
1992,34
1993,16
1994,2
1995,18
1996,44
1997,18
1998,18
1999,9
2000,7
