1,20
2,56
3,42
4,66
5,26
6,41
7,7
8,32
9,32
10,23
11,25
12,57
13,33
14,22
15,3
16,45
17,45
18,46
19,21
20,47
21,5
22,27
23,2
24,44
25,12
26,76
27,23
28,31
29,47
30,73
31,48
32,2
33,74
34,5
35,44
36,58
37,64
38,4
39,59
40,20
41,2
42,61
43,12
44,26
45,23
46,68
47,51
48,10
49,28
50,36
51,71
52,37
53,61
54,26
55,45
56,34
57,22
58,61
59,18
60,60
61,2
62,41
63,39
64,52
65,9
66,71
67,9
68,74
69,78
70,14
71,13
72,64
73,55
74,7
75,49
76,61
77,10
78,53
79,67
80,31
81,58
82,32
83,27
84,61
85,22
86,7
87,68
88,34
89,6
90,15
91,28
92,24
93,71
94,74
95,1
96,45
97,57
98,60
99,44
100,10
101,71
102,12
103,23
104,32
105,47
106,10
107,59
108,79
109,67
110,71
111,25
112,45
113,63
114,63
115,42
116,51
117,5
118,79
119,27
120,44
121,50
122,11
123,66
124,34
125,65
126,15
127,17
128,72
129,2
130,7
131,24
132,50
133,17
134,35
135,74
136,53
137,12
138,64
139,17
140,28
141,67
142,25
143,69
144,75
145,71
146,48
147,76
148,44
149,47
150,71
151,68
152,7
153,70
154,26
155,55
156,61
157,58
158,33
159,39
160,13
161,40
162,77
163,48
164,22
165,7
166,23
167,63
168,39
169,44
170,34
171,48
172,63
173,20
174,2
175,33
176,18
177,8
178,34
179,63
180,42
181,60
182,33
183,52
184,25
185,12
186,11
187,44
188,65
189,24
190,25
191,34
192,24
193,33
194,65
195,67
196,65
197,70
198,66
199,7
200,54
201,47
202,44
203,65
204,25
205,16
206,40
207,68
208,33
209,16
210,55
211,60
212,28
213,53
214,2
215,21
216,78
217,22
218,15
219,22
220,20
221,36
222,16
223,33
224,14
225,25
226,52
227,25
228,77
229,25
230,47
231,60
232,17
233,53
234,50
235,61
236,12
237,51
238,65
239,2
240,60
241,20
242,37
243,24
244,35
245,20
246,61
247,48
248,19
249,14
250,10
251,34
252,10
253,52
254,66
255,37
256,77
257,34
258,72
259,28
260,43
261,65
262,20
263,70
264,65
265,52
266,14
267,28
268,20
269,48
270,44
271,64
272,33
273,12
274,4
275,23
276,21
277,63
278,7
279,60
280,40
281,26
282,12
283,63
284,62
285,76
286,63
287,68
288,29
289,7
290,45
291,66
292,58
293,68
294,77
295,13
296,78
297,22
298,27
299,53
300,73
301,35
302,3
303,25
304,30
305,72
306,29
307,49
308,32
309,60
310,56
311,76
312,73
313,15
314,45
315,66
316,20
317,43
318,2
319,40
320,30
321,65
322,71
323,21
324,30
325,10
326,79
327,71
328,12
329,66
330,67
331,19
332,60
333,78
334,65
335,50
336,59
337,70
338,33
339,29
340,66
341,64
342,33
343,40
344,13
345,47
346,54
347,16
348,44
349,76
350,59
351,44
352,20
353,21
354,49
355,11
356,79
357,14
358,52
359,76
360,55
361,35
362,74
363,2
364,30
365,12
366,16
367,67
368,77
369,68
370,24
371,7
372,15
373,28
374,23
375,26
376,29
377,25
378,76
379,28
380,27
381,69
382,14
383,28
384,45
385,50
386,21
387,65
388,27
389,25
390,29
391,65
392,2
393,4
394,12
395,4
396,61
397,28
398,79
399,1
400,20
401,40
402,25
403,25
404,67
405,43
406,34
407,26
408,76
409,20
410,12
411,12
412,20
413,52
414,17
415,39
416,65
417,48
418,76
419,14
420,68
421,2
422,24
423,31
424,57
425,2
426,51
427,69
428,23
429,68
430,63
431,47
432,64
433,61
434,39
435,16
436,45
437,12
438,42
439,7
440,74
441,14
442,37
443,50
444,16
445,46
446,13
447,11
448,43
449,18
450,42
451,75
452,44
453,40
454,24
455,26
456,46
457,52
458,66
459,22
460,49
461,77
462,15
463,31
464,20
465,56
466,2
467,68
468,28
469,15
470,40
471,7
472,28
473,67
474,79
475,21
476,71
477,20
478,69
479,73
480,65
481,65
482,34
483,73
484,16
485,66
486,62
487,74
488,16
489,55
490,78
491,11
492,76
493,73
494,10
495,34
496,10
497,60
498,20
499,54
500,63
501,26
502,66
503,33
504,29
505,73
506,2
507,58
508,2
509,58
510,56
511,25
512,79
513,24
514,76
515,71
516,58
517,20
518,31
519,46
520,66
521,16
522,44
523,16
524,72
525,10
526,5
527,20
528,17
529,30
530,79
531,37
532,22
533,11
534,25
535,27
536,15
537,59
538,24
539,31
540,78
541,25
542,70
543,68
544,45
545,12
546,44
547,61
548,60
549,5
550,71
551,41
552,21
553,6
554,44
555,16
556,29
557,33
558,30
559,59
560,18
561,16
562,9
563,65
564,4
565,69
566,61
567,62
568,46
569,13
570,16
571,21
572,29
573,77
574,54
575,7
576,46
577,61
578,40
579,23
580,74
581,64
582,24
583,21
584,37
585,49
586,66
587,41
588,76
589,23
590,11
591,44
592,73
593,33
594,53
595,64
596,59
597,10
598,3
599,40
600,27
601,29
602,68
603,16
604,22
605,2
606,35
607,23
608,42
609,55
610,74
611,12
612,68
613,23
614,62
615,10
616,71
617,21
618,56
619,33
620,47
621,28
622,72
623,78
624,67
625,52
626,10
627,67
628,34
629,60
630,24
631,24
632,14
633,35
634,60
635,40
636,70
637,37
638,14
639,17
640,16
641,73
642,42
643,24
644,27
645,61
646,63
647,22
648,66
649,54
650,53
651,43
652,67
653,38
654,40
655,10
656,42
657,23
658,67
659,37
660,73
661,9
662,17
663,17
664,62
665,20
666,13
667,24
668,7
669,38
670,7
671,37
672,68
673,29
674,76
675,53
676,9
677,76
678,2
679,40
680,78
681,71
682,67
683,35
684,71
685,71
686,33
687,3
688,26
689,49
690,66
691,25
692,69
693,47
694,2
695,55
696,4
697,73
698,6
699,10
700,38
701,3
702,76
703,73
704,35
705,2
706,40
707,70
708,29
709,75
710,61
711,60
712,60
713,52
714,59
715,47
716,68
717,25
718,27
719,76
720,35
721,30
722,41
723,75
724,59
725,25
726,65
727,10
728,3
729,47
730,68
731,68
732,69
733,24
734,15
735,12
736,7
737,23
738,78
739,20
740,40
741,69
742,17
743,40
744,13
745,71
746,41
747,47
748,75
749,12
750,11
751,46
752,33
753,46
754,31
755,42
756,10
757,16
758,50
759,69
760,17
761,35
762,60
763,3
764,26
765,16
766,10
767,38
768,25
769,41
770,41
771,37
772,38
773,50
774,49
775,67
776,66
777,47
778,60
779,40
780,1
781,46
782,74
783,74
784,7
785,12
786,65
787,27
788,35
789,7
790,29
791,69
792,47
793,21
794,69
795,48
796,2
797,34
798,46
799,40
800,58
801,26
802,60
803,68
804,66
805,77
806,35
807,47
808,61
809,40
810,10
811,19
812,25
813,20
814,59
815,38
816,69
817,29
818,66
819,41
820,9
821,20
822,7
823,54
824,74
825,10
826,31
827,60
828,10
829,76
830,35
831,68
832,67
833,1
834,40
835,48
836,63
837,60
838,65
839,7
840,38
841,26
842,17
843,2
844,32
845,44
846,61
847,44
848,20
849,35
850,57
851,21
852,79
853,20
854,76
855,65
856,25
857,14
858,46
859,66
860,76
861,78
862,52
863,4
864,33
865,71
866,57
867,37
868,52
869,45
870,53
871,59
872,21
873,46
874,53
875,40
876,46
877,77
878,63
879,44
880,1
881,78
882,21
883,72
884,47
885,25
886,5
887,40
888,28
889,61
890,63
891,67
892,61
893,21
894,38
895,71
896,23
897,10
898,73
899,25
900,63
901,40
902,43
903,20
904,65
905,51
906,26
907,79
908,23
909,19
910,60
911,52
912,56
913,10
914,36
915,12
916,59
917,75
918,27
919,68
920,45
921,8
922,60
923,24
924,46
925,71
926,19
927,34
928,46
929,13
930,21
931,78
932,63
933,53
934,18
935,33
936,38
937,79
938,36
939,51
940,60
941,22
942,34
943,26
944,2
945,30
946,53
947,20
948,38
949,79
950,62
951,73
952,21
953,65
954,3
955,26
956,32
957,72
958,5
959,13
960,63
961,54
962,24
963,71
964,18
965,10
966,77
967,10
968,65
969,74
970,76
971,8
972,26
973,78
974,18
975,65
976,31
977,21
978,27
979,25
980,66
981,45
982,62
983,42
984,37
985,78
986,60
987,61
988,66
989,44
990,45
991,65
992,45
993,29
994,1
995,47
996,34
997,24
998,57
999,74
1000,61
1001,25
1002,17
1003,18
1004,52
1005,25
1006,42
1007,15
1008,10
1009,32
1010,46
1011,37
1012,17
1013,40
1014,79
1015,27
1016,61
1017,58
1018,11
1019,70
1020,20
1021,47
1022,40
1023,60
1024,74
1025,3
1026,14
1027,65
1028,29
1029,11
1030,16
1031,40
1032,43
1033,19
1034,55
1035,52
1036,21
1037,35
1038,44
1039,63
1040,10
1041,9
1042,2
1043,62
1044,42
1045,71
1046,17
1047,6
1048,48
1049,2
1050,53
1051,2
1052,72
1053,52
1054,27
1055,71
1056,1
1057,17
1058,21
1059,20
1060,31
1061,75
1062,28
1063,71
1064,20
1065,58
1066,78
1067,56
1068,7
1069,67
1070,13
1071,31
1072,21
1073,4
1074,36
1075,1
1076,47
1077,40
1078,40
1079,26
1080,77
1081,26
1082,26
1083,45
1084,68
1085,74
1086,78
1087,76
1088,38
1089,38
1090,22
1091,40
1092,11
1093,14
1094,76
1095,44
1096,63
1097,35
1098,27
1099,59
1100,47
1101,63
1102,40
1103,54
1104,38
1105,33
1106,52
1107,16
1108,39
1109,44
1110,64
1111,25
1112,15
1113,39
1114,67
1115,55
1116,22
1117,71
1118,7
1119,72
1120,56
1121,2
1122,65
1123,44
1124,68
1125,15
1126,8
1127,68
1128,75
1129,28
1130,68
1131,52
1132,66
1133,59
1134,54
1135,42
1136,61
1137,33
1138,47
1139,71
1140,51
1141,67
1142,19
1143,73
1144,66
1145,60
1146,47
1147,26
1148,56
1149,17
1150,34
1151,51
1152,19
1153,45
1154,24
1155,61
1156,44
1157,3
1158,17
1159,56
1160,46
1161,65
1162,78
1163,32
1164,20
1165,29
1166,38
1167,67
1168,34
1169,25
1170,29
1171,37
1172,35
1173,6
1174,57
1175,69
1176,27
1177,7
1178,76
1179,2
1180,44
1181,42
1182,23
1183,28
1184,67
1185,15
1186,67
1187,40
1188,24
1189,12
1190,75
1191,33
1192,79
1193,36
1194,8
1195,70
1196,55
1197,10
1198,61
1199,1
1200,73
1201,27
1202,33
1203,35
1204,1
1205,67
1206,33
1207,65
1208,78
1209,44
1210,10
1211,14
1212,25
1213,62
1214,70
1215,35
1216,10
1217,16
1218,61
1219,65
1220,46
1221,42
1222,66
1223,58
1224,11
1225,49
1226,59
1227,28
1228,61
1229,26
1230,40
1231,76
1232,26
1233,5
1234,37
1235,76
1236,22
1237,59
1238,44
1239,41
1240,9
1241,72
1242,56
1243,45
1244,59
1245,46
1246,71
1247,42
1248,74
1249,2
1250,15
1251,3
1252,16
1253,60
1254,10
1255,20
1256,44
1257,30
1258,16
1259,77
1260,46
1261,54
1262,17
1263,17
1264,25
1265,6
1266,33
1267,78
1268,78
1269,44
1270,67
1271,42
1272,21
1273,34
1274,7
1275,44
1276,34
1277,56
1278,19
1279,78
1280,32
1281,35
1282,18
1283,62
1284,41
1285,5
1286,16
1287,41
1288,26
1289,36
1290,25
1291,21
1292,16
1293,60
1294,25
1295,12
1296,79
1297,43
1298,10
1299,15
1300,65
1301,73
1302,2
1303,71
1304,31
1305,9
1306,24
1307,28
1308,29
1309,30
1310,67
1311,17
1312,78
1313,78
1314,39
1315,47
1316,75
1317,5
1318,28
1319,17
1320,68
1321,7
1322,12
1323,76
1324,75
1325,1
1326,65
1327,52
1328,31
1329,55
1330,42
1331,37
1332,75
1333,75
1334,64
1335,5
1336,7
1337,10
1338,12
1339,8
1340,63
1341,58
1342,63
1343,79
1344,62
1345,6
1346,2
1347,76
1348,33
1349,25
1350,70
1351,7
1352,35
1353,28
1354,60
1355,58
1356,18
1357,71
1358,33
1359,40
1360,68
1361,9
1362,46
1363,58
1364,60
1365,76
1366,76
1367,43
1368,57
1369,2
1370,16
1371,71
1372,46
1373,73
1374,6
1375,12
1376,43
1377,36
1378,79
1379,25
1380,44
1381,8
1382,17
1383,18
1384,49
1385,63
1386,59
1387,44
1388,15
1389,78
1390,67
1391,20
1392,25
1393,52
1394,44
1395,63
1396,15
1397,32
1398,2
1399,63
1400,76
1401,28
1402,22
1403,37
1404,60
1405,79
1406,43
1407,9
1408,25
1409,47
1410,66
1411,63
1412,40
1413,20
1414,39
1415,59
1416,47
1417,76
1418,63
1419,17
1420,60
1421,50
1422,20
1423,43
1424,72
1425,69
1426,42
1427,60
1428,5
1429,46
1430,7
1431,26
1432,24
1433,4
1434,43
1435,39
1436,3
1437,38
1438,25
1439,20
1440,71
1441,20
1442,27
1443,37
1444,7
1445,63
1446,72
1447,45
1448,58
1449,47
1450,20
1451,37
1452,25
1453,49
1454,45
1455,28
1456,62
1457,28
1458,41
1459,44
1460,68
1461,67
1462,77
1463,44
1464,19
1465,68
1466,67
1467,68
1468,61
1469,66
1470,36
1471,52
1472,66
1473,31
1474,9
1475,79
1476,61
1477,57
1478,34
1479,69
1480,62
1481,37
1482,67
1483,42
1484,14
1485,40
1486,20
1487,59
1488,36
1489,61
1490,65
1491,38
1492,20
1493,49
1494,32
1495,40
1496,50
1497,21
1498,67
1499,17
1500,12
1501,7
1502,52
1503,16
1504,12
1505,42
1506,50
1507,27
1508,74
1509,25
1510,12
1511,32
1512,31
1513,44
1514,61
1515,60
1516,65
1517,67
1518,66
1519,79
1520,20
1521,35
1522,31
1523,66
1524,37
1525,40
1526,2
1527,21
1528,71
1529,18
1530,47
1531,41
1532,65
1533,6
1534,63
1535,42
1536,65
1537,7
1538,78
1539,26
1540,60
1541,27
1542,24
1543,65
1544,27
1545,68
1546,14
1547,27
1548,35
1549,12
1550,35
1551,68
1552,2
1553,11
1554,6
1555,33
1556,6
1557,66
1558,21
1559,37
1560,66
1561,28
1562,17
1563,20
1564,29
1565,17
1566,19
1567,14
1568,7
1569,52
1570,22
1571,6
1572,28
1573,39
1574,28
1575,26
1576,26
1577,74
1578,40
1579,35
1580,19
1581,67
1582,36
1583,24
1584,65
1585,6
1586,50
1587,8
1588,44
1589,16
1590,47
1591,43
1592,67
1593,15
1594,53
1595,19
1596,8
1597,15
1598,14
1599,16
1600,21
1601,21
1602,12
1603,10
1604,20
1605,34
1606,10
1607,26
1608,68
1609,23
1610,20
1611,2
1612,66
1613,67
1614,11
1615,20
1616,65
1617,76
1618,66
1619,63
1620,35
1621,17
1622,26
1623,20
1624,27
1625,76
1626,30
1627,36
1628,3
1629,39
1630,26
1631,11
1632,57
1633,20
1634,34
1635,45
1636,40
1637,61
1638,63
1639,27
1640,20
1641,4
1642,46
1643,44
1644,23
1645,10
1646,66
1647,51
1648,58
1649,63
1650,52
1651,10
1652,69
1653,79
1654,60
1655,53
1656,47
1657,42
1658,33
1659,34
1660,66
1661,65
1662,25
1663,31
1664,5
1665,60
1666,3
1667,51
1668,53
1669,71
1670,60
1671,16
1672,49
1673,37
1674,58
1675,28
1676,26
1677,76
1678,47
1679,28
1680,20
1681,74
1682,57
1683,68
1684,60
1685,66
1686,31
1687,20
1688,25
1689,52
1690,24
1691,22
1692,12
1693,4
1694,24
1695,47
1696,10
1697,53
1698,44
1699,33
1700,43
1701,25
1702,7
1703,66
1704,30
1705,22
1706,36
1707,25
1708,7
1709,78
1710,33
1711,63
1712,20
1713,60
1714,76
1715,60
1716,76
1717,10
1718,68
1719,25
1720,46
1721,30
1722,46
1723,27
1724,2
1725,60
1726,28
1727,24
1728,40
1729,44
1730,75
1731,10
1732,4
1733,78
1734,32
1735,35
1736,2
1737,16
1738,75
1739,62
1740,28
1741,44
1742,14
1743,26
1744,60
1745,17
1746,44
1747,66
1748,43
1749,76
1750,24
1751,35
1752,65
1753,67
1754,52
1755,68
1756,22
1757,24
1758,10
1759,12
1760,71
1761,62
1762,24
1763,20
1764,78
1765,76
1766,8
1767,7
1768,20
1769,37
1770,10
1771,34
1772,22
1773,50
1774,78
1775,30
1776,17
1777,4
1778,23
1779,40
1780,49
1781,40
1782,38
1783,60
1784,52
1785,49
1786,32
1787,67
1788,19
1789,14
1790,42
1791,45
1792,31
1793,44
1794,52
1795,78
1796,24
1797,60
1798,47
1799,25
1800,27
1801,66
1802,76
1803,71
1804,7
1805,10
1806,29
1807,16
1808,44
1809,66
1810,7
1811,68
1812,20
1813,8
1814,46
1815,12
1816,58
1817,22
1818,65
1819,61
1820,10
1821,35
1822,20
1823,8
1824,44
1825,29
1826,2
1827,40
1828,4
1829,66
1830,67
1831,28
1832,16
1833,20
1834,7
1835,65
1836,21
1837,68
1838,45
1839,45
1840,12
1841,23
1842,25
1843,62
1844,47
1845,17
1846,40
1847,20
1848,7
1849,76
1850,28
1851,57
1852,42
1853,79
1854,46
1855,66
1856,44
1857,51
1858,37
1859,10
1860,42
1861,63
1862,73
1863,28
1864,46
1865,74
1866,51
1867,20
1868,20
1869,25
1870,4
1871,73
1872,31
1873,16
1874,46
1875,62
1876,12
1877,46
1878,35
1879,63
1880,14
1881,76
1882,35
1883,76
1884,38
1885,68
1886,8
1887,34
1888,43
1889,43
1890,27
1891,43
1892,14
1893,71
1894,17
1895,35
1896,31
1897,21
1898,35
1899,34
1900,3
1901,12
1902,16
1903,15
1904,76
1905,20
1906,39
1907,47
1908,60
1909,28
1910,45
1911,71
1912,37
1913,12
1914,68
1915,31
1916,31
1917,8
1918,31
1919,44
1920,52
1921,78
1922,31
1923,40
1924,58
1925,23
1926,43
1927,24
1928,8
1929,47
1930,57
1931,40
1932,76
1933,78
1934,33
1935,49
1936,63
1937,14
1938,5
1939,68
1940,33
1941,52
1942,21
1943,21
1944,76
1945,23
1946,50
1947,19
1948,71
1949,40
1950,29
1951,21
1952,29
1953,17
1954,58
1955,35
1956,76
1957,57
1958,49
1959,60
1960,21
1961,37
1962,26
1963,37
1964,24
1965,66
1966,71
1967,68
1968,65
1969,45
1970,14
1971,40
1972,25
1973,57
1974,77
1975,17
1976,10
1977,71
1978,39
1979,50
1980,24
1981,8
1982,37
1983,61
1984,8
1985,76
1986,60
1987,76
1988,44
1989,27
1990,42
1991,28
1992,60
1993,45
1994,26
1995,20
1996,16
1997,73
1998,51
1999,49
2000,10
2001,21
2002,52
2003,22
2004,51
2005,5
2006,75
2007,59
2008,21
2009,33
2010,52
2011,26
2012,35
2013,43
2014,26
2015,10
2016,35
2017,19
2018,27
2019,46
2020,47
2021,26
2022,68
2023,26
2024,12
2025,23
2026,31
2027,59
2028,43
2029,10
2030,69
2031,31
2032,68
2033,71
2034,45
2035,33
2036,20
2037,17
2038,20
2039,10
2040,44
2041,39
2042,27
2043,44
2044,66
2045,36
2046,5
2047,24
2048,39
2049,42
2050,24
2051,28
2052,52
2053,35
2054,15
2055,28
2056,15
2057,76
2058,76
2059,25
2060,44
2061,15
2062,24
2063,45
2064,7
2065,65
2066,53
2067,68
2068,40
2069,42
2070,65
2071,26
2072,7
2073,61
2074,28
2075,42
2076,44
2077,26
2078,51
2079,24
2080,20
2081,7
2082,34
2083,51
2084,43
2085,21
2086,76
2087,42
2088,25
2089,68
2090,78
2091,67
2092,47
2093,2
2094,77
2095,59
2096,44
2097,50
2098,45
2099,34
2100,27
2101,60
2102,68
2103,66
2104,45
2105,21
2106,25
2107,78
2108,14
2109,75
2110,49
2111,28
2112,29
2113,37
2114,20
2115,10
2116,47
2117,24
2118,76
2119,68
2120,77
2121,65
2122,50
2123,2
2124,2
2125,10
2126,61
2127,36
2128,38
2129,74
2130,46
2131,29
2132,31
2133,78
2134,42
2135,65
2136,61
2137,77
2138,21
2139,52
2140,20
2141,65
2142,16
2143,63
2144,67
2145,2
2146,42
2147,35
2148,14
2149,36
2150,45
2151,74
2152,47
2153,25
2154,46
2155,43
2156,20
2157,46
2158,27
2159,63
2160,33
2161,58
2162,24
2163,28
2164,75
2165,44
2166,79
2167,60
2168,25
2169,47
2170,60
2171,28
2172,60
2173,47
2174,28
2175,28
2176,45
2177,8
2178,26
2179,71
2180,42
2181,26
2182,24
2183,22
2184,28
2185,47
2186,52
2187,71
2188,29
2189,26
2190,24
2191,71
2192,22
2193,35
2194,35
2195,51
2196,26
2197,74
2198,35
2199,8
2200,27
2201,28
2202,40
2203,25
2204,35
2205,42
2206,44
2207,69
2208,40
2209,33
2210,26
2211,21
2212,22
2213,69
2214,29
2215,2
2216,53
2217,65
2218,28
2219,79
2220,66
2221,33
2222,47
2223,20
2224,79
2225,77
2226,28
2227,7
2228,53
2229,16
2230,68
2231,60
2232,60
2233,45
2234,25
2235,7
2236,67
2237,67
2238,34
2239,8
2240,28
2241,69
2242,7
2243,10
2244,10
2245,46
2246,26
2247,29
2248,60
2249,26
2250,69
2251,76
2252,23
2253,26
2254,28
2255,12
2256,21
2257,35
2258,42
2259,78
2260,7
2261,26
2262,63
2263,69
2264,22
2265,67
2266,42
2267,20
2268,25
2269,45
2270,8
2271,34
2272,65
2273,60
2274,35
2275,51
2276,34
2277,12
2278,29
2279,36
2280,65
2281,20
2282,27
2283,34
2284,25
2285,42
2286,37
2287,40
2288,7
2289,67
2290,47
2291,63
2292,16
2293,47
2294,33
2295,47
2296,25
2297,65
2298,31
2299,77
2300,42
2301,17
2302,26
2303,68
2304,29
2305,49
2306,37
2307,52
2308,60
2309,31
2310,45
2311,16
2312,68
2313,67
2314,60
2315,10
2316,15
2317,45
2318,43
2319,7
2320,71
2321,33
2322,65
2323,71
2324,78
2325,2
2326,28
2327,66
2328,24
2329,15
2330,45
2331,79
2332,10
2333,37
2334,10
2335,68
2336,61
2337,15
2338,24
2339,28
2340,40
2341,22
2342,61
2343,36
2344,17
2345,2
2346,28
2347,67
2348,46
2349,10
2350,63
2351,17
2352,66
2353,65
2354,33
2355,14
2356,76
2357,17
2358,26
2359,43
2360,44
2361,15
2362,47
2363,78
2364,36
2365,44
2366,47
2367,31
2368,63
2369,73
2370,66
2371,33
2372,44
2373,65
2374,40
2375,24
2376,7
2377,63
2378,29
2379,40
2380,71
2381,44
2382,40
2383,66
2384,34
2385,7
2386,76
2387,52
2388,45
2389,28
2390,21
2391,14
2392,15
2393,47
2394,44
2395,33
2396,33
2397,40
2398,24
2399,35
2400,65
2401,60
2402,61
2403,52
2404,33
2405,21
2406,28
2407,77
2408,20
2409,77
2410,14
2411,79
2412,45
2413,40
2414,65
2415,10
2416,44
2417,24
2418,24
2419,2
2420,46
2421,20
2422,44
2423,34
2424,76
2425,7
2426,2
2427,60
2428,71
2429,26
2430,65
2431,52
2432,7
2433,65
2434,37
2435,45
2436,25
2437,12
2438,76
2439,10
2440,25
2441,66
2442,44
2443,71
2444,22
2445,17
2446,66
2447,74
2448,44
2449,12
2450,59
2451,67
2452,45
2453,34
2454,67
2455,52
2456,12
2457,24
2458,28
2459,24
2460,36
2461,40
2462,68
2463,46
2464,60
2465,7
2466,33
2467,14
2468,20
2469,21
2470,23
2471,46
2472,12
2473,79
2474,35
2475,76
2476,44
2477,61
2478,25
2479,68
2480,14
2481,45
2482,23
2483,28
2484,68
2485,25
2486,12
2487,61
2488,65
2489,52
2490,36
2491,63
2492,43
2493,34
2494,20
2495,26
2496,45
2497,21
2498,7
2499,65
2500,27
2501,66
2502,61
2503,35
2504,43
2505,68
2506,78
2507,67
2508,40
2509,47
2510,24
2511,61
2512,21
2513,63
2514,36
2515,42
2516,31
2517,52
2518,74
2519,12
2520,28
2521,76
2522,34
2523,43
2524,36
2525,14
2526,34
2527,22
2528,71
2529,20
2530,20
2531,65
2532,71
2533,29
2534,15
2535,46
2536,78
2537,2
2538,74
2539,76
2540,61
2541,71
2542,47
2543,36
2544,16
2545,12
2546,45
2547,22
2548,26
2549,21
2550,67
2551,33
2552,29
2553,21
2554,10
2555,21
2556,46
2557,17
2558,28
2559,47
2560,60
2561,60
2562,17
2563,27
2564,76
2565,68
2566,35
2567,2
2568,17
2569,45
2570,71
2571,2
2572,59
2573,2
2574,43
2575,35
2576,2
2577,35
2578,46
2579,44
2580,17
2581,60
2582,44
2583,10
2584,34
2585,17
2586,63
2587,21
2588,71
2589,46
2590,34
2591,40
2592,66
2593,40
2594,16
2595,23
2596,33
2597,12
2598,45
2599,21
2600,34
2601,43
2602,60
2603,42
2604,71
2605,46
2606,46
2607,63
2608,60
2609,34
2610,68
2611,25
2612,44
2613,68
2614,15
2615,33
2616,29
2617,29
2618,21
2619,66
2620,28
2621,28
2622,42
2623,37
2624,65
2625,27
2626,43
2627,16
2628,35
2629,42
2630,16
2631,43
2632,20
2633,68
2634,16
2635,60
2636,42
2637,7
2638,20
2639,33
2640,23
2641,61
2642,78
2643,25
2644,71
2645,65
2646,47
2647,25
2648,78
2649,79
2650,27
2651,40
2652,24
2653,20
2654,10
2655,7
2656,79
2657,42
2658,76
2659,65
2660,7
2661,10
2662,12
2663,43
2664,40
2665,7
2666,61
2667,40
2668,68
2669,26
2670,79
2671,26
2672,71
2673,35
2674,20
2675,20
2676,34
2677,71
2678,12
2679,61
2680,60
2681,46
2682,65
2683,23
2684,7
2685,68
2686,35
2687,12
2688,40
2689,27
2690,66
2691,43
2692,68
2693,31
2694,47
2695,66
2696,25
2697,35
2698,20
2699,68
2700,65
2701,76
2702,61
2703,31
2704,12
2705,10
2706,37
2707,43
2708,25
2709,17
2710,45
2711,60
2712,63
2713,34
2714,24
2715,12
2716,40
2717,14
2718,23
2719,31
2720,7
2721,40
2722,44
2723,61
2724,76
2725,33
2726,2
2727,71
2728,67
2729,52
2730,7
2731,63
2732,22
2733,21
2734,52
2735,17
2736,16
2737,10
2738,78
2739,67
2740,65
2741,46
2742,27
2743,66
2744,68
2745,20
2746,78
2747,14
2748,79
2749,25
2750,52
2751,37
2752,15
2753,63
2754,12
2755,20
2756,26
2757,21
2758,68
2759,28
2760,25
2761,52
2762,28
2763,33
2764,61
2765,27
2766,44
2767,27
2768,31
2769,10
2770,35
2771,43
2772,7
2773,46
2774,60
2775,21
2776,40
2777,68
2778,65
2779,61
2780,12
2781,25
2782,46
2783,7
2784,71
2785,25
2786,27
2787,27
2788,71
2789,12
2790,78
2791,7
2792,66
2793,33
2794,10
2795,24
2796,33
2797,63
2798,40
2799,10
2800,44
2801,67
2802,60
2803,12
2804,61
2805,61
2806,45
2807,26
2808,12
2809,44
2810,46
2811,2
2812,66
2813,2
2814,40
2815,35
2816,61
2817,76
2818,27
2819,26
2820,14
2821,44
2822,68
2823,44
2824,76
2825,10
2826,26
2827,26
2828,42
2829,45
2830,67
2831,10
2832,40
2833,33
2834,44
2835,16
2836,46
2837,16
2838,7
2839,63
2840,2
2841,67
2842,20
2843,2
2844,67
2845,47
2846,7
2847,66
2848,66
2849,61
2850,20
2851,34
2852,65
2853,34
2854,31
2855,40
2856,31
2857,63
2858,24
2859,28
2860,12
2861,71
2862,20
2863,24
2864,28
2865,16
2866,12
2867,66
2868,20
2869,10
2870,31
2871,17
2872,24
2873,45
2874,45
2875,52
2876,17
2877,17
2878,44
2879,52
2880,35
2881,44
2882,20
2883,31
2884,25
2885,28
2886,66
2887,52
2888,31
2889,35
2890,28
2891,46
2892,68
2893,44
2894,65
2895,45
2896,71
2897,24
2898,16
2899,31
2900,35
2901,52
2902,24
2903,45
2904,28
2905,60
2906,2
2907,78
2908,25
2909,76
2910,65
2911,24
2912,21
2913,2
2914,12
2915,28
2916,44
2917,60
2918,60
2919,33
2920,16
2921,65
2922,68
2923,78
2924,47
2925,68
2926,76
2927,24
2928,10
2929,34
2930,76
2931,78
2932,44
2933,27
2934,71
2935,2
2936,31
2937,7
2938,65
2939,2
2940,2
2941,65
2942,7
2943,31
2944,7
2945,66
2946,28
2947,33
2948,2
2949,12
2950,27
2951,40
2952,25
2953,66
2954,76
2955,52
2956,12
2957,63
2958,34
2959,63
2960,76
2961,24
2962,65
2963,34
2964,31
2965,20
2966,10
2967,52
2968,47
2969,26
2970,33
2971,35
2972,7
2973,46
2974,2
2975,65
2976,20
2977,35
2978,34
2979,66
2980,20
2981,40
2982,27
2983,47
2984,21
2985,10
2986,78
2987,68
2988,46
2989,46
2990,52
2991,78
2992,31
2993,65
2994,34
2995,76
2996,44
2997,7
2998,21
2999,16
3000,2
