1,12
2,1
3,17
4,9
5,14
6,25
7,13
8,24
9,6
10,6
11,16
12,22
13,23
14,12
15,11
16,6
17,21
18,6
19,12
20,15
21,20
22,15
23,3
24,10
25,9
26,6
27,12
28,8
29,21
30,8
31,18
32,6
33,19
34,1
35,4
36,12
37,25
38,4
39,7
40,10
41,5
42,12
43,3
44,24
45,8
46,13
47,10
48,1
49,24
50,14
51,19
52,7
53,23
54,13
55,14
56,24
57,13
58,25
59,14
60,15
61,14
62,19
63,4
64,12
65,23
66,25
67,16
68,13
69,23
70,7
71,15
72,5
73,16
74,25
75,15
76,6
77,4
78,16
79,14
80,25
81,14
82,1
83,24
84,8
85,1
86,24
87,7
88,13
89,21
90,8
91,16
92,12
93,14
94,24
95,25
96,10
97,24
98,2
99,5
100,25
101,1
102,3
103,23
104,2
105,13
106,18
107,14
108,25
109,7
110,5
111,24
112,12
113,13
114,6
115,16
116,24
117,7
118,17
119,24
120,15
121,6
122,25
123,11
124,4
125,8
126,12
127,12
128,14
129,15
130,23
131,24
132,12
133,14
134,4
135,23
136,24
137,12
138,23
139,16
140,3
141,8
142,3
143,9
144,12
145,12
146,23
147,3
148,10
149,25
150,17
151,2
152,12
153,13
154,20
155,17
156,14
157,4
158,6
159,7
160,19
161,3
162,4
163,25
164,12
165,19
166,22
167,10
168,11
169,21
170,5
171,4
172,24
173,7
174,16
175,21
176,21
177,23
178,9
179,6
180,12
181,22
182,2
183,4
184,7
185,6
186,13
187,1
188,14
189,8
190,6
191,14
192,23
193,14
194,18
195,5
196,24
197,25
198,6
199,6
200,8
201,14
202,8
203,2
204,3
205,5
206,6
207,16
208,4
209,4
210,25
211,24
212,14
213,24
214,25
215,24
216,23
217,13
218,4
219,6
220,14
221,24
222,24
223,22
224,9
225,12
226,14
227,14
228,16
229,25
230,23
231,4
232,20
233,6
234,14
235,8
236,15
237,25
238,19
239,23
240,6
241,16
242,13
243,25
244,24
245,12
246,15
247,14
248,4
249,12
250,24
251,15
252,14
253,12
254,14
255,4
256,14
257,7
258,4
259,25
260,12
261,15
262,1
263,14
264,24
265,24
266,14
267,9
268,18
269,14
270,14
271,21
272,6
273,7
274,12
275,10
276,15
277,4
278,24
279,12
280,19
281,10
282,25
283,4
284,13
285,6
286,9
287,6
288,4
289,6
290,19
291,6
292,24
293,14
294,4
295,24
296,24
297,19
298,6
299,21
300,24
301,21
302,16
303,8
304,8
305,10
306,4
307,25
308,24
309,8
310,24
311,2
312,3
313,8
314,5
315,21
316,17
317,23
318,25
319,25
320,21
321,3
322,18
323,5
324,14
325,12
326,23
327,11
328,1
329,15
330,23
331,14
332,7
333,24
334,16
335,22
336,14
337,5
338,23
339,8
340,11
341,14
342,18
343,12
344,6
345,7
346,12
347,8
348,14
349,12
350,10
351,14
352,8
353,20
354,11
355,17
356,12
357,24
358,6
359,2
360,10
361,4
362,14
363,14
364,24
365,12
366,12
367,24
368,2
369,6
370,13
371,12
372,14
373,13
374,11
375,7
376,14
377,4
378,4
379,4
380,8
381,7
382,18
383,4
384,4
385,8
386,6
387,12
388,12
389,9
390,15
391,14
392,5
393,14
394,23
395,14
396,4
397,24
398,14
399,25
400,2
401,24
402,11
403,3
404,22
405,20
406,18
407,6
408,15
409,23
410,24
411,12
412,23
413,16
414,13
415,19
416,4
417,15
418,19
419,7
420,22
421,12
422,14
423,6
424,20
425,12
426,23
427,15
428,3
429,20
430,4
431,3
432,25
433,24
434,8
435,13
436,25
437,3
438,5
439,7
440,4
441,10
442,7
443,6
444,12
445,4
446,12
447,9
448,15
449,25
450,24
451,10
452,15
453,4
454,12
455,5
456,12
457,24
458,21
459,13
460,10
461,11
462,14
463,25
464,12
465,17
466,13
467,17
468,12
469,6
470,16
471,24
472,1
473,20
474,2
475,7
476,6
477,12
478,24
479,9
480,22
481,10
482,12
483,13
484,6
485,16
486,12
487,15
488,8
489,3
490,14
491,21
492,12
493,1
494,2
495,11
496,9
497,7
498,4
499,7
500,6
501,25
502,25
503,15
504,24
505,25
506,12
507,3
508,10
509,2
510,5
511,24
512,6
513,13
514,21
515,1
516,13
517,14
518,5
519,14
520,16
521,8
522,4
523,13
524,11
525,15
526,11
527,8
528,3
529,14
530,24
531,24
532,8
533,4
534,13
535,16
536,3
537,6
538,14
539,2
540,5
541,24
542,4
543,4
544,20
545,14
546,20
547,25
548,17
549,2
550,25
551,10
552,4
553,10
554,4
555,25
556,24
557,14
558,8
559,22
560,15
561,4
562,23
563,18
564,18
565,4
566,17
567,13
568,13
569,9
570,23
571,16
572,13
573,13
574,14
575,24
576,3
577,8
578,14
579,6
580,9
581,23
582,2
583,4
584,24
585,7
586,4
587,13
588,22
589,2
590,13
591,11
592,2
593,25
594,7
595,8
596,9
597,13
598,16
599,24
600,14
601,3
602,14
603,3
604,24
605,21
606,6
607,11
608,14
609,24
610,7
611,12
612,6
613,7
614,6
615,21
616,25
617,5
618,12
619,4
620,25
621,12
622,24
623,14
624,13
625,2
626,13
627,11
628,3
629,1
630,14
631,12
632,16
633,25
634,3
635,8
636,13
637,23
638,4
639,16
640,25
641,7
642,24
643,23
644,22
645,3
646,7
647,4
648,14
649,13
650,24
651,11
652,21
653,14
654,15
655,25
656,12
657,19
658,22
659,21
660,12
661,24
662,1
663,4
664,13
665,23
666,4
667,9
668,6
669,4
670,2
671,7
672,4
673,4
674,16
675,19
676,18
677,5
678,23
679,25
680,16
681,3
682,21
683,2
684,10
685,14
686,15
687,14
688,13
689,17
690,15
691,15
692,12
693,21
694,20
695,10
696,4
697,7
698,24
699,2
700,10
701,14
702,4
703,16
704,13
705,21
706,4
707,24
708,15
709,14
710,15
711,8
712,13
713,12
714,15
715,9
716,17
717,25
718,4
719,4
720,12
721,23
722,7
723,11
724,14
725,23
726,19
727,24
728,18
729,12
730,25
731,14
732,6
733,19
734,14
735,12
736,25
737,9
738,2
739,14
740,7
741,23
742,19
743,12
744,25
745,24
746,16
747,17
748,25
749,24
750,23
751,8
752,17
753,7
754,7
755,21
756,6
757,13
758,25
759,6
760,25
761,25
762,12
763,8
764,23
765,14
766,24
767,19
768,1
769,24
770,14
771,6
772,15
773,18
774,13
775,14
776,13
777,11
778,24
779,23
780,17
781,9
782,25
783,21
784,6
785,14
786,15
787,25
788,13
789,17
790,4
791,25
792,18
793,12
794,23
795,3
796,13
797,12
798,4
799,11
800,7
801,9
802,7
803,21
804,4
805,13
806,15
807,4
808,2
809,14
810,8
811,4
812,25
813,17
814,4
815,4
816,6
817,23
818,10
819,7
820,22
821,15
822,7
823,7
824,12
825,19
826,5
827,25
828,5
829,4
830,22
831,23
832,21
833,12
834,12
835,25
836,8
837,11
838,14
839,7
840,11
841,3
842,23
843,12
844,4
845,18
846,4
847,4
848,4
849,19
850,14
851,13
852,24
853,19
854,13
855,25
856,10
857,24
858,12
859,22
860,14
861,4
862,21
863,24
864,15
865,24
866,25
867,19
868,4
869,21
870,23
871,12
872,18
873,21
874,10
875,12
876,6
877,15
878,9
879,2
880,1
881,4
882,8
883,12
884,6
885,14
886,24
887,24
888,4
889,2
890,12
891,1
892,12
893,12
894,23
895,14
896,15
897,14
898,24
899,18
900,23
901,7
902,3
903,24
904,25
905,12
906,10
907,23
908,5
909,16
910,5
911,17
912,6
913,4
914,4
915,14
916,24
917,4
918,19
919,21
920,14
921,14
922,13
923,2
924,4
925,23
926,12
927,14
928,21
929,8
930,17
931,7
932,7
933,7
934,4
935,24
936,14
937,12
938,23
939,25
940,9
941,4
942,4
943,9
944,6
945,12
946,5
947,3
948,4
949,14
950,8
951,6
952,21
953,6
954,4
955,24
956,13
957,24
958,15
959,4
960,25
961,15
962,8
963,15
964,10
965,10
966,25
967,10
968,15
969,23
970,6
971,12
972,25
973,6
974,24
975,14
976,7
977,21
978,8
979,8
980,25
981,7
982,4
983,3
984,10
985,12
986,25
987,12
988,7
989,3
990,13
991,3
992,6
993,4
994,12
995,23
996,14
997,12
998,4
999,4
1000,7
