1,14
2,18
3,11
4,13
5,14
6,11
7,1
8,14
9,9
10,13
11,8
12,7
13,20
14,5
15,7
16,20
17,13
18,16
19,7
20,15
21,4
22,3
23,16
24,14
25,15
26,14
27,7
28,11
29,22
30,11
31,14
32,7
33,19
34,17
35,20
36,17
37,15
38,19
39,16
40,19
41,2
42,16
43,24
44,10
45,13
46,13
47,25
48,6
49,8
50,1
51,8
52,7
53,5
54,25
55,23
56,5
57,18
58,8
59,16
60,22
61,25
62,21
63,13
64,14
65,7
66,14
67,20
68,18
69,11
70,11
71,14
72,18
73,15
74,14
75,8
76,14
77,18
78,7
79,11
80,3
81,18
82,16
83,7
84,20
85,20
86,10
87,15
88,7
89,7
90,10
91,7
92,5
93,1
94,23
95,23
96,24
97,6
98,25
99,14
100,14
101,7
102,5
103,11
104,14
105,25
106,23
107,14
108,1
109,4
110,6
111,1
112,22
113,16
114,22
115,24
116,7
117,23
118,5
119,20
120,5
121,15
122,22
123,7
124,5
125,22
126,14
127,24
128,19
129,7
130,14
131,6
132,23
133,7
134,14
135,23
136,14
137,18
138,5
139,25
140,13
141,18
142,15
143,5
144,17
145,11
146,5
147,12
148,7
149,9
150,21
151,6
152,22
153,7
154,13
155,9
156,7
157,4
158,12
159,13
160,13
161,3
162,7
163,20
164,11
165,5
166,23
167,13
168,22
169,10
170,10
171,21
172,3
173,12
174,7
175,13
176,23
177,19
178,20
179,22
180,17
181,11
182,2
183,17
184,3
185,7
186,20
187,6
188,13
189,7
190,8
191,7
192,20
193,5
194,3
195,17
196,24
197,11
198,19
199,4
200,8
201,9
202,16
203,11
204,18
205,11
206,20
207,24
208,16
209,5
210,22
211,7
212,2
213,11
214,13
215,7
216,13
217,23
218,25
219,13
220,13
221,4
222,25
223,25
224,3
225,16
226,18
227,20
228,20
229,15
230,19
231,25
232,15
233,16
234,17
235,5
236,23
237,22
238,23
239,5
240,4
241,13
242,25
243,8
244,20
245,11
246,20
247,9
248,11
249,4
250,2
251,21
252,13
253,20
254,12
255,20
256,5
257,6
258,7
259,10
260,19
261,20
262,3
263,12
264,19
265,19
266,14
267,20
268,3
269,23
270,13
271,25
272,21
273,6
274,12
275,12
276,13
277,22
278,15
279,16
280,15
281,25
282,19
283,5
284,19
285,19
286,15
287,20
288,14
289,15
290,1
291,21
292,20
293,13
294,7
295,16
296,23
297,23
298,23
299,14
300,7
301,23
302,16
303,5
304,20
305,7
306,6
307,13
308,25
309,14
310,11
311,14
312,14
313,18
314,13
315,20
316,7
317,24
318,19
319,25
320,22
321,7
322,13
323,19
324,14
325,7
326,5
327,6
328,5
329,11
330,2
331,23
332,16
333,2
334,20
335,23
336,7
337,25
338,9
339,3
340,13
341,3
342,6
343,3
344,11
345,20
346,15
347,11
348,13
349,22
350,13
351,11
352,13
353,5
354,14
355,12
356,11
357,14
358,3
359,3
360,20
361,22
362,25
363,16
364,4
365,7
366,23
367,17
368,1
369,2
370,5
371,15
372,13
373,4
374,16
375,11
376,13
377,7
378,14
379,15
380,16
381,15
382,7
383,14
384,5
385,17
386,14
387,11
388,12
389,5
390,4
391,21
392,5
393,16
394,11
395,13
396,20
397,4
398,10
399,14
400,1
401,25
402,12
403,4
404,21
405,12
406,22
407,5
408,23
409,11
410,8
411,6
412,13
413,21
414,17
415,7
416,3
417,20
418,7
419,15
420,5
421,20
422,22
423,9
424,14
425,7
426,22
427,15
428,23
429,6
430,18
431,10
432,12
433,21
434,22
435,16
436,15
437,11
438,13
439,9
440,24
441,12
442,13
443,11
444,11
445,12
446,14
447,1
448,7
449,14
450,16
451,11
452,2
453,4
454,20
455,9
456,7
457,5
458,20
459,5
460,9
461,20
462,20
463,20
464,6
465,7
466,5
467,11
468,19
469,11
470,19
471,7
472,6
473,4
474,17
475,20
476,13
477,14
478,4
479,20
480,18
481,13
482,25
483,7
484,13
485,7
486,8
487,9
488,7
489,12
490,7
491,6
492,19
493,11
494,15
495,19
496,20
497,3
498,3
499,15
500,14
501,24
502,13
503,20
504,6
505,14
506,11
507,11
508,11
509,4
510,5
511,19
512,11
513,1
514,25
515,11
516,7
517,5
518,11
519,17
520,16
521,7
522,6
523,21
524,13
525,20
526,15
527,20
528,22
529,5
530,13
531,1
532,12
533,16
534,5
535,13
536,17
537,10
538,25
539,14
540,5
541,15
542,19
543,11
544,11
545,10
546,13
547,5
548,7
549,20
550,19
551,1
552,11
553,14
554,15
555,19
556,22
557,11
558,5
559,25
560,10
561,11
562,15
563,24
564,17
565,6
566,21
567,18
568,16
569,19
570,11
571,11
572,11
573,25
574,12
575,14
576,5
577,14
578,16
579,16
580,2
581,11
582,14
583,15
584,14
585,8
586,20
587,25
588,11
589,13
590,24
591,25
592,2
593,2
594,15
595,11
596,5
597,2
598,22
599,6
600,20
601,13
602,11
603,7
604,13
605,14
606,14
607,5
608,13
609,14
610,11
611,4
612,20
613,16
614,13
615,17
616,12
617,7
618,20
619,21
620,11
621,14
622,21
623,7
624,12
625,7
626,25
627,15
628,11
629,25
630,13
631,11
632,20
633,23
634,19
635,19
636,2
637,13
638,22
639,20
640,25
641,7
642,20
643,8
644,11
645,7
646,22
647,1
648,5
649,11
650,25
651,12
652,22
653,2
654,19
655,13
656,8
657,15
658,8
659,17
660,15
661,20
662,7
663,13
664,11
665,7
666,13
667,21
668,11
669,12
670,4
671,5
672,11
673,8
674,13
675,24
676,5
677,25
678,5
679,5
680,14
681,15
682,18
683,16
684,7
685,7
686,14
687,22
688,22
689,13
690,20
691,3
692,14
693,17
694,21
695,21
696,5
697,7
698,2
699,15
700,11
701,13
702,24
703,1
704,2
705,7
706,25
707,13
708,7
709,11
710,21
711,16
712,4
713,13
714,16
715,11
716,5
717,13
718,14
719,17
720,23
721,7
722,22
723,19
724,4
725,23
726,13
727,7
728,12
729,24
730,25
731,11
732,13
733,3
734,20
735,14
736,23
737,20
738,7
739,6
740,7
741,20
742,18
743,3
744,18
745,7
746,11
747,13
748,19
749,15
750,16
751,2
752,21
753,7
754,6
755,12
756,19
757,21
758,3
759,5
760,5
761,7
762,11
763,15
764,15
765,22
766,23
767,5
768,20
769,20
770,11
771,22
772,11
773,6
774,11
775,5
776,6
777,5
778,2
779,22
780,7
781,3
782,7
783,14
784,14
785,11
786,13
787,2
788,25
789,5
790,21
791,5
792,8
793,17
794,8
795,7
796,5
797,7
798,8
799,7
800,17
801,14
802,16
803,14
804,12
805,14
806,12
807,13
808,14
809,7
810,7
811,8
812,22
813,11
814,11
815,15
816,20
817,3
818,14
819,20
820,3
821,15
822,11
823,6
824,7
825,7
826,11
827,8
828,20
829,19
830,7
831,7
832,12
833,7
834,13
835,15
836,14
837,20
838,15
839,23
840,17
841,20
842,14
843,22
844,20
845,18
846,20
847,21
848,11
849,13
850,6
851,7
852,8
853,13
854,25
855,20
856,15
857,11
858,20
859,6
860,25
861,25
862,25
863,2
864,20
865,25
866,16
867,13
868,11
869,23
870,17
871,15
872,13
873,23
874,13
875,21
876,12
877,20
878,5
879,13
880,22
881,5
882,2
883,23
884,7
885,23
886,21
887,3
888,7
889,20
890,13
891,17
892,6
893,5
894,16
895,13
896,16
897,20
898,13
899,11
900,5
901,15
902,11
903,14
904,14
905,13
906,5
907,13
908,7
909,7
910,20
911,20
912,13
913,14
914,21
915,19
916,3
917,7
918,13
919,16
920,11
921,25
922,11
923,14
924,5
925,11
926,5
927,5
928,20
929,5
930,25
931,11
932,13
933,6
934,13
935,7
936,14
937,12
938,3
939,17
940,17
941,14
942,23
943,5
944,25
945,7
946,11
947,7
948,7
949,20
950,11
951,20
952,13
953,11
954,5
955,11
956,25
957,15
958,15
959,14
960,20
961,20
962,22
963,14
964,12
965,22
966,13
967,14
968,20
969,5
970,6
971,14
972,20
973,23
974,25
975,13
976,11
977,5
978,12
979,15
980,5
981,15
982,6
983,23
984,11
985,19
986,7
987,19
988,25
989,13
990,14
991,14
992,7
993,11
994,25
995,13
996,16
997,14
998,7
999,25
1000,20
