1,24
2,33
3,38
4,75
5,108
6,3
7,25
8,13
9,44
10,50
11,22
12,85
13,60
14,68
15,3
16,39
17,68
18,9
19,7
20,68
21,62
22,56
23,26
24,56
25,100
26,32
27,31
28,58
29,13
30,27
31,35
32,82
33,61
34,43
35,33
36,49
37,28
38,13
39,93
40,70
41,60
42,26
43,81
44,56
45,15
46,90
47,58
48,109
49,60
50,1
51,6
52,45
53,91
54,95
55,45
56,79
57,39
58,99
59,66
60,96
61,95
62,90
63,91
64,95
65,9
66,103
67,35
68,5
69,26
70,44
71,27
72,57
73,13
74,78
75,96
76,28
77,91
78,56
79,42
80,68
81,79
82,106
83,75
84,13
85,83
86,12
87,109
88,86
89,68
90,65
91,85
92,1
93,33
94,72
95,70
96,30
97,26
98,84
99,17
100,9
101,1
102,14
103,9
104,9
105,94
106,83
107,101
108,24
109,65
110,45
111,9
112,28
113,34
114,73
115,64
116,54
117,2
118,94
119,36
120,59
121,93
122,107
123,44
124,1
125,54
126,30
127,84
128,84
129,60
130,68
131,25
132,58
133,103
134,81
135,33
136,71
137,88
138,105
139,55
140,42
141,13
142,95
143,10
144,91
145,77
146,33
147,90
148,28
149,105
150,42
151,23
152,37
153,90
154,90
155,34
156,80
157,96
158,13
159,96
160,35
161,25
162,31
163,90
164,61
165,55
166,68
167,80
168,101
169,94
170,9
171,93
172,91
173,42
174,22
175,37
176,91
177,39
178,103
179,78
180,96
181,21
182,54
183,25
184,58
185,51
186,86
187,70
188,15
189,96
190,27
191,58
192,4
193,62
194,93
195,89
196,57
197,29
198,49
199,9
200,42
201,38
202,29
203,9
204,43
205,42
206,3
207,24
208,96
209,39
210,105
211,49
212,2
213,82
214,61
215,36
216,39
217,89
218,83
219,63
220,104
221,100
222,7
223,1
224,2
225,42
226,35
227,45
228,105
229,49
230,47
231,71
232,86
233,28
234,22
235,49
236,103
237,90
238,44
239,43
240,28
241,100
242,27
243,35
244,32
245,70
246,42
247,74
248,78
249,9
250,90
251,57
252,16
253,108
254,103
255,42
256,6
257,109
258,90
259,81
260,73
261,42
262,9
263,42
264,93
265,86
266,100
267,70
268,61
269,78
270,91
271,78
272,3
273,109
274,58
275,105
276,97
277,42
278,107
279,46
280,49
281,75
282,87
283,4
284,67
285,18
286,43
287,74
288,90
289,26
290,83
291,25
292,69
293,93
294,96
295,33
296,52
297,11
298,23
299,61
300,93
301,39
302,8
303,32
304,38
305,32
306,29
307,72
308,81
309,18
310,87
311,91
312,10
313,79
314,35
315,4
316,10
317,84
318,102
319,97
320,29
321,8
322,38
323,100
324,21
325,95
326,54
327,74
328,3
329,63
330,55
331,99
332,75
333,26
334,20
335,108
336,30
337,73
338,30
339,8
340,42
341,79
342,44
343,88
344,84
345,55
346,17
347,20
348,25
349,54
350,75
351,55
352,4
353,87
354,58
355,99
356,81
357,15
358,9
359,4
360,9
361,106
362,83
363,74
364,84
365,65
366,65
367,69
368,66
369,90
370,58
371,39
372,35
373,60
374,81
375,41
376,79
377,26
378,16
379,3
380,48
381,39
382,45
383,92
384,74
385,86
386,25
387,86
388,25
389,71
390,41
391,90
392,47
393,10
394,81
395,108
396,12
397,90
398,25
399,34
400,50
401,31
402,44
403,2
404,83
405,43
406,14
407,79
408,56
409,64
410,91
411,57
412,51
413,34
414,102
415,55
416,16
417,30
418,52
419,40
420,66
421,7
422,70
423,21
424,86
425,7
426,34
427,24
428,57
429,45
430,74
431,59
432,9
433,15
434,59
435,13
436,109
437,84
438,72
439,58
440,88
441,33
442,60
443,103
444,81
445,96
446,80
447,57
448,3
449,68
450,95
451,56
452,55
453,77
454,81
455,45
456,47
457,104
458,79
459,104
460,99
461,42
462,28
463,42
464,86
465,72
466,49
467,49
468,109
469,71
470,101
471,60
472,86
473,49
474,95
475,63
476,38
477,81
478,41
479,71
480,19
481,21
482,65
483,15
484,68
485,52
486,73
487,68
488,12
489,70
490,25
491,65
492,108
493,39
494,106
495,65
496,81
497,73
498,81
499,81
500,60
501,81
502,2
503,68
504,10
505,81
506,90
507,49
508,103
509,54
510,20
511,17
512,14
513,30
514,79
515,23
516,35
517,6
518,86
519,86
520,57
521,70
522,85
523,86
524,90
525,43
526,93
527,27
528,76
529,3
530,36
531,75
532,86
533,19
534,40
535,70
536,55
537,16
538,54
539,99
540,97
541,81
542,81
543,1
544,93
545,33
546,86
547,10
548,34
549,105
550,64
551,48
552,102
553,84
554,49
555,36
556,68
557,27
558,70
559,90
560,105
561,2
562,42
563,1
564,41
565,21
566,94
567,59
568,43
569,66
570,57
571,91
572,42
573,1
574,94
575,45
576,86
577,84
578,2
579,85
580,4
581,57
582,45
583,48
584,27
585,1
586,84
587,34
588,38
589,22
590,14
591,41
592,16
593,27
594,64
595,106
596,33
597,32
598,54
599,65
600,95
601,108
602,109
603,68
604,83
605,107
606,83
607,44
608,30
609,9
610,15
611,104
612,97
613,91
614,83
615,61
616,78
617,88
618,60
619,68
620,15
621,26
622,71
623,27
624,80
625,53
626,84
627,27
628,26
629,1
630,53
631,6
632,89
633,45
634,96
635,70
636,70
637,54
638,46
639,86
640,74
641,93
642,104
643,58
644,22
645,84
646,95
647,60
648,68
649,15
650,109
651,101
652,76
653,97
654,20
655,83
656,86
657,62
658,35
659,74
660,15
661,61
662,56
663,53
664,81
665,107
666,53
667,48
668,11
669,22
670,43
671,59
672,57
673,93
674,103
675,95
676,3
677,21
678,6
679,44
680,75
681,87
682,72
683,25
684,39
685,34
686,55
687,57
688,5
689,57
690,20
691,43
692,15
693,90
694,23
695,46
696,15
697,50
698,90
699,74
700,4
701,73
702,37
703,84
704,83
705,20
706,70
707,13
708,23
709,28
710,83
711,34
712,91
713,58
714,43
715,70
716,21
717,60
718,64
719,98
720,19
721,15
722,106
723,95
724,79
725,76
726,93
727,48
728,108
729,41
730,61
731,85
732,96
733,79
734,12
735,18
736,65
737,70
738,49
739,69
740,15
741,99
742,64
743,86
744,97
745,105
746,51
747,70
748,36
749,54
750,52
751,27
752,90
753,83
754,15
755,28
756,35
757,30
758,25
759,65
760,12
761,21
762,62
763,83
764,74
765,66
766,10
767,12
768,87
769,66
770,66
771,92
772,42
773,60
774,76
775,8
776,13
777,70
778,13
779,11
780,51
781,84
782,83
783,38
784,93
785,49
786,57
787,87
788,24
789,39
790,68
791,24
792,45
793,106
794,65
795,15
796,68
797,24
798,6
799,60
800,44
801,94
802,57
803,24
804,101
805,64
806,23
807,70
808,43
809,35
810,16
811,55
812,109
813,78
814,69
815,86
816,102
817,42
818,13
819,65
820,73
821,73
822,5
823,91
824,76
825,35
826,39
827,3
828,82
829,33
830,44
831,73
832,31
833,58
834,17
835,78
836,7
837,27
838,102
839,97
840,15
841,2
842,46
843,56
844,96
845,45
846,55
847,109
848,70
849,68
850,89
851,52
852,29
853,95
854,86
855,19
856,66
857,58
858,31
859,60
860,52
861,3
862,80
863,81
864,91
865,91
866,108
867,29
868,88
869,5
870,24
871,108
872,65
873,24
874,58
875,47
876,79
877,19
878,49
879,85
880,19
881,70
882,90
883,33
884,3
885,95
886,105
887,38
888,37
889,57
890,42
891,104
892,59
893,89
894,65
895,93
896,24
897,3
898,33
899,26
900,29
901,47
902,92
903,10
904,107
905,56
906,15
907,30
908,9
909,37
910,86
911,80
912,14
913,68
914,13
915,70
916,91
917,48
918,30
919,40
920,10
921,102
922,77
923,61
924,91
925,69
926,106
927,56
928,48
929,55
930,34
931,27
932,93
933,44
934,51
935,88
936,13
937,74
938,68
939,67
940,65
941,42
942,89
943,9
944,69
945,43
946,23
947,24
948,42
949,108
950,30
951,67
952,3
953,70
954,91
955,103
956,17
957,85
958,38
959,103
960,45
961,6
962,9
963,91
964,109
965,89
966,42
967,70
968,2
969,19
970,81
971,109
972,75
973,101
974,105
975,27
976,14
977,104
978,83
979,9
980,60
981,96
982,45
983,86
984,28
985,45
986,100
987,57
988,29
989,73
990,102
991,62
992,58
993,16
994,95
995,15
996,101
997,44
998,88
999,60
1000,74
1001,78
1002,57
1003,18
1004,90
1005,27
1006,18
1007,55
1008,61
1009,29
1010,28
1011,35
1012,72
1013,57
1014,8
1015,1
1016,75
1017,1
1018,102
1019,70
1020,58
1021,63
1022,26
1023,12
1024,49
1025,73
1026,55
1027,42
1028,34
1029,95
1030,104
1031,91
1032,17
1033,50
1034,91
1035,67
1036,34
1037,13
1038,68
1039,6
1040,42
1041,109
1042,42
1043,94
1044,81
1045,26
1046,109
1047,64
1048,65
1049,99
1050,27
1051,39
1052,105
1053,42
1054,82
1055,59
1056,4
1057,42
1058,3
1059,73
1060,83
1061,61
1062,95
1063,30
1064,57
1065,28
1066,11
1067,37
1068,90
1069,71
1070,28
1071,90
1072,70
1073,93
1074,94
1075,55
1076,97
1077,26
1078,46
1079,36
1080,15
1081,65
1082,63
1083,42
1084,15
1085,35
1086,30
1087,34
1088,23
1089,95
1090,83
1091,81
1092,30
1093,64
1094,109
1095,1
1096,79
1097,70
1098,43
1099,92
1100,66
1101,49
1102,55
1103,9
1104,67
1105,33
1106,33
1107,18
1108,60
1109,26
1110,32
1111,57
1112,63
1113,74
1114,55
1115,99
1116,53
1117,81
1118,86
1119,59
1120,103
1121,35
1122,22
1123,14
1124,41
1125,25
1126,44
1127,60
1128,1
1129,68
1130,17
1131,96
1132,67
1133,98
1134,91
1135,94
1136,43
1137,86
1138,49
1139,93
1140,84
1141,59
1142,90
1143,58
1144,86
1145,33
1146,109
1147,24
1148,86
1149,93
1150,1
1151,10
1152,30
1153,88
1154,45
1155,70
1156,10
1157,86
1158,43
1159,12
1160,101
1161,93
1162,54
1163,17
1164,36
1165,38
1166,27
1167,70
1168,91
1169,25
1170,103
1171,33
1172,9
1173,58
1174,29
1175,54
1176,58
1177,81
1178,27
1179,7
1180,57
1181,87
1182,20
1183,13
1184,99
1185,100
1186,49
1187,75
1188,24
1189,86
1190,10
1191,89
1192,21
1193,54
1194,81
1195,14
1196,92
1197,25
1198,45
1199,35
1200,30
1201,11
1202,93
1203,104
1204,72
1205,24
1206,3
1207,13
1208,103
1209,53
1210,65
1211,4
1212,77
1213,75
1214,75
1215,24
1216,88
1217,66
1218,1
1219,31
1220,42
1221,106
1222,10
1223,56
1224,104
1225,39
1226,63
1227,57
1228,25
1229,42
1230,78
1231,84
1232,3
1233,57
1234,93
1235,40
1236,109
1237,54
1238,47
1239,27
1240,97
1241,77
1242,27
1243,35
1244,24
1245,51
1246,35
1247,67
1248,88
1249,1
1250,42
1251,78
1252,83
1253,26
1254,99
1255,105
1256,82
1257,26
1258,101
1259,12
1260,91
1261,7
1262,94
1263,104
1264,89
1265,42
1266,57
1267,80
1268,27
1269,55
1270,20
1271,63
1272,15
1273,61
1274,32
1275,41
1276,30
1277,84
1278,42
1279,76
1280,33
1281,103
1282,13
1283,30
1284,91
1285,31
1286,35
1287,67
1288,62
1289,77
1290,70
1291,60
1292,40
1293,54
1294,21
1295,71
1296,65
1297,26
1298,30
1299,46
1300,13
1301,41
1302,83
1303,54
1304,30
1305,108
1306,109
1307,87
1308,23
1309,65
1310,98
1311,70
1312,12
1313,33
1314,30
1315,100
1316,96
1317,69
1318,21
1319,57
1320,102
1321,60
1322,86
1323,20
1324,85
1325,15
1326,45
1327,99
1328,6
1329,34
1330,93
1331,48
1332,85
1333,16
1334,3
1335,3
1336,21
1337,40
1338,93
1339,105
1340,107
1341,76
1342,81
1343,54
1344,7
1345,6
1346,40
1347,68
1348,6
1349,95
1350,106
1351,39
1352,9
1353,89
1354,107
1355,19
1356,51
1357,60
1358,60
1359,86
1360,70
1361,1
1362,98
1363,27
1364,27
1365,27
1366,75
1367,79
1368,66
1369,42
1370,25
1371,37
1372,49
1373,25
1374,45
1375,74
1376,84
1377,54
1378,60
1379,13
1380,31
1381,10
1382,36
1383,1
1384,32
1385,40
1386,70
1387,86
1388,88
1389,21
1390,33
1391,27
1392,109
1393,89
1394,102
1395,44
1396,34
1397,68
1398,35
1399,78
1400,64
1401,69
1402,13
1403,82
1404,55
1405,3
1406,25
1407,28
1408,31
1409,41
1410,70
1411,9
1412,6
1413,37
1414,91
1415,56
1416,26
1417,85
1418,86
1419,86
1420,27
1421,83
1422,82
1423,63
1424,30
1425,54
1426,3
1427,82
1428,32
1429,9
1430,45
1431,49
1432,57
1433,84
1434,31
1435,57
1436,57
1437,94
1438,52
1439,73
1440,86
1441,93
1442,102
1443,12
1444,44
1445,12
1446,45
1447,29
1448,22
1449,76
1450,97
1451,87
1452,53
1453,44
1454,90
1455,25
1456,90
1457,30
1458,90
1459,3
1460,42
1461,54
1462,33
1463,94
1464,63
1465,11
1466,93
1467,55
1468,84
1469,24
1470,78
1471,51
1472,90
1473,15
1474,39
1475,5
1476,2
1477,70
1478,83
1479,57
1480,20
1481,8
1482,60
1483,30
1484,51
1485,106
1486,55
1487,81
1488,100
1489,1
1490,22
1491,21
1492,95
1493,38
1494,70
1495,10
1496,87
1497,86
1498,74
1499,97
1500,49
1501,91
1502,90
1503,65
1504,52
1505,109
1506,40
1507,10
1508,3
1509,75
1510,93
1511,84
1512,66
1513,47
1514,30
1515,103
1516,24
1517,91
1518,29
1519,86
1520,21
1521,5
1522,47
1523,7
1524,98
1525,83
1526,24
1527,49
1528,54
1529,80
1530,53
1531,12
1532,91
1533,79
1534,16
1535,81
1536,7
1537,84
1538,99
1539,34
1540,66
1541,74
1542,52
1543,55
1544,72
1545,11
1546,33
1547,31
1548,83
1549,10
1550,26
1551,38
1552,46
1553,95
1554,69
1555,1
1556,45
1557,44
1558,60
1559,57
1560,44
1561,80
1562,61
1563,93
1564,7
1565,70
1566,89
1567,86
1568,104
1569,42
1570,93
1571,3
1572,31
1573,29
1574,93
1575,16
1576,4
1577,91
1578,21
1579,18
1580,49
1581,47
1582,49
1583,3
1584,57
1585,45
1586,98
1587,61
1588,103
1589,64
1590,76
1591,93
1592,14
1593,26
1594,93
1595,2
1596,89
1597,24
1598,109
1599,54
1600,13
1601,20
1602,39
1603,97
1604,68
1605,45
1606,9
1607,12
1608,37
1609,104
1610,53
1611,6
1612,11
1613,48
1614,42
1615,39
1616,7
1617,44
1618,62
1619,98
1620,90
1621,105
1622,12
1623,90
1624,63
1625,62
1626,32
1627,65
1628,9
1629,52
1630,3
1631,50
1632,41
1633,75
1634,103
1635,28
1636,93
1637,77
1638,50
1639,33
1640,64
1641,73
1642,48
1643,86
1644,13
1645,58
1646,105
1647,87
1648,9
1649,3
1650,10
1651,78
1652,46
1653,81
1654,107
1655,101
1656,73
1657,3
1658,57
1659,73
1660,14
1661,2
1662,42
1663,70
1664,13
1665,51
1666,104
1667,3
1668,35
1669,84
1670,24
1671,15
1672,74
1673,81
1674,55
1675,70
1676,26
1677,13
1678,77
1679,15
1680,16
1681,65
1682,70
1683,29
1684,96
1685,70
1686,14
1687,90
1688,14
1689,101
1690,57
1691,70
1692,13
1693,91
1694,67
1695,105
1696,57
1697,83
1698,94
1699,91
1700,93
1701,32
1702,68
1703,64
1704,109
1705,84
1706,94
1707,6
1708,53
1709,86
1710,41
1711,96
1712,32
1713,28
1714,39
1715,95
1716,79
1717,86
1718,3
1719,71
1720,83
1721,87
1722,11
1723,57
1724,79
1725,99
1726,57
1727,90
1728,93
1729,37
1730,5
1731,79
1732,99
1733,13
1734,10
1735,84
1736,84
1737,74
1738,90
1739,29
1740,64
1741,33
1742,28
1743,94
1744,100
1745,36
1746,64
1747,98
1748,1
1749,34
1750,65
1751,35
1752,33
1753,29
1754,58
1755,12
1756,41
1757,54
1758,96
1759,83
1760,104
1761,4
1762,84
1763,83
1764,75
1765,107
1766,83
1767,46
1768,4
1769,42
1770,93
1771,27
1772,86
1773,93
1774,69
1775,104
1776,84
1777,42
1778,83
1779,21
1780,49
1781,78
1782,2
1783,91
1784,82
1785,93
1786,54
1787,32
1788,70
1789,61
1790,81
1791,46
1792,90
1793,23
1794,41
1795,29
1796,18
1797,67
1798,91
1799,12
1800,50
1801,15
1802,55
1803,66
1804,43
1805,42
1806,61
1807,19
1808,89
1809,49
1810,81
1811,100
1812,58
1813,33
1814,45
1815,77
1816,29
1817,96
1818,105
1819,58
1820,91
1821,27
1822,90
1823,73
1824,4
1825,3
1826,45
1827,33
1828,93
1829,86
1830,80
1831,106
1832,101
1833,42
1834,1
1835,60
1836,18
1837,30
1838,6
1839,42
1840,82
1841,15
1842,32
1843,75
1844,34
1845,42
1846,29
1847,28
1848,9
1849,2
1850,54
1851,99
1852,81
1853,28
1854,39
1855,60
1856,93
1857,50
1858,28
1859,15
1860,75
1861,88
1862,61
1863,105
1864,109
1865,109
1866,109
1867,95
1868,41
1869,92
1870,17
1871,84
1872,51
1873,68
1874,23
1875,33
1876,96
1877,83
1878,1
1879,23
1880,24
1881,37
1882,55
1883,47
1884,90
1885,98
1886,24
1887,105
1888,57
1889,24
1890,60
1891,1
1892,19
1893,54
1894,15
1895,76
1896,75
1897,100
1898,32
1899,88
1900,18
1901,86
1902,35
1903,19
1904,83
1905,62
1906,53
1907,13
1908,84
1909,85
1910,54
1911,39
1912,62
1913,90
1914,86
1915,74
1916,28
1917,30
1918,67
1919,106
1920,87
1921,84
1922,79
1923,70
1924,65
1925,109
1926,57
1927,9
1928,66
1929,79
1930,42
1931,73
1932,66
1933,55
1934,35
1935,26
1936,57
1937,17
1938,70
1939,91
1940,109
1941,96
1942,109
1943,79
1944,105
1945,39
1946,70
1947,49
1948,105
1949,9
1950,35
1951,8
1952,57
1953,9
1954,3
1955,82
1956,3
1957,2
1958,57
1959,93
1960,30
1961,30
1962,70
1963,61
1964,1
1965,102
1966,2
1967,3
1968,86
1969,93
1970,105
1971,1
1972,81
1973,13
1974,50
1975,36
1976,63
1977,35
1978,93
1979,92
1980,96
1981,33
1982,32
1983,35
1984,4
1985,86
1986,85
1987,41
1988,33
1989,21
1990,30
1991,10
1992,47
1993,54
1994,30
1995,2
1996,6
1997,91
1998,39
1999,61
2000,72
2001,94
2002,61
2003,81
2004,105
2005,57
2006,93
2007,34
2008,28
2009,59
2010,38
2011,40
2012,91
2013,43
2014,74
2015,84
2016,35
2017,109
2018,47
2019,15
2020,9
2021,76
2022,45
2023,45
2024,75
2025,83
2026,29
2027,17
2028,94
2029,58
2030,93
2031,27
2032,91
2033,27
2034,9
2035,62
2036,13
2037,60
2038,102
2039,89
2040,27
2041,21
2042,84
2043,40
2044,72
2045,97
2046,47
2047,63
2048,102
2049,1
2050,105
2051,3
2052,41
2053,8
2054,79
2055,103
2056,70
2057,13
2058,24
2059,104
2060,106
2061,66
2062,21
2063,55
2064,103
2065,34
2066,107
2067,90
2068,92
2069,50
2070,46
2071,98
2072,28
2073,44
2074,26
2075,58
2076,28
2077,25
2078,58
2079,42
2080,19
2081,11
2082,98
2083,89
2084,83
2085,54
2086,93
2087,75
2088,42
2089,45
2090,86
2091,71
2092,68
2093,13
2094,35
2095,109
2096,26
2097,6
2098,23
2099,109
2100,70
2101,34
2102,39
2103,35
2104,5
2105,32
2106,28
2107,93
2108,77
2109,34
2110,47
2111,34
2112,108
2113,13
2114,34
2115,69
2116,28
2117,13
2118,68
2119,73
2120,92
2121,25
2122,18
2123,15
2124,65
2125,10
2126,16
2127,105
2128,14
2129,22
2130,89
2131,9
2132,100
2133,1
2134,103
2135,68
2136,4
2137,42
2138,9
2139,90
2140,56
2141,91
2142,79
2143,57
2144,33
2145,12
2146,45
2147,90
2148,62
2149,5
2150,88
2151,86
2152,55
2153,102
2154,1
2155,30
2156,15
2157,22
2158,78
2159,54
2160,51
2161,8
2162,31
2163,47
2164,49
2165,53
2166,55
2167,89
2168,29
2169,11
2170,66
2171,29
2172,36
2173,35
2174,13
2175,27
2176,96
2177,15
2178,24
2179,86
2180,58
2181,2
2182,92
2183,84
2184,44
2185,101
2186,93
2187,54
2188,28
2189,74
2190,28
2191,45
2192,39
2193,93
2194,57
2195,57
2196,14
2197,86
2198,24
2199,13
2200,93
2201,79
2202,12
2203,81
2204,27
2205,21
2206,61
2207,93
2208,49
2209,74
2210,5
2211,86
2212,3
2213,69
2214,57
2215,15
2216,70
2217,53
2218,75
2219,12
2220,4
2221,9
2222,103
2223,21
2224,109
2225,103
2226,46
2227,49
2228,96
2229,108
2230,9
2231,83
2232,105
2233,57
2234,3
2235,34
2236,30
2237,74
2238,72
2239,90
2240,84
2241,1
2242,24
2243,84
2244,80
2245,49
2246,109
2247,101
2248,38
2249,93
2250,71
2251,80
2252,48
2253,95
2254,32
2255,91
2256,1
2257,34
2258,3
2259,57
2260,11
2261,10
2262,35
2263,24
2264,73
2265,62
2266,24
2267,17
2268,91
2269,39
2270,15
2271,86
2272,9
2273,20
2274,9
2275,55
2276,94
2277,84
2278,35
2279,2
2280,28
2281,42
2282,60
2283,90
2284,96
2285,34
2286,44
2287,49
2288,18
2289,56
2290,102
2291,83
2292,6
2293,91
2294,57
2295,68
2296,58
2297,44
2298,7
2299,25
2300,17
2301,49
2302,70
2303,35
2304,82
2305,53
2306,67
2307,24
2308,34
2309,58
2310,51
2311,25
2312,101
2313,73
2314,50
2315,74
2316,24
2317,102
2318,54
2319,99
2320,109
2321,70
2322,79
2323,45
2324,30
2325,78
2326,75
2327,24
2328,108
2329,81
2330,86
2331,73
2332,86
2333,90
2334,32
2335,81
2336,42
2337,93
2338,105
2339,90
2340,60
2341,68
2342,30
2343,42
2344,93
2345,33
2346,13
2347,44
2348,86
2349,92
2350,70
2351,85
2352,104
2353,73
2354,1
2355,21
2356,90
2357,49
2358,1
2359,28
2360,94
2361,14
2362,81
2363,39
2364,9
2365,44
2366,34
2367,28
2368,74
2369,84
2370,27
2371,60
2372,12
2373,35
2374,103
2375,39
2376,60
2377,73
2378,72
2379,80
2380,100
2381,15
2382,10
2383,34
2384,73
2385,68
2386,54
2387,82
2388,68
2389,109
2390,35
2391,42
2392,105
2393,46
2394,30
2395,87
2396,83
2397,100
2398,15
2399,42
2400,18
2401,47
2402,65
2403,24
2404,29
2405,68
2406,63
2407,104
2408,70
2409,51
2410,100
2411,35
2412,25
2413,101
2414,96
2415,95
2416,74
2417,97
2418,30
2419,11
2420,42
2421,100
2422,84
2423,84
2424,72
2425,103
2426,25
2427,101
2428,91
2429,10
2430,79
2431,79
2432,35
2433,79
2434,26
2435,105
2436,57
2437,58
2438,24
2439,35
2440,50
2441,34
2442,65
2443,108
2444,67
2445,104
2446,54
2447,53
2448,43
2449,95
2450,79
2451,8
2452,33
2453,34
2454,39
2455,92
2456,93
2457,106
2458,13
2459,33
2460,34
2461,81
2462,74
2463,73
2464,41
2465,84
2466,47
2467,93
2468,49
2469,1
2470,54
2471,21
2472,103
2473,93
2474,48
2475,35
2476,9
2477,22
2478,49
2479,38
2480,86
2481,28
2482,41
2483,8
2484,28
2485,51
2486,54
2487,49
2488,101
2489,21
2490,33
2491,68
2492,2
2493,26
2494,105
2495,26
2496,97
2497,49
2498,51
2499,61
2500,55
2501,3
2502,99
2503,11
2504,30
2505,60
2506,25
2507,64
2508,26
2509,72
2510,9
2511,86
2512,74
2513,71
2514,14
2515,21
2516,94
2517,60
2518,93
2519,55
2520,43
2521,13
2522,65
2523,89
2524,27
2525,25
2526,64
2527,91
2528,65
2529,106
2530,79
2531,47
2532,71
2533,105
2534,13
2535,26
2536,22
2537,32
2538,34
2539,66
2540,14
2541,100
2542,84
2543,42
2544,42
2545,32
2546,94
2547,86
2548,5
2549,84
2550,68
2551,74
2552,90
2553,58
2554,62
2555,57
2556,31
2557,34
2558,66
2559,35
2560,2
2561,100
2562,45
2563,74
2564,54
2565,106
2566,5
2567,6
2568,83
2569,28
2570,2
2571,5
2572,93
2573,41
2574,91
2575,70
2576,41
2577,13
2578,21
2579,60
2580,26
2581,26
2582,53
2583,26
2584,90
2585,57
2586,64
2587,72
2588,4
2589,42
2590,95
2591,97
2592,24
2593,49
2594,9
2595,34
2596,30
2597,109
2598,73
2599,2
2600,24
2601,84
2602,87
2603,105
2604,70
2605,30
2606,8
2607,9
2608,43
2609,34
2610,1
2611,81
2612,11
2613,65
2614,13
2615,39
2616,101
2617,84
2618,86
2619,75
2620,15
2621,64
2622,9
2623,30
2624,27
2625,70
2626,35
2627,29
2628,53
2629,35
2630,88
2631,44
2632,44
2633,64
2634,39
2635,94
2636,47
2637,58
2638,86
2639,86
2640,95
2641,96
2642,106
2643,84
2644,65
2645,84
2646,99
2647,64
2648,70
2649,51
2650,39
2651,105
2652,61
2653,1
2654,14
2655,3
2656,91
2657,43
2658,15
2659,75
2660,23
2661,108
2662,48
2663,44
2664,9
2665,90
2666,65
2667,8
2668,109
2669,95
2670,58
2671,94
2672,42
2673,75
2674,9
2675,3
2676,91
2677,96
2678,21
2679,84
2680,90
2681,81
2682,93
2683,92
2684,24
2685,47
2686,78
2687,9
2688,45
2689,42
2690,68
2691,15
2692,50
2693,3
2694,91
2695,57
2696,65
2697,84
2698,68
2699,103
2700,94
2701,103
2702,90
2703,62
2704,74
2705,86
2706,3
2707,64
2708,65
2709,82
2710,97
2711,49
2712,48
2713,54
2714,74
2715,96
2716,15
2717,14
2718,61
2719,51
2720,42
2721,33
2722,56
2723,70
2724,24
2725,46
2726,10
2727,49
2728,85
2729,99
2730,84
2731,60
2732,79
2733,8
2734,25
2735,78
2736,70
2737,33
2738,58
2739,12
2740,87
2741,38
2742,90
2743,60
2744,91
2745,62
2746,51
2747,12
2748,49
2749,103
2750,33
2751,9
2752,106
2753,15
2754,70
2755,14
2756,15
2757,35
2758,61
2759,44
2760,12
2761,65
2762,26
2763,1
2764,30
2765,109
2766,100
2767,21
2768,84
2769,50
2770,65
2771,93
2772,86
2773,41
2774,58
2775,25
2776,61
2777,64
2778,61
2779,103
2780,79
2781,25
2782,28
2783,70
2784,29
2785,79
2786,97
2787,27
2788,41
2789,2
2790,54
2791,1
2792,43
2793,92
2794,83
2795,26
2796,54
2797,32
2798,17
2799,57
2800,24
2801,1
2802,60
2803,20
2804,1
2805,28
2806,60
2807,31
2808,60
2809,66
2810,43
2811,3
2812,24
2813,89
2814,83
2815,109
2816,56
2817,49
2818,94
2819,3
2820,102
2821,42
2822,55
2823,56
2824,93
2825,54
2826,84
2827,72
2828,90
2829,34
2830,73
2831,45
2832,94
2833,54
2834,75
2835,27
2836,56
2837,3
2838,12
2839,32
2840,84
2841,94
2842,49
2843,93
2844,27
2845,62
2846,88
2847,93
2848,64
2849,70
2850,10
2851,68
2852,28
2853,57
2854,103
2855,79
2856,63
2857,55
2858,93
2859,33
2860,6
2861,70
2862,21
2863,33
2864,42
2865,35
2866,90
2867,27
2868,11
2869,61
2870,74
2871,17
2872,21
2873,26
2874,35
2875,20
2876,28
2877,70
2878,9
2879,78
2880,89
2881,42
2882,81
2883,66
2884,23
2885,43
2886,70
2887,3
2888,45
2889,15
2890,84
2891,49
2892,75
2893,87
2894,41
2895,9
2896,10
2897,86
2898,100
2899,57
2900,106
2901,86
2902,89
2903,1
2904,17
2905,49
2906,30
2907,99
2908,91
2909,72
2910,91
2911,15
2912,62
2913,103
2914,24
2915,57
2916,15
2917,106
2918,30
2919,28
2920,42
2921,14
2922,38
2923,101
2924,43
2925,20
2926,20
2927,30
2928,30
2929,70
2930,55
2931,90
2932,70
2933,26
2934,86
2935,27
2936,58
2937,21
2938,9
2939,61
2940,86
2941,96
2942,35
2943,56
2944,95
2945,47
2946,12
2947,45
2948,28
2949,54
2950,105
2951,92
2952,70
2953,57
2954,27
2955,86
2956,63
2957,51
2958,17
2959,105
2960,89
2961,29
2962,51
2963,57
2964,108
2965,30
2966,83
2967,38
2968,28
2969,13
2970,28
2971,26
2972,90
2973,62
2974,81
2975,54
2976,92
2977,74
2978,83
2979,43
2980,26
2981,96
2982,109
2983,58
2984,32
2985,105
2986,28
2987,109
2988,97
2989,65
2990,64
2991,34
2992,74
2993,60
2994,28
2995,43
2996,79
2997,72
2998,41
2999,74
3000,109
3001,15
3002,103
3003,26
3004,15
3005,21
3006,28
3007,24
3008,73
3009,109
3010,58
3011,84
3012,83
3013,99
3014,103
3015,43
3016,14
3017,95
3018,43
3019,93
3020,39
3021,87
3022,70
3023,44
3024,86
3025,55
3026,108
3027,81
3028,65
3029,93
3030,86
3031,65
3032,88
3033,73
3034,24
3035,99
3036,68
3037,55
3038,21
3039,11
3040,13
3041,9
3042,100
3043,15
3044,60
3045,43
3046,29
3047,51
3048,14
3049,104
3050,64
3051,54
3052,84
3053,86
3054,103
3055,97
3056,73
3057,30
3058,60
3059,92
3060,12
3061,64
3062,65
3063,93
3064,100
3065,13
3066,1
3067,51
3068,33
3069,68
3070,3
3071,49
3072,6
3073,42
3074,25
3075,60
3076,75
3077,47
3078,93
3079,42
3080,42
3081,58
3082,66
3083,38
3084,109
3085,54
3086,10
3087,44
3088,75
3089,60
3090,14
3091,30
3092,13
3093,90
3094,53
3095,64
3096,96
3097,94
3098,74
3099,95
3100,49
3101,47
3102,41
3103,61
3104,33
3105,53
3106,68
3107,42
3108,29
3109,1
3110,57
3111,3
3112,87
3113,55
3114,44
3115,45
3116,60
3117,51
3118,89
3119,86
3120,96
3121,106
3122,39
3123,90
3124,100
3125,87
3126,84
3127,93
3128,61
3129,34
3130,88
3131,42
3132,26
3133,91
3134,35
3135,27
3136,34
3137,96
3138,105
3139,24
3140,49
3141,29
3142,66
3143,4
3144,3
3145,10
3146,109
3147,2
3148,109
3149,24
3150,96
3151,35
3152,84
3153,106
3154,25
3155,86
3156,97
3157,66
3158,94
3159,68
3160,26
3161,3
3162,61
3163,44
3164,2
3165,104
3166,93
3167,65
3168,68
3169,34
3170,74
3171,81
3172,9
3173,1
3174,105
3175,25
3176,38
3177,83
3178,30
3179,54
3180,57
3181,97
3182,96
3183,9
3184,44
3185,65
3186,70
3187,39
3188,1
3189,9
3190,72
3191,53
3192,106
3193,53
3194,35
3195,81
3196,26
3197,103
3198,34
3199,74
3200,33
3201,49
3202,99
3203,60
3204,29
3205,70
3206,97
3207,104
3208,25
3209,1
3210,101
3211,74
3212,93
3213,10
3214,17
3215,3
3216,105
3217,68
3218,25
3219,70
3220,45
3221,83
3222,28
3223,56
3224,70
3225,74
3226,90
3227,55
3228,49
3229,58
3230,35
3231,15
3232,106
3233,97
3234,28
3235,65
3236,91
3237,78
3238,108
3239,95
3240,70
3241,13
3242,83
3243,95
3244,13
3245,12
3246,39
3247,109
3248,88
3249,15
3250,30
3251,39
3252,91
3253,60
3254,30
3255,60
3256,91
3257,29
3258,12
3259,3
3260,21
3261,15
3262,70
3263,58
3264,30
3265,33
3266,90
3267,57
3268,96
3269,90
3270,84
3271,15
3272,27
3273,32
3274,34
3275,13
3276,32
3277,84
3278,68
3279,54
3280,70
3281,79
3282,33
3283,53
3284,1
3285,61
3286,106
3287,93
3288,25
3289,90
3290,79
3291,93
3292,101
3293,28
3294,42
3295,73
3296,41
3297,99
3298,1
3299,21
3300,39
3301,84
3302,44
3303,86
3304,32
3305,81
3306,3
3307,88
3308,49
3309,28
3310,25
3311,103
3312,1
3313,68
3314,90
3315,43
3316,1
3317,91
3318,66
3319,51
3320,58
3321,28
3322,96
3323,104
3324,29
3325,89
3326,49
3327,1
3328,65
3329,62
3330,2
3331,1
3332,90
3333,25
3334,35
3335,72
3336,39
3337,9
3338,13
3339,86
3340,58
3341,29
3342,54
3343,84
3344,21
3345,27
3346,53
3347,83
3348,64
3349,39
3350,101
3351,43
3352,101
3353,68
3354,99
3355,45
3356,47
3357,81
3358,96
3359,64
3360,60
3361,89
3362,79
3363,21
3364,17
3365,21
3366,90
3367,17
3368,83
3369,1
3370,65
3371,6
3372,81
3373,66
3374,90
3375,99
3376,95
3377,55
3378,78
3379,25
3380,9
3381,43
3382,84
3383,87
3384,13
3385,3
3386,42
3387,55
3388,91
3389,35
3390,39
3391,81
3392,44
3393,73
3394,33
3395,65
3396,93
3397,66
3398,27
3399,65
3400,1
3401,86
3402,12
3403,61
3404,15
3405,83
3406,51
3407,96
3408,54
3409,57
3410,66
3411,86
3412,9
3413,13
3414,57
3415,49
3416,47
3417,86
3418,91
3419,90
3420,21
3421,26
3422,109
3423,1
3424,47
3425,60
3426,65
3427,81
3428,27
3429,90
3430,93
3431,49
3432,105
3433,3
3434,103
3435,79
3436,73
3437,95
3438,49
3439,91
3440,26
3441,1
3442,68
3443,73
3444,9
3445,100
3446,14
3447,49
3448,30
3449,100
3450,26
3451,89
3452,10
3453,65
3454,87
3455,35
3456,68
3457,60
3458,13
3459,83
3460,42
3461,13
3462,30
3463,60
3464,70
3465,13
3466,49
3467,78
3468,15
3469,68
3470,68
3471,90
3472,10
3473,24
3474,75
3475,65
3476,105
3477,9
3478,87
3479,14
3480,65
3481,25
3482,81
3483,93
3484,27
3485,24
3486,93
3487,1
3488,58
3489,90
3490,104
3491,28
3492,90
3493,1
3494,54
3495,60
3496,86
3497,34
3498,60
3499,79
3500,55
3501,104
3502,10
3503,60
3504,55
3505,3
3506,99
3507,60
3508,100
3509,26
3510,26
3511,109
3512,33
3513,42
3514,44
3515,34
3516,60
3517,70
3518,15
3519,78
3520,10
3521,24
3522,25
3523,54
3524,87
3525,42
3526,70
3527,15
3528,55
3529,86
3530,3
3531,93
3532,28
3533,28
3534,101
3535,105
3536,103
3537,57
3538,29
3539,109
3540,14
3541,60
3542,109
3543,21
3544,57
3545,83
3546,66
3547,58
3548,79
3549,54
3550,84
3551,51
3552,86
3553,65
3554,35
3555,97
3556,103
3557,42
3558,26
3559,84
3560,90
3561,55
3562,66
3563,97
3564,83
3565,43
3566,27
3567,109
3568,15
3569,89
3570,109
3571,84
3572,86
3573,1
3574,97
3575,64
3576,95
3577,13
3578,15
3579,29
3580,73
3581,9
3582,73
3583,10
3584,70
3585,89
3586,45
3587,91
3588,13
3589,13
3590,45
3591,74
3592,13
3593,84
3594,34
3595,89
3596,64
3597,35
3598,96
3599,64
3600,83
3601,13
3602,32
3603,24
3604,96
3605,84
3606,42
3607,21
3608,26
3609,34
3610,30
3611,21
3612,106
3613,54
3614,94
3615,45
3616,74
3617,91
3618,83
3619,90
3620,93
3621,58
3622,12
3623,100
3624,58
3625,3
3626,28
3627,109
3628,27
3629,43
3630,9
3631,96
3632,42
3633,57
3634,30
3635,60
3636,58
3637,65
3638,90
3639,70
3640,27
3641,65
3642,74
3643,57
3644,66
3645,99
3646,66
3647,83
3648,44
3649,106
3650,74
3651,86
3652,35
3653,15
3654,84
3655,34
3656,32
3657,1
3658,47
3659,25
3660,26
3661,13
3662,65
3663,10
3664,24
3665,15
3666,26
3667,68
3668,13
3669,109
3670,32
3671,60
3672,29
3673,86
3674,79
3675,13
3676,96
3677,90
3678,100
3679,100
3680,60
3681,28
3682,9
3683,42
3684,94
3685,34
3686,3
3687,15
3688,55
3689,39
3690,55
3691,93
3692,84
3693,35
3694,91
3695,24
3696,95
3697,49
3698,75
3699,27
3700,44
3701,27
3702,28
3703,29
3704,3
3705,32
3706,49
3707,95
3708,65
3709,39
3710,27
3711,61
3712,103
3713,27
3714,21
3715,65
3716,32
3717,54
3718,10
3719,90
3720,39
3721,70
3722,35
3723,30
3724,66
3725,30
3726,9
3727,49
3728,70
3729,29
3730,9
3731,84
3732,94
3733,73
3734,91
3735,60
3736,64
3737,13
3738,84
3739,109
3740,90
3741,70
3742,33
3743,84
3744,43
3745,54
3746,58
3747,66
3748,25
3749,84
3750,74
3751,103
3752,24
3753,57
3754,74
3755,79
3756,45
3757,93
3758,24
3759,54
3760,39
3761,61
3762,29
3763,27
3764,54
3765,55
3766,64
3767,84
3768,74
3769,57
3770,84
3771,91
3772,35
3773,99
3774,10
3775,9
3776,81
3777,26
3778,75
3779,29
3780,39
3781,21
3782,9
3783,55
3784,58
3785,25
3786,42
3787,32
3788,1
3789,74
3790,45
3791,83
3792,43
3793,29
3794,73
3795,86
3796,65
3797,105
3798,93
3799,91
3800,65
3801,33
3802,66
3803,99
3804,49
3805,79
3806,57
3807,42
3808,84
3809,84
3810,105
3811,34
3812,65
3813,66
3814,45
3815,34
3816,55
3817,83
3818,44
3819,84
3820,91
3821,65
3822,29
3823,103
3824,81
3825,93
3826,27
3827,91
3828,83
3829,45
3830,90
3831,83
3832,1
3833,25
3834,74
3835,29
3836,27
3837,93
3838,83
3839,32
3840,1
3841,60
3842,15
3843,93
3844,65
3845,99
3846,95
3847,64
3848,103
3849,24
3850,99
3851,15
3852,105
3853,79
3854,109
3855,57
3856,91
3857,33
3858,73
3859,28
3860,58
3861,81
3862,91
3863,35
3864,93
3865,49
3866,58
3867,26
3868,70
3869,33
3870,35
3871,54
3872,65
3873,39
3874,35
3875,3
3876,60
3877,9
3878,81
3879,30
3880,79
3881,30
3882,83
3883,70
3884,26
3885,74
3886,44
3887,84
3888,68
3889,70
3890,49
3891,29
3892,30
3893,84
3894,84
3895,30
3896,66
3897,68
3898,1
3899,109
3900,42
3901,30
3902,86
3903,64
3904,13
3905,39
3906,13
3907,66
3908,30
3909,42
3910,91
3911,45
3912,66
3913,65
3914,90
3915,43
3916,13
3917,103
3918,86
3919,21
3920,54
3921,68
3922,84
3923,26
3924,60
3925,58
3926,83
3927,84
3928,15
3929,26
3930,15
3931,58
3932,83
3933,33
3934,66
3935,29
3936,21
3937,1
3938,33
3939,83
3940,60
3941,79
3942,21
3943,57
3944,91
3945,33
3946,58
3947,73
3948,79
3949,15
3950,57
3951,25
3952,105
3953,15
3954,81
3955,13
3956,13
3957,60
3958,91
3959,93
3960,34
3961,91
3962,25
3963,81
3964,39
3965,3
3966,74
3967,28
3968,43
3969,49
3970,58
3971,42
3972,90
3973,60
3974,21
3975,42
3976,65
3977,93
3978,103
3979,84
3980,74
3981,70
3982,44
3983,109
3984,34
3985,109
3986,60
3987,3
3988,95
3989,57
3990,109
3991,83
3992,25
3993,60
3994,79
3995,83
3996,25
3997,60
3998,1
3999,45
4000,65
