1,14
2,13
3,26
4,25
5,12
6,17
7,22
8,20
9,20
10,15
11,11
12,12
13,21
14,3
15,3
16,22
17,26
18,22
19,26
20,16
21,9
22,25
23,25
24,17
25,2
26,19
27,20
28,13
29,18
30,24
31,26
32,18
33,3
34,7
35,3
36,24
37,23
38,17
39,4
40,20
41,16
42,26
43,14
44,13
45,11
46,26
47,6
48,3
49,26
50,20
51,25
52,19
53,14
54,2
55,4
56,5
57,22
58,24
59,16
60,16
61,9
62,18
63,25
64,5
65,11
66,10
67,24
68,7
69,26
70,26
71,14
72,20
73,17
74,9
75,11
76,6
77,21
78,1
79,8
80,14
81,17
82,20
83,3
84,16
85,26
86,19
87,17
88,5
89,21
90,22
91,11
92,9
93,14
94,4
95,8
96,7
97,13
98,19
99,16
100,13
101,3
102,16
103,15
104,6
105,9
106,2
107,20
108,21
109,4
110,22
111,5
112,11
113,3
114,25
115,8
116,3
117,21
118,21
119,7
120,10
121,5
122,9
123,15
124,20
125,11
126,23
127,5
128,6
129,21
130,18
131,25
132,9
133,22
134,25
135,7
136,1
137,19
138,21
139,19
140,6
141,25
142,12
143,23
144,11
145,9
146,21
147,24
148,25
149,8
150,17
151,8
152,26
153,19
154,5
155,11
156,8
157,11
158,14
159,16
160,26
161,22
162,13
163,3
164,10
165,19
166,26
167,5
168,8
169,12
170,24
171,26
172,10
173,12
174,3
175,17
176,9
177,9
178,18
179,11
180,18
181,1
182,16
183,9
184,6
185,3
186,19
187,19
188,19
189,12
190,20
191,21
192,1
193,3
194,26
195,9
196,25
197,19
198,13
199,18
200,21
201,8
202,5
203,25
204,13
205,13
206,22
207,21
208,9
209,3
210,13
211,6
212,21
213,8
214,17
215,12
216,19
217,10
218,19
219,6
220,21
221,11
222,17
223,26
224,8
225,14
226,23
227,22
228,18
229,20
230,5
231,18
232,1
233,6
234,12
235,11
236,21
237,5
238,8
239,11
240,9
241,23
242,19
243,26
244,26
245,21
246,23
247,10
248,22
249,25
250,13
251,1
252,18
253,3
254,1
255,23
256,23
257,2
258,3
259,4
260,2
261,10
262,19
263,2
264,6
265,10
266,10
267,10
268,12
269,11
270,20
271,2
272,10
273,25
274,13
275,15
276,26
277,17
278,12
279,25
280,8
281,12
282,21
283,11
284,21
285,20
286,9
287,12
288,26
289,14
290,10
291,20
292,22
293,8
294,24
295,16
296,17
297,25
298,19
299,24
300,11
301,9
302,20
303,24
304,23
305,19
306,4
307,2
308,21
309,19
310,24
311,2
312,13
313,11
314,22
315,22
316,26
317,19
318,26
319,22
320,3
321,11
322,16
323,20
324,25
325,23
326,11
327,19
328,3
329,3
330,11
331,21
332,6
333,17
334,21
335,25
336,26
337,7
338,11
339,25
340,21
341,25
342,3
343,18
344,4
345,15
346,18
347,4
348,4
349,25
350,21
351,21
352,17
353,13
354,4
355,17
356,13
357,15
358,6
359,2
360,1
361,8
362,24
363,9
364,24
365,3
366,1
367,1
368,17
369,21
370,22
371,2
372,13
373,26
374,11
375,8
376,22
377,8
378,1
379,14
380,21
381,20
382,16
383,3
384,19
385,11
386,19
387,26
388,5
389,14
390,21
391,5
392,23
393,4
394,25
395,18
396,2
397,2
398,11
399,26
400,9
401,25
402,24
403,25
404,23
405,14
406,11
407,8
408,18
409,2
410,25
411,18
412,14
413,14
414,26
415,3
416,6
417,4
418,25
419,4
420,18
421,26
422,8
423,25
424,11
425,15
426,18
427,20
428,23
429,21
430,11
431,9
432,21
433,21
434,15
435,14
436,13
437,3
438,4
439,24
440,22
441,11
442,7
443,2
444,7
445,2
446,15
447,26
448,3
449,11
450,8
451,17
452,2
453,25
454,26
455,9
456,19
457,19
458,16
459,26
460,2
461,14
462,26
463,21
464,21
465,15
466,3
467,3
468,20
469,11
470,18
471,2
472,3
473,8
474,1
475,11
476,23
477,11
478,11
479,26
480,2
481,16
482,11
483,3
484,11
485,8
486,15
487,26
488,15
489,25
490,18
491,18
492,20
493,25
494,1
495,22
496,8
497,3
498,2
499,19
500,15
501,23
502,3
503,25
504,15
505,18
506,3
507,1
508,3
509,5
510,1
511,11
512,8
513,8
514,22
515,9
516,11
517,23
518,5
519,1
520,7
521,25
522,20
523,9
524,11
525,7
526,11
527,26
528,3
529,19
530,16
531,25
532,25
533,9
534,17
535,25
536,16
537,22
538,3
539,3
540,22
541,1
542,25
543,15
544,20
545,5
546,25
547,11
548,25
549,16
550,8
551,13
552,7
553,4
554,8
555,21
556,8
557,21
558,3
559,7
560,7
561,2
562,22
563,25
564,25
565,22
566,18
567,21
568,8
569,9
570,8
571,3
572,8
573,8
574,21
575,19
576,21
577,21
578,5
579,19
580,26
581,25
582,2
583,7
584,3
585,25
586,26
587,20
588,3
589,3
590,14
591,4
592,20
593,21
594,21
595,16
596,25
597,4
598,7
599,8
600,18
601,4
602,14
603,7
604,18
605,25
606,11
607,17
608,19
609,25
610,9
611,25
612,3
613,7
614,7
615,15
616,17
617,2
618,8
619,15
620,15
621,18
622,2
623,17
624,25
625,17
626,20
627,11
628,17
629,7
630,20
631,25
632,11
633,11
634,4
635,2
636,21
637,8
638,20
639,9
640,25
641,21
642,3
643,4
644,26
645,3
646,3
647,25
648,3
649,20
650,8
651,21
652,8
653,3
654,3
655,4
656,26
657,26
658,25
659,8
660,9
661,21
662,25
663,11
664,9
665,25
666,15
667,11
668,25
669,25
670,19
671,20
672,22
673,17
674,15
675,11
676,8
677,19
678,7
679,21
680,18
681,9
682,7
683,20
684,7
685,26
686,11
687,25
688,25
689,15
690,18
691,9
692,26
693,3
694,19
695,3
696,15
697,8
698,9
699,25
700,26
701,3
702,18
703,3
704,17
705,25
706,11
707,15
708,19
709,2
710,21
711,19
712,15
713,25
714,4
715,2
716,8
717,20
718,21
719,15
720,8
721,21
722,22
723,4
724,26
725,11
726,7
727,3
728,26
729,3
730,15
731,2
732,3
733,9
734,22
735,21
736,2
737,4
738,22
739,15
740,7
741,7
742,7
743,25
744,11
745,18
746,21
747,3
748,11
749,17
750,25
751,8
752,25
753,21
754,9
755,20
756,26
757,3
758,26
759,25
760,3
761,26
762,22
763,18
764,9
765,11
766,8
767,9
768,26
769,3
770,19
771,15
772,21
773,26
774,26
775,11
776,2
777,11
778,9
779,3
780,9
781,8
782,21
783,9
784,21
785,3
786,3
787,9
788,26
789,9
790,8
791,22
792,20
793,25
794,8
795,25
796,25
797,8
798,21
799,3
800,25
801,9
802,8
803,19
804,3
805,21
806,19
807,3
808,3
809,18
810,21
811,11
812,2
813,2
814,3
815,11
816,3
817,8
818,3
819,9
820,9
821,8
822,22
823,22
824,18
825,22
826,25
827,18
828,25
829,19
830,21
831,11
832,3
833,26
834,26
835,21
836,3
837,25
838,22
839,8
840,3
841,11
842,25
843,3
844,25
845,22
846,2
847,22
848,21
849,11
850,25
851,18
852,21
853,25
854,20
855,2
856,9
857,11
858,21
859,25
860,26
861,26
862,22
863,22
864,3
865,18
866,3
867,25
868,20
869,20
870,9
871,11
872,18
873,9
874,21
875,11
876,11
877,9
878,22
879,8
880,11
881,2
882,3
883,9
884,11
885,25
886,20
887,26
888,11
889,25
890,26
891,2
892,8
893,11
894,20
895,8
896,19
897,11
898,11
899,25
900,8
901,21
902,26
903,26
904,20
905,8
906,21
907,8
908,25
909,26
910,9
911,9
912,9
913,3
914,21
915,8
916,25
917,21
918,3
919,19
920,26
921,11
922,21
923,11
924,3
925,3
926,22
927,9
928,25
929,21
930,19
931,22
932,19
933,26
934,25
935,9
936,3
937,22
938,3
939,25
940,19
941,22
942,25
943,25
944,19
945,8
946,8
947,21
948,11
949,9
950,11
951,25
952,9
953,21
954,21
955,3
956,3
957,3
958,21
959,21
960,3
961,3
962,19
963,25
964,25
965,11
966,9
967,11
968,3
969,25
970,21
971,26
972,25
973,26
974,11
975,3
976,8
977,25
978,25
979,3
980,9
981,21
982,25
983,11
984,8
985,3
986,26
987,8
988,21
989,25
990,3
991,25
992,25
993,3
994,8
995,8
996,21
997,26
998,11
999,8
1000,11
