1,1
2,13
3,19
4,6
5,11
6,23
7,24
8,19
9,16
10,20
11,22
12,10
13,17
14,10
15,25
16,24
17,25
18,17
19,16
20,14
21,19
22,22
23,4
24,15
25,13
26,24
27,19
28,17
29,6
30,17
31,13
32,10
33,17
34,14
35,17
36,4
37,2
38,12
39,4
40,14
41,14
42,24
43,13
44,14
45,23
46,25
47,2
48,14
49,23
50,19
51,21
52,17
53,20
54,1
55,13
56,10
57,24
58,14
59,9
60,22
61,19
62,25
63,15
64,21
65,10
66,3
67,9
68,13
69,6
70,19
71,3
72,6
73,7
74,10
75,23
76,14
77,22
78,15
79,22
80,4
81,19
82,16
83,22
84,4
85,13
86,11
87,25
88,3
89,4
90,19
91,15
92,11
93,5
94,18
95,22
96,1
97,4
98,13
99,11
100,1
101,8
102,22
103,24
104,18
105,7
106,24
107,15
108,17
109,10
110,13
111,14
112,17
113,22
114,3
115,15
116,5
117,11
118,1
119,22
120,13
121,14
122,14
123,14
124,19
125,11
126,11
127,15
128,13
129,1
130,11
131,19
132,17
133,21
134,4
135,2
136,17
137,10
138,19
139,14
140,13
141,20
142,21
143,2
144,13
145,23
146,19
147,4
148,19
149,21
150,13
151,8
152,14
153,23
154,17
155,19
156,3
157,3
158,20
159,3
160,22
161,1
162,16
163,5
164,1
165,14
166,23
167,16
168,15
169,13
170,17
171,23
172,21
173,23
174,10
175,19
176,4
177,21
178,22
179,20
180,14
181,23
182,2
183,9
184,14
185,9
186,13
187,17
188,9
189,24
190,13
191,3
192,18
193,13
194,15
195,5
196,11
197,17
198,14
199,17
200,22
201,24
202,21
203,25
204,14
205,13
206,16
207,17
208,23
209,16
210,13
211,4
212,22
213,14
214,7
215,19
216,1
217,1
218,17
219,1
220,19
221,18
222,8
223,17
224,17
225,22
226,21
227,23
228,21
229,8
230,20
231,3
232,25
233,23
234,21
235,24
236,14
237,22
238,11
239,23
240,17
241,17
242,6
243,9
244,15
245,22
246,12
247,19
248,13
249,20
250,23
251,14
252,23
253,17
254,4
255,1
256,17
257,1
258,22
259,17
260,14
261,7
262,23
263,24
264,23
265,17
266,4
267,10
268,25
269,21
270,19
271,23
272,3
273,13
274,17
275,16
276,14
277,17
278,22
279,10
280,17
281,23
282,21
283,21
284,21
285,14
286,19
287,22
288,23
289,21
290,12
291,20
292,13
293,14
294,23
295,24
296,8
297,19
298,22
299,22
300,6
301,24
302,19
303,5
304,16
305,22
306,16
307,19
308,20
309,16
310,15
311,19
312,14
313,14
314,20
315,23
316,25
317,14
318,22
319,8
320,11
321,15
322,6
323,23
324,21
325,4
326,25
327,21
328,1
329,10
330,23
331,1
332,11
333,16
334,2
335,14
336,23
337,4
338,13
339,1
340,22
341,19
342,23
343,4
344,8
345,6
346,4
347,21
348,4
349,21
350,21
351,13
352,4
353,13
354,8
355,14
356,17
357,1
358,21
359,10
360,14
361,22
362,13
363,23
364,8
365,19
366,11
367,9
368,21
369,21
370,23
371,4
372,19
373,14
374,14
375,17
376,15
377,17
378,23
379,17
380,14
381,14
382,8
383,13
384,13
385,14
386,11
387,14
388,21
389,8
390,1
391,14
392,6
393,2
394,10
395,14
396,22
397,6
398,18
399,23
400,23
401,16
402,25
403,4
404,14
405,24
406,17
407,22
408,6
409,1
410,11
411,8
412,4
413,18
414,14
415,23
416,19
417,19
418,22
419,11
420,4
421,2
422,17
423,22
424,19
425,17
426,18
427,7
428,17
429,22
430,14
431,6
432,4
433,5
434,22
435,23
436,11
437,22
438,14
439,14
440,22
441,8
442,14
443,6
444,10
445,25
446,12
447,23
448,16
449,20
450,6
451,8
452,10
453,15
454,21
455,11
456,9
457,7
458,22
459,11
460,12
461,25
462,14
463,19
464,2
465,19
466,7
467,6
468,21
469,4
470,16
471,25
472,21
473,25
474,12
475,20
476,16
477,10
478,11
479,22
480,23
481,15
482,19
483,9
484,23
485,13
486,17
487,17
488,4
489,23
490,12
491,25
492,15
493,1
494,22
495,8
496,10
497,16
498,1
499,25
500,23
501,13
502,13
503,17
504,3
505,16
506,13
507,25
508,8
509,25
510,10
511,11
512,2
513,3
514,13
515,25
516,13
517,10
518,13
519,23
520,14
521,17
522,22
523,8
524,17
525,20
526,17
527,14
528,8
529,16
530,4
531,23
532,8
533,21
534,16
535,19
536,15
537,9
538,25
539,1
540,15
541,17
542,12
543,15
544,6
545,11
546,14
547,16
548,14
549,21
550,25
551,11
552,20
553,21
554,14
555,3
556,7
557,19
558,22
559,25
560,23
561,15
562,21
563,15
564,6
565,10
566,9
567,1
568,10
569,10
570,5
571,12
572,7
573,14
574,16
575,4
576,25
577,19
578,1
579,1
580,19
581,12
582,17
583,14
584,10
585,16
586,18
587,9
588,25
589,13
590,11
591,3
592,13
593,22
594,2
595,23
596,12
597,14
598,11
599,17
600,4
601,25
602,10
603,25
604,21
605,21
606,6
607,25
608,14
609,17
610,19
611,22
612,15
613,17
614,14
615,1
616,14
617,22
618,18
619,23
620,19
621,5
622,22
623,21
624,22
625,17
626,21
627,15
628,4
629,10
630,14
631,18
632,17
633,18
634,14
635,24
636,22
637,13
638,23
639,10
640,5
641,22
642,23
643,3
644,8
645,18
646,13
647,14
648,19
649,21
650,10
651,20
652,23
653,24
654,13
655,14
656,22
657,21
658,11
659,13
660,4
661,2
662,11
663,4
664,21
665,21
666,16
667,7
668,1
669,13
670,5
671,10
672,21
673,23
674,23
675,4
676,12
677,4
678,5
679,22
680,9
681,17
682,10
683,22
684,21
685,25
686,17
687,10
688,11
689,17
690,8
691,11
692,15
693,8
694,22
695,16
696,15
697,18
698,13
699,5
700,17
701,17
702,1
703,13
704,8
705,24
706,8
707,25
708,19
709,21
710,16
711,4
712,11
713,17
714,13
715,4
716,1
717,23
718,24
719,5
720,23
721,11
722,10
723,13
724,19
725,22
726,13
727,1
728,1
729,15
730,25
731,20
732,9
733,1
734,8
735,17
736,20
737,20
738,21
739,23
740,17
741,20
742,23
743,7
744,21
745,14
746,23
747,14
748,21
749,17
750,20
751,17
752,23
753,7
754,1
755,23
756,1
757,5
758,19
759,18
760,7
761,17
762,14
763,8
764,14
765,7
766,20
767,11
768,10
769,19
770,10
771,14
772,13
773,18
774,23
775,15
776,24
777,23
778,22
779,3
780,18
781,22
782,11
783,14
784,13
785,21
786,20
787,23
788,23
789,25
790,17
791,21
792,19
793,24
794,17
795,13
796,24
797,17
798,21
799,18
800,1
801,19
802,15
803,11
804,1
805,17
806,23
807,25
808,16
809,22
810,17
811,20
812,22
813,18
814,16
815,9
816,19
817,21
818,23
819,4
820,21
821,10
822,22
823,1
824,19
825,9
826,23
827,23
828,4
829,4
830,17
831,20
832,14
833,8
834,1
835,11
836,17
837,8
838,25
839,10
840,14
841,15
842,13
843,10
844,14
845,9
846,13
847,1
848,19
849,22
850,16
851,22
852,22
853,4
854,23
855,17
856,21
857,8
858,14
859,13
860,13
861,23
862,23
863,17
864,11
865,19
866,10
867,13
868,8
869,23
870,9
871,22
872,25
873,22
874,20
875,10
876,23
877,19
878,6
879,19
880,23
881,9
882,19
883,24
884,13
885,10
886,8
887,24
888,22
889,20
890,23
891,23
892,17
893,1
894,8
895,1
896,10
897,11
898,19
899,17
900,24
901,22
902,13
903,21
904,24
905,8
906,13
907,10
908,13
909,14
910,13
911,10
912,14
913,11
914,14
915,20
916,14
917,25
918,11
919,14
920,4
921,17
922,17
923,4
924,21
925,4
926,17
927,23
928,4
929,13
930,19
931,1
932,10
933,4
934,25
935,14
936,22
937,17
938,11
939,21
940,1
941,20
942,14
943,21
944,24
945,13
946,21
947,19
948,13
949,19
950,21
951,4
952,10
953,11
954,20
955,17
956,8
957,21
958,17
959,22
960,24
961,25
962,13
963,17
964,25
965,21
966,25
967,14
968,17
969,21
970,1
971,15
972,22
973,22
974,22
975,23
976,10
977,13
978,25
979,21
980,14
981,13
982,25
983,17
984,1
985,23
986,23
987,22
988,17
989,19
990,17
991,15
992,11
993,1
994,17
995,13
996,17
997,13
998,8
999,23
1000,4
