1,94
2,36
3,44
4,90
5,23
6,71
7,16
8,14
9,27
10,48
11,90
12,48
13,91
14,7
15,35
16,16
17,33
18,87
19,101
20,76
21,91
22,43
23,6
24,36
25,43
26,91
27,10
28,96
29,40
30,78
31,96
32,24
33,49
34,13
35,16
36,98
37,45
38,6
39,86
40,47
41,25
42,79
43,60
44,49
45,17
46,36
47,94
48,64
49,6
50,67
51,72
52,65
53,44
54,3
55,30
56,27
57,35
58,43
59,53
60,96
61,1
62,16
63,19
64,88
65,47
66,13
67,7
68,77
69,50
70,9
71,99
72,70
73,97
74,87
75,29
76,77
77,73
78,5
79,60
80,87
81,82
82,88
83,92
84,16
85,90
86,11
87,5
88,70
89,45
90,57
91,69
92,13
93,22
94,99
95,5
96,83
97,6
98,82
99,11
100,97
101,100
102,76
103,6
104,48
105,63
106,94
107,66
108,34
109,40
110,77
111,88
112,3
113,98
114,7
115,77
116,71
117,45
118,4
119,99
120,31
121,69
122,46
123,25
124,42
125,30
126,45
127,18
128,53
129,34
130,75
131,30
132,9
133,100
134,43
135,18
136,65
137,91
138,20
139,88
140,88
141,12
142,18
143,51
144,16
145,53
146,57
147,28
148,66
149,40
150,94
151,44
152,6
153,13
154,76
155,79
156,1
157,25
158,16
159,67
160,95
161,38
162,89
163,40
164,90
165,86
166,70
167,33
168,56
169,59
170,34
171,27
172,26
173,4
174,88
175,67
176,49
177,87
178,82
179,91
180,81
181,11
182,83
183,23
184,85
185,41
186,103
187,49
188,49
189,85
190,88
191,11
192,3
193,13
194,44
195,5
196,44
197,67
198,64
199,97
200,91
201,88
202,37
203,74
204,9
205,6
206,66
207,30
208,66
209,82
210,82
211,6
212,37
213,34
214,95
215,59
216,59
217,8
218,15
219,21
220,45
221,37
222,66
223,81
224,67
225,11
226,20
227,90
228,70
229,102
230,35
231,18
232,91
233,6
234,18
235,85
236,88
237,60
238,82
239,84
240,34
241,16
242,42
243,48
244,69
245,36
246,30
247,4
248,43
249,11
250,36
251,88
252,97
253,83
254,54
255,93
256,55
257,18
258,92
259,31
260,51
261,67
262,40
263,49
264,5
265,16
266,51
267,13
268,46
269,101
270,88
271,95
272,59
273,4
274,34
275,25
276,19
277,19
278,65
279,83
280,63
281,65
282,10
283,17
284,61
285,99
286,20
287,30
288,80
289,91
290,88
291,70
292,48
293,31
294,4
295,27
296,39
297,84
298,8
299,53
300,82
301,10
302,44
303,5
304,47
305,84
306,4
307,101
308,85
309,12
310,44
311,81
312,82
313,46
314,66
315,16
316,21
317,17
318,5
319,77
320,34
321,16
322,88
323,91
324,10
325,30
326,5
327,48
328,44
329,23
330,17
331,8
332,16
333,100
334,34
335,18
336,46
337,66
338,9
339,25
340,32
341,85
342,86
343,95
344,34
345,48
346,101
347,95
348,20
349,33
350,81
351,90
352,36
353,103
354,11
355,94
356,59
357,67
358,25
359,26
360,70
361,36
362,33
363,78
364,8
365,23
366,38
367,45
368,23
369,7
370,86
371,100
372,64
373,60
374,8
375,42
376,25
377,91
378,17
379,11
380,91
381,39
382,47
383,41
384,103
385,15
386,86
387,48
388,45
389,73
390,103
391,7
392,92
393,75
394,87
395,65
396,97
397,82
398,86
399,84
400,70
401,28
402,76
403,82
404,65
405,86
406,3
407,25
408,19
409,95
410,12
411,15
412,6
413,83
414,44
415,36
416,5
417,87
418,66
419,6
420,87
421,46
422,14
423,103
424,19
425,71
426,59
427,3
428,46
429,16
430,45
431,69
432,2
433,55
434,38
435,86
436,16
437,4
438,67
439,73
440,69
441,13
442,63
443,42
444,49
445,100
446,18
447,90
448,18
449,65
450,39
451,82
452,42
453,53
454,16
455,90
456,54
457,1
458,85
459,20
460,35
461,5
462,59
463,15
464,5
465,98
466,54
467,40
468,63
469,82
470,51
471,49
472,36
473,94
474,51
475,95
476,14
477,42
478,45
479,82
480,29
481,27
482,83
483,89
484,85
485,12
486,98
487,90
488,96
489,94
490,86
491,87
492,96
493,82
494,90
495,65
496,6
497,19
498,25
499,40
500,51
501,89
502,63
503,18
504,63
505,29
506,102
507,16
508,30
509,13
510,13
511,35
512,95
513,57
514,5
515,86
516,42
517,34
518,17
519,47
520,10
521,66
522,51
523,14
524,63
525,44
526,41
527,18
528,3
529,48
530,61
531,35
532,5
533,103
534,4
535,67
536,95
537,26
538,73
539,4
540,69
541,21
542,17
543,90
544,28
545,18
546,46
547,6
548,86
549,29
550,66
551,80
552,7
553,103
554,1
555,102
556,30
557,52
558,90
559,13
560,74
561,77
562,91
563,71
564,94
565,31
566,85
567,4
568,91
569,56
570,29
571,81
572,65
573,89
574,49
575,88
576,25
577,82
578,101
579,3
580,9
581,42
582,87
583,75
584,37
585,42
586,5
587,32
588,101
589,85
590,6
591,67
592,45
593,13
594,62
595,43
596,6
597,73
598,99
599,66
600,65
601,6
602,49
603,23
604,29
605,58
606,26
607,16
608,82
609,30
610,24
611,31
612,40
613,85
614,86
615,16
616,41
617,57
618,73
619,88
620,65
621,59
622,25
623,1
624,68
625,77
626,5
627,73
628,38
629,63
630,77
631,102
632,74
633,86
634,24
635,69
636,57
637,29
638,4
639,44
640,65
641,47
642,89
643,89
644,80
645,34
646,28
647,16
648,52
649,63
650,48
651,92
652,77
653,16
654,88
655,48
656,67
657,91
658,65
659,29
660,91
661,100
662,86
663,1
664,25
665,87
666,11
667,38
668,67
669,1
670,103
671,75
672,88
673,7
674,1
675,13
676,44
677,83
678,27
679,55
680,1
681,35
682,49
683,5
684,48
685,5
686,91
687,25
688,87
689,2
690,18
691,100
692,85
693,82
694,41
695,103
696,88
697,95
698,78
699,1
700,22
701,91
702,49
703,73
704,1
705,61
706,47
707,20
708,86
709,75
710,59
711,91
712,66
713,41
714,89
715,97
716,8
717,82
718,94
719,85
720,31
721,25
722,69
723,49
724,83
725,97
726,10
727,78
728,10
729,66
730,25
731,103
732,88
733,18
734,34
735,73
736,46
737,91
738,61
739,30
740,76
741,13
742,5
743,50
744,11
745,72
746,80
747,88
748,1
749,94
750,18
751,57
752,62
753,25
754,92
755,11
756,47
757,84
758,67
759,5
760,21
761,63
762,103
763,6
764,43
765,13
766,91
767,46
768,63
769,40
770,95
771,78
772,11
773,54
774,55
775,82
776,93
777,103
778,3
779,29
780,103
781,59
782,69
783,11
784,29
785,64
786,73
787,5
788,30
789,77
790,77
791,9
792,88
793,6
794,25
795,8
796,16
797,93
798,66
799,97
800,69
801,2
802,33
803,34
804,29
805,88
806,65
807,3
808,65
809,36
810,13
811,45
812,91
813,77
814,87
815,49
816,87
817,86
818,84
819,91
820,19
821,63
822,77
823,83
824,40
825,14
826,87
827,6
828,7
829,38
830,73
831,65
832,50
833,40
834,45
835,83
836,11
837,16
838,13
839,88
840,90
841,5
842,14
843,65
844,65
845,71
846,82
847,49
848,82
849,13
850,59
851,59
852,88
853,65
854,100
855,38
856,49
857,16
858,16
859,25
860,6
861,81
862,45
863,2
864,65
865,86
866,60
867,45
868,47
869,66
870,64
871,99
872,64
873,16
874,86
875,83
876,1
877,86
878,49
879,86
880,100
881,9
882,49
883,34
884,40
885,32
886,85
887,50
888,103
889,40
890,2
891,19
892,51
893,100
894,4
895,49
896,96
897,67
898,69
899,100
900,91
901,95
902,7
903,2
904,53
905,40
906,52
907,35
908,103
909,73
910,90
911,87
912,8
913,16
914,86
915,90
916,51
917,33
918,91
919,74
920,82
921,67
922,4
923,10
924,87
925,4
926,103
927,95
928,88
929,47
930,26
931,21
932,85
933,49
934,90
935,2
936,87
937,42
938,85
939,86
940,31
941,75
942,46
943,49
944,13
945,44
946,46
947,36
948,17
949,5
950,7
951,52
952,83
953,81
954,4
955,87
956,22
957,60
958,65
959,60
960,90
961,5
962,90
963,23
964,82
965,92
966,100
967,100
968,85
969,78
970,85
971,89
972,47
973,85
974,52
975,56
976,39
977,16
978,47
979,20
980,93
981,88
982,19
983,27
984,49
985,87
986,1
987,67
988,78
989,18
990,63
991,91
992,88
993,83
994,75
995,78
996,55
997,4
998,13
999,46
1000,77
1001,70
1002,82
1003,24
1004,90
1005,86
1006,6
1007,94
1008,75
1009,22
1010,59
1011,48
1012,84
1013,34
1014,76
1015,47
1016,91
1017,48
1018,94
1019,78
1020,6
1021,69
1022,63
1023,59
1024,83
1025,77
1026,64
1027,88
1028,40
1029,69
1030,39
1031,87
1032,58
1033,91
1034,5
1035,16
1036,18
1037,49
1038,46
1039,29
1040,88
1041,65
1042,13
1043,82
1044,32
1045,7
1046,86
1047,20
1048,52
1049,96
1050,33
1051,96
1052,4
1053,34
1054,13
1055,11
1056,17
1057,84
1058,18
1059,16
1060,34
1061,43
1062,6
1063,84
1064,85
1065,84
1066,25
1067,59
1068,91
1069,30
1070,41
1071,103
1072,24
1073,36
1074,96
1075,82
1076,87
1077,55
1078,20
1079,50
1080,49
1081,78
1082,103
1083,73
1084,60
1085,39
1086,83
1087,10
1088,6
1089,45
1090,91
1091,29
1092,7
1093,53
1094,66
1095,16
1096,75
1097,40
1098,23
1099,57
1100,47
1101,89
1102,38
1103,57
1104,5
1105,38
1106,10
1107,28
1108,64
1109,29
1110,11
1111,77
1112,11
1113,88
1114,17
1115,3
1116,36
1117,46
1118,57
1119,34
1120,103
1121,11
1122,30
1123,103
1124,87
1125,35
1126,4
1127,93
1128,59
1129,22
1130,26
1131,57
1132,34
1133,67
1134,96
1135,6
1136,68
1137,16
1138,34
1139,6
1140,51
1141,80
1142,10
1143,59
1144,75
1145,20
1146,84
1147,41
1148,49
1149,67
1150,67
1151,70
1152,88
1153,73
1154,6
1155,4
1156,103
1157,41
1158,6
1159,74
1160,14
1161,67
1162,54
1163,90
1164,43
1165,93
1166,49
1167,79
1168,74
1169,4
1170,47
1171,42
1172,72
1173,4
1174,78
1175,42
1176,73
1177,4
1178,63
1179,59
1180,1
1181,86
1182,25
1183,34
1184,54
1185,30
1186,86
1187,70
1188,59
1189,89
1190,20
1191,90
1192,3
1193,13
1194,59
1195,1
1196,68
1197,40
1198,5
1199,11
1200,93
1201,18
1202,7
1203,13
1204,5
1205,44
1206,12
1207,19
1208,90
1209,73
1210,46
1211,98
1212,93
1213,103
1214,90
1215,30
1216,40
1217,12
1218,91
1219,44
1220,70
1221,85
1222,48
1223,84
1224,29
1225,49
1226,80
1227,54
1228,61
1229,56
1230,3
1231,9
1232,65
1233,87
1234,20
1235,63
1236,34
1237,6
1238,45
1239,81
1240,93
1241,66
1242,70
1243,65
1244,25
1245,14
1246,25
1247,57
1248,4
1249,21
1250,58
1251,18
1252,11
1253,96
1254,70
1255,21
1256,51
1257,103
1258,90
1259,73
1260,43
1261,2
1262,102
1263,1
1264,87
1265,96
1266,44
1267,103
1268,43
1269,24
1270,45
1271,16
1272,58
1273,66
1274,59
1275,5
1276,48
1277,1
1278,59
1279,95
1280,51
1281,86
1282,46
1283,36
1284,82
1285,96
1286,34
1287,63
1288,41
1289,85
1290,80
1291,30
1292,6
1293,16
1294,91
1295,26
1296,5
1297,3
1298,4
1299,48
1300,17
1301,87
1302,16
1303,97
1304,40
1305,103
1306,5
1307,34
1308,16
1309,90
1310,51
1311,13
1312,19
1313,55
1314,16
1315,3
1316,30
1317,14
1318,97
1319,15
1320,49
1321,6
1322,98
1323,31
1324,90
1325,67
1326,27
1327,54
1328,85
1329,43
1330,88
1331,83
1332,86
1333,15
1334,49
1335,13
1336,65
1337,79
1338,80
1339,99
1340,77
1341,103
1342,25
1343,52
1344,103
1345,91
1346,84
1347,38
1348,49
1349,59
1350,97
1351,45
1352,5
1353,38
1354,96
1355,103
1356,16
1357,7
1358,51
1359,45
1360,49
1361,29
1362,4
1363,90
1364,2
1365,85
1366,82
1367,90
1368,89
1369,90
1370,82
1371,48
1372,24
1373,86
1374,38
1375,11
1376,96
1377,19
1378,56
1379,79
1380,82
1381,86
1382,31
1383,93
1384,23
1385,48
1386,67
1387,77
1388,65
1389,74
1390,19
1391,71
1392,40
1393,13
1394,99
1395,48
1396,4
1397,20
1398,5
1399,18
1400,103
1401,89
1402,13
1403,19
1404,62
1405,57
1406,32
1407,64
1408,80
1409,4
1410,63
1411,16
1412,72
1413,65
1414,90
1415,37
1416,61
1417,91
1418,13
1419,82
1420,13
1421,48
1422,48
1423,5
1424,93
1425,90
1426,91
1427,64
1428,88
1429,13
1430,80
1431,88
1432,65
1433,83
1434,43
1435,30
1436,2
1437,102
1438,80
1439,43
1440,59
1441,69
1442,8
1443,3
1444,70
1445,67
1446,9
1447,20
1448,5
1449,48
1450,44
1451,19
1452,19
1453,57
1454,85
1455,19
1456,87
1457,13
1458,1
1459,82
1460,75
1461,85
1462,89
1463,100
1464,92
1465,92
1466,6
1467,64
1468,82
1469,68
1470,100
1471,13
1472,1
1473,96
1474,49
1475,49
1476,8
1477,33
1478,44
1479,3
1480,3
1481,96
1482,52
1483,75
1484,94
1485,51
1486,26
1487,75
1488,57
1489,50
1490,1
1491,17
1492,36
1493,25
1494,6
1495,14
1496,80
1497,89
1498,25
1499,8
1500,103
1501,68
1502,47
1503,1
1504,16
1505,15
1506,13
1507,45
1508,54
1509,29
1510,1
1511,29
1512,68
1513,65
1514,46
1515,25
1516,73
1517,85
1518,90
1519,36
1520,77
1521,103
1522,1
1523,4
1524,86
1525,102
1526,90
1527,60
1528,13
1529,92
1530,5
1531,3
1532,4
1533,103
1534,59
1535,77
1536,6
1537,91
1538,76
1539,4
1540,1
1541,103
1542,103
1543,23
1544,65
1545,103
1546,42
1547,14
1548,7
1549,98
1550,17
1551,84
1552,34
1553,10
1554,3
1555,47
1556,1
1557,53
1558,29
1559,62
1560,82
1561,89
1562,68
1563,101
1564,20
1565,32
1566,94
1567,13
1568,56
1569,97
1570,101
1571,57
1572,85
1573,72
1574,65
1575,18
1576,46
1577,96
1578,89
1579,90
1580,87
1581,6
1582,43
1583,77
1584,82
1585,65
1586,62
1587,75
1588,25
1589,96
1590,13
1591,84
1592,85
1593,94
1594,96
1595,26
1596,91
1597,25
1598,4
1599,77
1600,27
1601,67
1602,3
1603,17
1604,9
1605,87
1606,87
1607,52
1608,45
1609,23
1610,46
1611,87
1612,79
1613,41
1614,40
1615,82
1616,18
1617,48
1618,56
1619,35
1620,84
1621,59
1622,97
1623,6
1624,103
1625,70
1626,39
1627,18
1628,37
1629,6
1630,24
1631,92
1632,65
1633,63
1634,94
1635,11
1636,59
1637,103
1638,100
1639,103
1640,16
1641,82
1642,94
1643,8
1644,34
1645,20
1646,101
1647,46
1648,13
1649,89
1650,73
1651,86
1652,4
1653,40
1654,94
1655,16
1656,21
1657,49
1658,68
1659,6
1660,3
1661,78
1662,77
1663,97
1664,10
1665,38
1666,2
1667,88
1668,14
1669,46
1670,83
1671,36
1672,13
1673,21
1674,86
1675,5
1676,77
1677,39
1678,13
1679,65
1680,78
1681,53
1682,6
1683,85
1684,96
1685,67
1686,79
1687,23
1688,13
1689,72
1690,52
1691,5
1692,47
1693,36
1694,39
1695,82
1696,45
1697,48
1698,25
1699,26
1700,77
1701,43
1702,83
1703,94
1704,36
1705,67
1706,46
1707,84
1708,47
1709,22
1710,96
1711,63
1712,72
1713,87
1714,35
1715,98
1716,47
1717,60
1718,49
1719,19
1720,67
1721,71
1722,34
1723,63
1724,8
1725,59
1726,16
1727,19
1728,82
1729,31
1730,75
1731,24
1732,88
1733,48
1734,13
1735,10
1736,9
1737,75
1738,82
1739,79
1740,65
1741,10
1742,85
1743,19
1744,103
1745,87
1746,13
1747,40
1748,48
1749,91
1750,89
1751,56
1752,90
1753,31
1754,67
1755,33
1756,97
1757,97
1758,25
1759,5
1760,65
1761,75
1762,16
1763,96
1764,88
1765,52
1766,19
1767,12
1768,88
1769,18
1770,34
1771,85
1772,36
1773,47
1774,8
1775,25
1776,25
1777,90
1778,40
1779,80
1780,54
1781,20
1782,101
1783,45
1784,42
1785,66
1786,77
1787,16
1788,26
1789,87
1790,83
1791,10
1792,55
1793,40
1794,82
1795,33
1796,60
1797,6
1798,35
1799,43
1800,11
1801,82
1802,59
1803,12
1804,31
1805,29
1806,78
1807,69
1808,20
1809,71
1810,91
1811,85
1812,99
1813,5
1814,88
1815,10
1816,55
1817,86
1818,84
1819,25
1820,40
1821,17
1822,38
1823,66
1824,43
1825,45
1826,59
1827,43
1828,36
1829,80
1830,34
1831,14
1832,59
1833,34
1834,45
1835,77
1836,67
1837,23
1838,84
1839,61
1840,6
1841,88
1842,4
1843,67
1844,40
1845,59
1846,27
1847,46
1848,66
1849,67
1850,34
1851,11
1852,64
1853,90
1854,59
1855,102
1856,82
1857,48
1858,65
1859,44
1860,45
1861,59
1862,3
1863,72
1864,35
1865,71
1866,34
1867,77
1868,85
1869,67
1870,18
1871,16
1872,58
1873,6
1874,16
1875,10
1876,86
1877,50
1878,90
1879,90
1880,58
1881,11
1882,63
1883,2
1884,56
1885,29
1886,27
1887,92
1888,45
1889,11
1890,86
1891,61
1892,43
1893,49
1894,51
1895,29
1896,69
1897,88
1898,100
1899,11
1900,44
1901,70
1902,95
1903,46
1904,36
1905,63
1906,3
1907,34
1908,4
1909,91
1910,100
1911,44
1912,101
1913,85
1914,73
1915,45
1916,11
1917,27
1918,14
1919,20
1920,41
1921,87
1922,59
1923,65
1924,6
1925,3
1926,65
1927,42
1928,63
1929,34
1930,36
1931,84
1932,4
1933,9
1934,28
1935,33
1936,1
1937,77
1938,54
1939,25
1940,24
1941,91
1942,52
1943,82
1944,27
1945,90
1946,90
1947,5
1948,91
1949,86
1950,2
1951,5
1952,3
1953,103
1954,50
1955,63
1956,56
1957,85
1958,11
1959,57
1960,65
1961,49
1962,65
1963,9
1964,8
1965,13
1966,103
1967,93
1968,80
1969,85
1970,8
1971,70
1972,56
1973,73
1974,6
1975,13
1976,39
1977,38
1978,86
1979,12
1980,78
1981,48
1982,86
1983,90
1984,37
1985,6
1986,49
1987,36
1988,2
1989,53
1990,89
1991,21
1992,45
1993,82
1994,4
1995,95
1996,62
1997,16
1998,65
1999,8
2000,38
2001,55
2002,64
2003,61
2004,88
2005,32
2006,16
2007,18
2008,91
2009,40
2010,43
2011,40
2012,65
2013,22
2014,68
2015,67
2016,26
2017,73
2018,67
2019,103
2020,46
2021,27
2022,88
2023,19
2024,31
2025,63
2026,91
2027,12
2028,90
2029,16
2030,35
2031,91
2032,63
2033,57
2034,38
2035,11
2036,4
2037,18
2038,3
2039,65
2040,55
2041,85
2042,63
2043,53
2044,65
2045,16
2046,28
2047,71
2048,68
2049,6
2050,17
2051,26
2052,15
2053,87
2054,86
2055,2
2056,91
2057,67
2058,78
2059,84
2060,85
2061,73
2062,25
2063,94
2064,6
2065,40
2066,54
2067,39
2068,47
2069,48
2070,68
2071,33
2072,1
2073,22
2074,36
2075,84
2076,102
2077,98
2078,4
2079,36
2080,40
2081,78
2082,46
2083,103
2084,23
2085,47
2086,51
2087,1
2088,45
2089,3
2090,103
2091,1
2092,5
2093,57
2094,4
2095,29
2096,44
2097,44
2098,11
2099,8
2100,46
2101,16
2102,4
2103,94
2104,4
2105,59
2106,85
2107,13
2108,39
2109,83
2110,98
2111,88
2112,97
2113,34
2114,49
2115,18
2116,91
2117,85
2118,4
2119,96
2120,33
2121,95
2122,67
2123,83
2124,4
2125,45
2126,85
2127,4
2128,59
2129,6
2130,20
2131,13
2132,29
2133,32
2134,80
2135,87
2136,88
2137,44
2138,72
2139,94
2140,67
2141,66
2142,91
2143,65
2144,25
2145,16
2146,21
2147,29
2148,51
2149,90
2150,102
2151,6
2152,90
2153,66
2154,34
2155,9
2156,19
2157,70
2158,16
2159,30
2160,43
2161,32
2162,59
2163,86
2164,95
2165,75
2166,67
2167,77
2168,5
2169,95
2170,56
2171,100
2172,68
2173,7
2174,4
2175,19
2176,18
2177,82
2178,94
2179,14
2180,25
2181,49
2182,14
2183,76
2184,88
2185,100
2186,3
2187,13
2188,87
2189,6
2190,103
2191,25
2192,86
2193,15
2194,29
2195,90
2196,97
2197,94
2198,50
2199,25
2200,34
2201,96
2202,82
2203,6
2204,77
2205,29
2206,63
2207,89
2208,91
2209,32
2210,25
2211,88
2212,67
2213,91
2214,34
2215,59
2216,3
2217,46
2218,20
2219,26
2220,17
2221,16
2222,71
2223,85
2224,49
2225,77
2226,73
2227,16
2228,98
2229,13
2230,38
2231,82
2232,4
2233,74
2234,59
2235,29
2236,38
2237,46
2238,59
2239,13
2240,10
2241,103
2242,43
2243,17
2244,91
2245,77
2246,70
2247,7
2248,49
2249,10
2250,38
2251,39
2252,91
2253,50
2254,6
2255,80
2256,86
2257,33
2258,20
2259,93
2260,62
2261,82
2262,72
2263,66
2264,90
2265,76
2266,36
2267,103
2268,91
2269,16
2270,90
2271,11
2272,66
2273,2
2274,35
2275,49
2276,7
2277,57
2278,1
2279,20
2280,29
2281,49
2282,76
2283,69
2284,22
2285,79
2286,90
2287,90
2288,58
2289,35
2290,88
2291,19
2292,88
2293,25
2294,70
2295,99
2296,10
2297,31
2298,69
2299,34
2300,40
2301,54
2302,36
2303,79
2304,76
2305,37
2306,13
2307,89
2308,85
2309,69
2310,103
2311,12
2312,95
2313,73
2314,103
2315,81
2316,57
2317,67
2318,103
2319,85
2320,13
2321,66
2322,85
2323,86
2324,48
2325,49
2326,65
2327,16
2328,16
2329,24
2330,18
2331,65
2332,46
2333,29
2334,49
2335,5
2336,22
2337,86
2338,16
2339,90
2340,29
2341,82
2342,95
2343,54
2344,97
2345,86
2346,16
2347,63
2348,48
2349,72
2350,67
2351,62
2352,82
2353,75
2354,5
2355,63
2356,99
2357,100
2358,37
2359,88
2360,69
2361,46
2362,46
2363,59
2364,94
2365,18
2366,5
2367,49
2368,96
2369,59
2370,34
2371,67
2372,29
2373,92
2374,19
2375,42
2376,74
2377,6
2378,65
2379,43
2380,45
2381,5
2382,30
2383,45
2384,5
2385,1
2386,8
2387,12
2388,25
2389,45
2390,30
2391,1
2392,51
2393,47
2394,74
2395,63
2396,61
2397,94
2398,29
2399,42
2400,91
2401,101
2402,28
2403,6
2404,17
2405,61
2406,86
2407,16
2408,21
2409,47
2410,61
2411,62
2412,87
2413,32
2414,43
2415,45
2416,48
2417,29
2418,46
2419,1
2420,12
2421,16
2422,83
2423,36
2424,97
2425,96
2426,16
2427,80
2428,55
2429,6
2430,65
2431,4
2432,82
2433,42
2434,92
2435,63
2436,102
2437,94
2438,96
2439,85
2440,90
2441,15
2442,103
2443,6
2444,83
2445,40
2446,73
2447,84
2448,5
2449,47
2450,6
2451,81
2452,87
2453,48
2454,10
2455,1
2456,90
2457,88
2458,50
2459,42
2460,103
2461,86
2462,81
2463,20
2464,4
2465,6
2466,82
2467,23
2468,29
2469,82
2470,96
2471,73
2472,49
2473,13
2474,4
2475,82
2476,85
2477,11
2478,56
2479,69
2480,96
2481,63
2482,24
2483,94
2484,27
2485,48
2486,20
2487,94
2488,69
2489,7
2490,1
2491,1
2492,94
2493,50
2494,65
2495,65
2496,28
2497,29
2498,103
2499,16
2500,6
2501,88
2502,53
2503,34
2504,47
2505,86
2506,75
2507,9
2508,6
2509,13
2510,75
2511,11
2512,31
2513,28
2514,8
2515,36
2516,12
2517,98
2518,57
2519,88
2520,73
2521,61
2522,72
2523,35
2524,9
2525,16
2526,28
2527,44
2528,5
2529,86
2530,54
2531,11
2532,36
2533,12
2534,46
2535,49
2536,103
2537,29
2538,35
2539,103
2540,36
2541,75
2542,96
2543,91
2544,16
2545,65
2546,49
2547,94
2548,84
2549,44
2550,83
2551,89
2552,97
2553,9
2554,3
2555,65
2556,80
2557,94
2558,12
2559,17
2560,31
2561,68
2562,37
2563,88
2564,58
2565,102
2566,94
2567,82
2568,11
2569,3
2570,13
2571,1
2572,89
2573,90
2574,3
2575,11
2576,30
2577,82
2578,103
2579,58
2580,75
2581,93
2582,95
2583,7
2584,65
2585,62
2586,44
2587,58
2588,98
2589,16
2590,22
2591,5
2592,19
2593,57
2594,33
2595,25
2596,90
2597,43
2598,40
2599,38
2600,103
2601,43
2602,22
2603,82
2604,90
2605,44
2606,63
2607,30
2608,83
2609,4
2610,91
2611,96
2612,43
2613,96
2614,101
2615,40
2616,91
2617,45
2618,27
2619,35
2620,95
2621,1
2622,1
2623,9
2624,67
2625,40
2626,91
2627,44
2628,49
2629,88
2630,84
2631,48
2632,66
2633,82
2634,77
2635,67
2636,5
2637,96
2638,47
2639,41
2640,75
2641,64
2642,28
2643,46
2644,96
2645,21
2646,52
2647,49
2648,80
2649,86
2650,100
2651,36
2652,67
2653,38
2654,48
2655,5
2656,67
2657,9
2658,103
2659,7
2660,35
2661,82
2662,75
2663,11
2664,5
2665,55
2666,38
2667,31
2668,3
2669,82
2670,18
2671,18
2672,96
2673,47
2674,61
2675,63
2676,29
2677,83
2678,16
2679,34
2680,38
2681,25
2682,83
2683,11
2684,49
2685,84
2686,71
2687,13
2688,54
2689,100
2690,1
2691,63
2692,41
2693,77
2694,62
2695,78
2696,8
2697,75
2698,103
2699,25
2700,15
2701,4
2702,14
2703,73
2704,64
2705,4
2706,36
2707,58
2708,70
2709,11
2710,85
2711,16
2712,20
2713,3
2714,86
2715,57
2716,85
2717,53
2718,14
2719,90
2720,9
2721,96
2722,54
2723,82
2724,11
2725,46
2726,27
2727,31
2728,33
2729,59
2730,36
2731,98
2732,94
2733,82
2734,66
2735,45
2736,59
2737,48
2738,73
2739,94
2740,16
2741,19
2742,17
2743,82
2744,77
2745,87
2746,26
2747,85
2748,16
2749,10
2750,40
2751,41
2752,24
2753,19
2754,47
2755,48
2756,88
2757,69
2758,45
2759,36
2760,16
2761,86
2762,48
2763,26
2764,25
2765,89
2766,59
2767,14
2768,87
2769,45
2770,59
2771,36
2772,45
2773,85
2774,59
2775,91
2776,6
2777,89
2778,40
2779,5
2780,100
2781,98
2782,24
2783,29
2784,75
2785,88
2786,77
2787,5
2788,6
2789,48
2790,7
2791,34
2792,13
2793,87
2794,80
2795,2
2796,28
2797,65
2798,2
2799,65
2800,91
2801,98
2802,13
2803,30
2804,72
2805,1
2806,25
2807,4
2808,93
2809,14
2810,23
2811,86
2812,27
2813,91
2814,59
2815,31
2816,36
2817,57
2818,25
2819,40
2820,61
2821,26
2822,25
2823,91
2824,44
2825,66
2826,16
2827,103
2828,47
2829,52
2830,100
2831,12
2832,54
2833,9
2834,12
2835,20
2836,17
2837,65
2838,4
2839,13
2840,65
2841,92
2842,90
2843,16
2844,87
2845,50
2846,45
2847,86
2848,31
2849,91
2850,77
2851,91
2852,25
2853,62
2854,4
2855,73
2856,47
2857,18
2858,45
2859,88
2860,75
2861,80
2862,85
2863,50
2864,20
2865,85
2866,49
2867,30
2868,15
2869,48
2870,42
2871,56
2872,91
2873,36
2874,6
2875,97
2876,39
2877,6
2878,66
2879,103
2880,94
2881,90
2882,96
2883,12
2884,23
2885,51
2886,78
2887,24
2888,40
2889,33
2890,58
2891,47
2892,94
2893,13
2894,20
2895,91
2896,42
2897,25
2898,25
2899,59
2900,87
2901,25
2902,42
2903,29
2904,64
2905,64
2906,25
2907,73
2908,85
2909,91
2910,15
2911,84
2912,96
2913,88
2914,10
2915,34
2916,63
2917,4
2918,77
2919,16
2920,85
2921,19
2922,48
2923,16
2924,16
2925,48
2926,3
2927,18
2928,85
2929,48
2930,25
2931,45
2932,14
2933,77
2934,67
2935,33
2936,97
2937,48
2938,45
2939,58
2940,68
2941,5
2942,34
2943,82
2944,48
2945,5
2946,26
2947,82
2948,2
2949,77
2950,1
2951,62
2952,46
2953,92
2954,12
2955,1
2956,82
2957,85
2958,49
2959,47
2960,87
2961,84
2962,4
2963,19
2964,3
2965,16
2966,103
2967,10
2968,54
2969,45
2970,25
2971,18
2972,36
2973,11
2974,8
2975,75
2976,77
2977,9
2978,4
2979,65
2980,75
2981,6
2982,86
2983,49
2984,5
2985,44
2986,88
2987,67
2988,52
2989,26
2990,90
2991,38
2992,21
2993,36
2994,46
2995,55
2996,85
2997,63
2998,35
2999,10
3000,93
3001,6
3002,1
3003,48
3004,44
3005,26
3006,59
3007,16
3008,70
3009,9
3010,50
3011,6
3012,17
3013,6
3014,66
3015,59
3016,15
3017,29
3018,91
3019,103
3020,25
3021,91
3022,86
3023,82
3024,3
3025,86
3026,12
3027,16
3028,45
3029,1
3030,6
3031,26
3032,42
3033,13
3034,18
3035,55
3036,24
3037,11
3038,90
3039,58
3040,9
3041,87
3042,103
3043,62
3044,20
3045,90
3046,5
3047,83
3048,35
3049,103
3050,59
3051,6
3052,27
3053,59
3054,91
3055,85
3056,103
3057,73
3058,90
3059,91
3060,12
3061,63
3062,17
3063,8
3064,27
3065,36
3066,82
3067,20
3068,90
3069,59
3070,90
3071,63
3072,13
3073,26
3074,20
3075,82
3076,54
3077,43
3078,5
3079,49
3080,33
3081,49
3082,63
3083,96
3084,23
3085,85
3086,87
3087,4
3088,4
3089,54
3090,85
3091,77
3092,85
3093,87
3094,82
3095,96
3096,70
3097,51
3098,95
3099,44
3100,65
3101,10
3102,12
3103,65
3104,86
3105,4
3106,88
3107,30
3108,27
3109,86
3110,18
3111,86
3112,83
3113,75
3114,7
3115,26
3116,65
3117,5
3118,84
3119,103
3120,95
3121,34
3122,65
3123,35
3124,6
3125,3
3126,82
3127,24
3128,48
3129,14
3130,29
3131,62
3132,40
3133,50
3134,70
3135,3
3136,6
3137,44
3138,3
3139,78
3140,47
3141,49
3142,7
3143,7
3144,58
3145,83
3146,20
3147,63
3148,94
3149,59
3150,23
3151,67
3152,31
3153,65
3154,38
3155,25
3156,6
3157,87
3158,13
3159,83
3160,92
3161,103
3162,103
3163,6
3164,13
3165,33
3166,103
3167,51
3168,40
3169,6
3170,65
3171,6
3172,85
3173,30
3174,92
3175,13
3176,75
3177,14
3178,85
3179,45
3180,65
3181,82
3182,103
3183,67
3184,59
3185,93
3186,14
3187,65
3188,12
3189,35
3190,86
3191,33
3192,26
3193,55
3194,84
3195,63
3196,41
3197,63
3198,30
3199,16
3200,25
3201,98
3202,6
3203,94
3204,18
3205,27
3206,47
3207,47
3208,58
3209,5
3210,88
3211,59
3212,8
3213,47
3214,18
3215,93
3216,48
3217,87
3218,78
3219,47
3220,13
3221,13
3222,62
3223,18
3224,24
3225,59
3226,1
3227,64
3228,23
3229,48
3230,75
3231,83
3232,80
3233,97
3234,64
3235,66
3236,26
3237,84
3238,4
3239,45
3240,16
3241,90
3242,55
3243,10
3244,5
3245,48
3246,13
3247,34
3248,45
3249,83
3250,50
3251,7
3252,59
3253,49
3254,47
3255,88
3256,4
3257,61
3258,49
3259,6
3260,20
3261,88
3262,18
3263,73
3264,6
3265,5
3266,25
3267,100
3268,96
3269,34
3270,5
3271,66
3272,77
3273,87
3274,82
3275,63
3276,13
3277,90
3278,2
3279,11
3280,4
3281,49
3282,85
3283,5
3284,103
3285,77
3286,3
3287,42
3288,65
3289,65
3290,25
3291,58
3292,90
3293,65
3294,19
3295,98
3296,90
3297,4
3298,10
3299,18
3300,77
3301,36
3302,4
3303,47
3304,93
3305,29
3306,23
3307,67
3308,88
3309,91
3310,23
3311,59
3312,34
3313,11
3314,90
3315,5
3316,51
3317,29
3318,10
3319,13
3320,16
3321,17
3322,16
3323,48
3324,91
3325,2
3326,91
3327,1
3328,8
3329,87
3330,87
3331,85
3332,90
3333,91
3334,58
3335,4
3336,73
3337,35
3338,17
3339,87
3340,38
3341,47
3342,63
3343,65
3344,77
3345,3
3346,91
3347,4
3348,40
3349,12
3350,25
3351,1
3352,67
3353,36
3354,97
3355,88
3356,4
3357,24
3358,65
3359,55
3360,40
3361,44
3362,47
3363,5
3364,92
3365,63
3366,36
3367,90
3368,59
3369,73
3370,103
3371,67
3372,35
3373,91
3374,82
3375,85
3376,14
3377,1
3378,94
3379,12
3380,2
3381,65
3382,45
3383,33
3384,90
3385,97
3386,48
3387,23
3388,51
3389,86
3390,17
3391,17
3392,34
3393,44
3394,16
3395,5
3396,46
3397,16
3398,84
3399,48
3400,103
3401,14
3402,95
3403,50
3404,96
3405,50
3406,43
3407,59
3408,77
3409,87
3410,5
3411,82
3412,103
3413,1
3414,64
3415,10
3416,82
3417,16
3418,95
3419,36
3420,6
3421,3
3422,65
3423,83
3424,97
3425,7
3426,45
3427,46
3428,16
3429,85
3430,19
3431,16
3432,44
3433,54
3434,42
3435,16
3436,3
3437,89
3438,31
3439,45
3440,91
3441,59
3442,18
3443,65
3444,1
3445,17
3446,5
3447,23
3448,96
3449,23
3450,17
3451,93
3452,16
3453,77
3454,86
3455,67
3456,70
3457,49
3458,26
3459,24
3460,1
3461,59
3462,58
3463,90
3464,82
3465,94
3466,31
3467,63
3468,47
3469,14
3470,23
3471,4
3472,84
3473,45
3474,49
3475,1
3476,40
3477,40
3478,63
3479,49
3480,63
3481,59
3482,13
3483,25
3484,47
3485,82
3486,9
3487,59
3488,96
3489,90
3490,7
3491,16
3492,18
3493,20
3494,3
3495,69
3496,12
3497,3
3498,1
3499,26
3500,83
3501,8
3502,5
3503,31
3504,36
3505,46
3506,29
3507,6
3508,75
3509,23
3510,88
3511,49
3512,91
3513,57
3514,6
3515,40
3516,31
3517,1
3518,91
3519,44
3520,26
3521,83
3522,75
3523,40
3524,63
3525,16
3526,94
3527,59
3528,77
3529,86
3530,6
3531,96
3532,64
3533,90
3534,88
3535,18
3536,8
3537,78
3538,36
3539,17
3540,80
3541,87
3542,85
3543,100
3544,103
3545,14
3546,34
3547,20
3548,6
3549,45
3550,88
3551,30
3552,86
3553,82
3554,47
3555,5
3556,31
3557,19
3558,1
3559,13
3560,67
3561,18
3562,9
3563,49
3564,82
3565,83
3566,63
3567,26
3568,103
3569,85
3570,63
3571,5
3572,13
3573,91
3574,47
3575,51
3576,94
3577,57
3578,88
3579,103
3580,48
3581,25
3582,94
3583,2
3584,65
3585,34
3586,91
3587,65
3588,49
3589,66
3590,86
3591,46
3592,89
3593,63
3594,87
3595,48
3596,13
3597,88
3598,26
3599,86
3600,1
3601,59
3602,26
3603,89
3604,19
3605,8
3606,73
3607,69
3608,3
3609,82
3610,86
3611,8
3612,67
3613,7
3614,13
3615,49
3616,90
3617,90
3618,49
3619,82
3620,83
3621,89
3622,3
3623,77
3624,38
3625,19
3626,47
3627,90
3628,20
3629,54
3630,13
3631,4
3632,48
3633,33
3634,4
3635,85
3636,103
3637,5
3638,25
3639,29
3640,6
3641,65
3642,7
3643,90
3644,88
3645,16
3646,59
3647,94
3648,11
3649,65
3650,59
3651,84
3652,40
3653,7
3654,4
3655,16
3656,36
3657,14
3658,2
3659,91
3660,1
3661,11
3662,85
3663,97
3664,59
3665,90
3666,86
3667,51
3668,44
3669,4
3670,49
3671,3
3672,88
3673,11
3674,96
3675,31
3676,54
3677,97
3678,25
3679,36
3680,13
3681,35
3682,40
3683,29
3684,19
3685,29
3686,94
3687,84
3688,66
3689,73
3690,54
3691,65
3692,51
3693,88
3694,75
3695,36
3696,103
3697,45
3698,11
3699,57
3700,59
3701,96
3702,9
3703,45
3704,65
3705,20
3706,13
3707,17
3708,89
3709,88
3710,59
3711,66
3712,54
3713,18
3714,77
3715,8
3716,96
3717,4
3718,20
3719,67
3720,5
3721,5
3722,70
3723,30
3724,36
3725,38
3726,63
3727,67
3728,83
3729,48
3730,26
3731,7
3732,96
3733,49
3734,91
3735,69
3736,34
3737,67
3738,29
3739,59
3740,88
3741,48
3742,29
3743,85
3744,49
3745,90
3746,65
3747,51
3748,87
3749,23
3750,38
3751,65
3752,7
3753,25
3754,26
3755,36
3756,3
3757,40
3758,47
3759,8
3760,42
3761,29
3762,100
3763,46
3764,100
3765,84
3766,23
3767,96
3768,88
3769,43
3770,90
3771,45
3772,67
3773,85
3774,69
3775,5
3776,96
3777,35
3778,42
3779,84
3780,44
3781,44
3782,10
3783,87
3784,45
3785,65
3786,29
3787,90
3788,17
3789,25
3790,94
3791,34
3792,83
3793,65
3794,57
3795,36
3796,63
3797,5
3798,90
3799,77
3800,44
3801,90
3802,96
3803,25
3804,8
3805,6
3806,94
3807,10
3808,63
3809,19
3810,16
3811,9
3812,96
3813,86
3814,1
3815,82
3816,75
3817,67
3818,18
3819,6
3820,83
3821,89
3822,88
3823,49
3824,46
3825,6
3826,89
3827,43
3828,18
3829,100
3830,18
3831,12
3832,30
3833,4
3834,36
3835,103
3836,90
3837,86
3838,88
3839,4
3840,43
3841,17
3842,12
3843,90
3844,87
3845,49
3846,30
3847,51
3848,66
3849,91
3850,46
3851,6
3852,73
3853,77
3854,48
3855,45
3856,96
3857,44
3858,85
3859,20
3860,75
3861,59
3862,67
3863,36
3864,88
3865,87
3866,63
3867,8
3868,17
3869,85
3870,11
3871,85
3872,4
3873,20
3874,91
3875,94
3876,26
3877,14
3878,94
3879,63
3880,26
3881,82
3882,75
3883,94
3884,84
3885,51
3886,87
3887,96
3888,82
3889,16
3890,65
3891,19
3892,77
3893,46
3894,38
3895,103
3896,34
3897,1
3898,23
3899,85
3900,30
3901,8
3902,91
3903,65
3904,36
3905,10
3906,11
3907,5
3908,89
3909,25
3910,3
3911,5
3912,82
3913,88
3914,49
3915,91
3916,49
3917,5
3918,11
3919,25
3920,84
3921,36
3922,77
3923,51
3924,96
3925,103
3926,48
3927,18
3928,4
3929,45
3930,13
3931,90
3932,86
3933,83
3934,65
3935,14
3936,82
3937,96
3938,46
3939,66
3940,10
3941,45
3942,47
3943,26
3944,67
3945,5
3946,20
3947,77
3948,75
3949,5
3950,45
3951,8
3952,63
3953,46
3954,3
3955,43
3956,40
3957,34
3958,40
3959,67
3960,96
3961,7
3962,49
3963,34
3964,10
3965,87
3966,40
3967,45
3968,67
3969,45
3970,88
3971,51
3972,63
3973,16
3974,34
3975,20
3976,48
3977,45
3978,66
3979,46
3980,4
3981,48
3982,46
3983,6
3984,94
3985,90
3986,82
3987,30
3988,6
3989,86
3990,6
3991,7
3992,19
3993,65
3994,8
3995,45
3996,59
3997,75
3998,88
3999,73
4000,86
