1,82
2,27
3,49
4,63
5,71
6,47
7,2
8,25
9,14
10,46
11,24
12,15
13,19
14,84
15,34
16,79
17,38
18,69
19,43
20,69
21,20
22,36
23,61
24,86
25,71
26,62
27,35
28,75
29,46
30,49
31,21
32,56
33,80
34,75
35,52
36,50
37,80
38,3
39,53
40,61
41,91
42,3
43,92
44,66
45,9
46,11
47,82
48,47
49,90
50,6
51,47
52,74
53,21
54,92
55,92
56,69
57,15
58,36
59,100
60,57
61,100
62,78
63,96
64,29
65,88
66,75
67,40
68,45
69,94
70,17
71,64
72,22
73,86
74,62
75,82
76,58
77,56
78,96
79,69
80,76
81,58
82,71
83,90
84,100
85,18
86,3
87,79
88,7
89,79
90,44
91,91
92,97
93,61
94,62
95,69
96,60
97,29
98,78
99,19
100,16
101,16
102,27
103,79
104,75
105,12
106,64
107,69
108,8
109,80
110,80
111,17
112,22
113,29
114,47
115,100
116,99
117,88
118,26
119,97
120,21
121,26
122,83
123,17
124,30
125,64
126,24
127,57
128,43
129,35
130,27
131,28
132,32
133,72
134,4
135,53
136,84
137,50
138,62
139,69
140,10
141,69
142,75
143,27
144,100
145,31
146,100
147,79
148,17
149,75
150,79
151,22
152,90
153,80
154,67
155,58
156,39
157,7
158,34
159,57
160,34
161,55
162,87
163,17
164,30
165,32
166,82
167,76
168,4
169,9
170,74
171,47
172,61
173,71
174,94
175,26
176,9
177,100
178,38
179,95
180,49
181,8
182,92
183,17
184,54
185,11
186,99
187,5
188,34
189,47
190,85
191,46
192,49
193,3
194,56
195,38
196,56
197,12
198,38
199,23
200,12
201,17
202,30
203,73
204,69
205,48
206,40
207,51
208,5
209,51
210,93
211,37
212,80
213,88
214,100
215,72
216,36
217,99
218,39
219,82
220,88
221,33
222,22
223,53
224,38
225,25
226,67
227,17
228,31
229,53
230,30
231,10
232,56
233,56
234,6
235,50
236,34
237,87
238,34
239,69
240,1
241,24
242,29
243,24
244,26
245,78
246,71
247,34
248,73
249,81
250,47
251,82
252,24
253,39
254,92
255,30
256,67
257,57
258,98
259,30
260,57
261,57
262,71
263,4
264,4
265,31
266,75
267,64
268,95
269,51
270,57
271,65
272,68
273,50
274,26
275,76
276,75
277,99
278,63
279,31
280,7
281,66
282,6
283,47
284,15
285,45
286,58
287,97
288,63
289,99
290,5
291,98
292,65
293,5
294,28
295,26
296,74
297,36
298,60
299,93
300,49
301,34
302,79
303,36
304,58
305,40
306,70
307,22
308,73
309,36
310,54
311,69
312,99
313,79
314,81
315,12
316,15
317,73
318,68
319,98
320,25
321,73
322,82
323,3
324,26
325,29
326,26
327,78
328,99
329,81
330,19
331,82
332,85
333,22
334,54
335,46
336,82
337,36
338,34
339,12
340,96
341,12
342,73
343,69
344,38
345,60
346,38
347,13
348,40
349,22
350,45
351,92
352,64
353,99
354,64
355,23
356,58
357,10
358,60
359,64
360,38
361,31
362,9
363,93
364,42
365,20
366,69
367,75
368,31
369,36
370,37
371,80
372,11
373,54
374,40
375,26
376,47
377,100
378,3
379,69
380,9
381,67
382,55
383,91
384,67
385,75
386,50
387,15
388,83
389,14
390,32
391,50
392,36
393,3
394,29
395,36
396,77
397,74
398,49
399,29
400,82
401,37
402,37
403,37
404,58
405,71
406,69
407,27
408,88
409,6
410,53
411,47
412,76
413,40
414,17
415,12
416,78
417,90
418,57
419,89
420,38
421,43
422,80
423,43
424,25
425,85
426,54
427,88
428,60
429,74
430,44
431,69
432,87
433,20
434,55
435,89
436,49
437,73
438,49
439,61
440,100
441,98
442,31
443,26
444,51
445,24
446,21
447,57
448,18
449,78
450,11
451,6
452,72
453,57
454,94
455,69
456,86
457,76
458,12
459,7
460,24
461,90
462,49
463,42
464,85
465,2
466,100
467,78
468,91
469,1
470,1
471,29
472,73
473,63
474,14
475,35
476,40
477,90
478,54
479,59
480,60
481,79
482,66
483,49
484,58
485,4
486,59
487,20
488,85
489,32
490,75
491,60
492,95
493,37
494,61
495,77
496,54
497,17
498,33
499,79
500,60
501,26
502,22
503,60
504,55
505,11
506,37
507,17
508,97
509,49
510,57
511,58
512,55
513,37
514,34
515,85
516,36
517,72
518,80
519,62
520,58
521,36
522,96
523,58
524,57
525,99
526,7
527,20
528,69
529,30
530,95
531,85
532,90
533,100
534,89
535,22
536,74
537,61
538,74
539,50
540,74
541,14
542,98
543,73
544,69
545,26
546,22
547,55
548,32
549,58
550,75
551,67
552,24
553,57
554,80
555,82
556,18
557,82
558,87
559,58
560,11
561,77
562,48
563,51
564,23
565,15
566,71
567,10
568,86
569,38
570,9
571,19
572,79
573,40
574,44
575,18
576,53
577,17
578,56
579,59
580,18
581,22
582,2
583,40
584,70
585,16
586,25
587,33
588,9
589,79
590,61
591,9
592,65
593,22
594,53
595,78
596,23
597,74
598,49
599,33
600,30
601,85
602,60
603,92
604,2
605,82
606,50
607,75
608,3
609,13
610,22
611,84
612,50
613,15
614,22
615,66
616,79
617,25
618,69
619,75
620,38
621,64
622,15
623,34
624,99
625,44
626,37
627,14
628,67
629,73
630,9
631,6
632,87
633,100
634,67
635,5
636,56
637,25
638,21
639,22
640,30
641,15
642,65
643,65
644,35
645,58
646,84
647,79
648,36
649,79
650,15
651,49
652,3
653,42
654,7
655,59
656,41
657,54
658,72
659,82
660,62
661,30
662,47
663,90
664,17
665,31
666,67
667,11
668,47
669,83
670,85
671,47
672,29
673,72
674,48
675,53
676,17
677,82
678,3
679,58
680,67
681,49
682,61
683,24
684,99
685,71
686,3
687,82
688,17
689,47
690,66
691,57
692,59
693,69
694,52
695,39
696,37
697,12
698,2
699,64
700,83
701,45
702,67
703,32
704,41
705,64
706,99
707,69
708,52
709,46
710,64
711,95
712,35
713,97
714,6
715,10
716,17
717,73
718,12
719,56
720,79
721,58
722,72
723,69
724,41
725,29
726,82
727,19
728,38
729,72
730,56
731,73
732,82
733,69
734,43
735,25
736,5
737,67
738,87
739,36
740,58
741,24
742,90
743,2
744,82
745,38
746,96
747,82
748,96
749,45
750,14
751,32
752,33
753,69
754,31
755,75
756,94
757,98
758,93
759,78
760,47
761,99
762,19
763,26
764,23
765,75
766,73
767,49
768,38
769,66
770,24
771,18
772,48
773,21
774,26
775,69
776,82
777,36
778,17
779,98
780,23
781,87
782,2
783,52
784,10
785,32
786,100
787,91
788,2
789,48
790,17
791,58
792,55
793,65
794,37
795,13
796,44
797,38
798,38
799,85
800,17
801,35
802,5
803,61
804,35
805,38
806,60
807,36
808,61
809,74
810,45
811,11
812,36
813,65
814,44
815,62
816,37
817,78
818,43
819,65
820,47
821,13
822,60
823,46
824,27
825,60
826,57
827,22
828,45
829,98
830,29
831,63
832,54
833,9
834,71
835,8
836,17
837,77
838,89
839,3
840,69
841,24
842,90
843,10
844,40
845,52
846,77
847,50
848,8
849,46
850,54
851,99
852,37
853,17
854,27
855,80
856,60
857,67
858,57
859,42
860,85
861,28
862,95
863,67
864,81
865,60
866,8
867,22
868,24
869,1
870,58
871,83
872,3
873,71
874,26
875,96
876,100
877,90
878,67
879,23
880,58
881,78
882,53
883,8
884,79
885,71
886,38
887,21
888,46
889,86
890,91
891,27
892,47
893,55
894,69
895,51
896,26
897,14
898,49
899,40
900,46
901,26
902,24
903,20
904,65
905,49
906,28
907,47
908,17
909,44
910,3
911,58
912,44
913,39
914,75
915,58
916,79
917,51
918,26
919,38
920,36
921,71
922,41
923,60
924,77
925,26
926,82
927,67
928,89
929,26
930,29
931,32
932,73
933,42
934,57
935,32
936,87
937,3
938,44
939,60
940,69
941,44
942,34
943,1
944,3
945,93
946,26
947,77
948,13
949,73
950,81
951,21
952,98
953,81
954,78
955,26
956,34
957,19
958,69
959,37
960,18
961,96
962,68
963,46
964,46
965,65
966,27
967,67
968,59
969,17
970,94
971,1
972,50
973,90
974,84
975,58
976,17
977,88
978,48
979,50
980,55
981,82
982,65
983,75
984,94
985,98
986,50
987,85
988,97
989,18
990,44
991,4
992,57
993,61
994,44
995,39
996,85
997,74
998,91
999,11
1000,30
1001,83
1002,41
1003,22
1004,23
1005,31
1006,88
1007,75
1008,3
1009,28
1010,26
1011,11
1012,53
1013,5
1014,77
1015,58
1016,81
1017,95
1018,90
1019,60
1020,66
1021,22
1022,34
1023,77
1024,48
1025,37
1026,54
1027,90
1028,4
1029,57
1030,94
1031,87
1032,22
1033,63
1034,94
1035,69
1036,70
1037,79
1038,47
1039,13
1040,38
1041,36
1042,40
1043,49
1044,58
1045,25
1046,19
1047,88
1048,75
1049,70
1050,46
1051,63
1052,19
1053,63
1054,63
1055,59
1056,78
1057,67
1058,71
1059,12
1060,4
1061,98
1062,5
1063,9
1064,7
1065,32
1066,2
1067,72
1068,51
1069,3
1070,9
1071,75
1072,9
1073,2
1074,95
1075,26
1076,48
1077,40
1078,82
1079,18
1080,100
1081,2
1082,23
1083,77
1084,30
1085,27
1086,6
1087,61
1088,37
1089,8
1090,100
1091,4
1092,2
1093,77
1094,53
1095,38
1096,62
1097,83
1098,89
1099,36
1100,82
1101,9
1102,10
1103,99
1104,70
1105,99
1106,24
1107,90
1108,20
1109,50
1110,99
1111,24
1112,69
1113,26
1114,13
1115,40
1116,4
1117,60
1118,69
1119,52
1120,70
1121,47
1122,8
1123,2
1124,63
1125,25
1126,68
1127,9
1128,56
1129,9
1130,38
1131,38
1132,4
1133,34
1134,45
1135,32
1136,63
1137,32
1138,78
1139,38
1140,46
1141,82
1142,40
1143,54
1144,26
1145,26
1146,94
1147,22
1148,38
1149,30
1150,60
1151,89
1152,83
1153,71
1154,29
1155,49
1156,22
1157,98
1158,89
1159,43
1160,56
1161,38
1162,57
1163,67
1164,82
1165,26
1166,70
1167,84
1168,49
1169,3
1170,41
1171,64
1172,56
1173,16
1174,36
1175,49
1176,13
1177,38
1178,22
1179,22
1180,40
1181,86
1182,71
1183,26
1184,5
1185,86
1186,24
1187,84
1188,48
1189,22
1190,33
1191,13
1192,69
1193,56
1194,26
1195,60
1196,36
1197,2
1198,51
1199,82
1200,17
1201,84
1202,37
1203,39
1204,37
1205,93
1206,42
1207,78
1208,3
1209,63
1210,49
1211,4
1212,24
1213,56
1214,76
1215,37
1216,17
1217,46
1218,99
1219,99
1220,30
1221,22
1222,91
1223,4
1224,55
1225,45
1226,62
1227,63
1228,73
1229,57
1230,21
1231,33
1232,58
1233,99
1234,40
1235,52
1236,46
1237,96
1238,69
1239,75
1240,92
1241,85
1242,50
1243,3
1244,42
1245,2
1246,41
1247,99
1248,95
1249,87
1250,27
1251,3
1252,17
1253,42
1254,55
1255,31
1256,23
1257,69
1258,86
1259,28
1260,23
1261,82
1262,5
1263,28
1264,5
1265,37
1266,55
1267,26
1268,69
1269,38
1270,13
1271,99
1272,3
1273,31
1274,36
1275,25
1276,75
1277,47
1278,27
1279,52
1280,78
1281,75
1282,38
1283,58
1284,31
1285,96
1286,17
1287,62
1288,76
1289,26
1290,67
1291,46
1292,14
1293,29
1294,71
1295,40
1296,66
1297,8
1298,90
1299,68
1300,4
1301,78
1302,8
1303,56
1304,58
1305,58
1306,60
1307,67
1308,49
1309,37
1310,26
1311,61
1312,37
1313,34
1314,85
1315,49
1316,23
1317,57
1318,62
1319,20
1320,46
1321,93
1322,26
1323,55
1324,80
1325,82
1326,78
1327,7
1328,52
1329,47
1330,49
1331,49
1332,35
1333,27
1334,80
1335,82
1336,81
1337,87
1338,20
1339,30
1340,15
1341,60
1342,42
1343,17
1344,37
1345,17
1346,26
1347,57
1348,26
1349,22
1350,40
1351,29
1352,70
1353,61
1354,56
1355,71
1356,77
1357,58
1358,49
1359,79
1360,61
1361,22
1362,73
1363,2
1364,62
1365,29
1366,39
1367,67
1368,52
1369,40
1370,15
1371,79
1372,23
1373,11
1374,9
1375,36
1376,87
1377,88
1378,22
1379,69
1380,68
1381,99
1382,97
1383,17
1384,15
1385,26
1386,44
1387,91
1388,18
1389,49
1390,86
1391,49
1392,60
1393,36
1394,1
1395,57
1396,89
1397,75
1398,62
1399,89
1400,93
1401,66
1402,30
1403,78
1404,56
1405,75
1406,63
1407,28
1408,82
1409,93
1410,57
1411,97
1412,10
1413,58
1414,59
1415,97
1416,32
1417,19
1418,27
1419,92
1420,26
1421,56
1422,21
1423,74
1424,97
1425,4
1426,75
1427,65
1428,17
1429,67
1430,78
1431,80
1432,74
1433,49
1434,64
1435,84
1436,60
1437,31
1438,99
1439,4
1440,49
1441,75
1442,23
1443,49
1444,90
1445,48
1446,15
1447,42
1448,95
1449,57
1450,57
1451,38
1452,56
1453,1
1454,38
1455,76
1456,59
1457,35
1458,46
1459,34
1460,69
1461,36
1462,99
1463,94
1464,75
1465,78
1466,78
1467,73
1468,49
1469,49
1470,75
1471,68
1472,71
1473,94
1474,73
1475,97
1476,38
1477,55
1478,13
1479,46
1480,14
1481,3
1482,26
1483,42
1484,47
1485,64
1486,95
1487,58
1488,68
1489,94
1490,31
1491,25
1492,18
1493,38
1494,77
1495,69
1496,8
1497,59
1498,83
1499,78
1500,49
1501,80
1502,42
1503,36
1504,15
1505,99
1506,90
1507,89
1508,29
1509,31
1510,73
1511,79
1512,17
1513,4
1514,57
1515,81
1516,74
1517,49
1518,20
1519,9
1520,36
1521,43
1522,91
1523,22
1524,26
1525,96
1526,64
1527,27
1528,13
1529,61
1530,99
1531,82
1532,2
1533,85
1534,94
1535,68
1536,73
1537,26
1538,46
1539,73
1540,33
1541,74
1542,75
1543,15
1544,54
1545,70
1546,99
1547,55
1548,50
1549,59
1550,69
1551,39
1552,67
1553,26
1554,58
1555,40
1556,95
1557,28
1558,43
1559,51
1560,40
1561,87
1562,75
1563,50
1564,10
1565,69
1566,82
1567,76
1568,18
1569,49
1570,77
1571,38
1572,57
1573,65
1574,54
1575,58
1576,97
1577,31
1578,79
1579,57
1580,36
1581,25
1582,40
1583,82
1584,52
1585,9
1586,50
1587,31
1588,33
1589,47
1590,17
1591,75
1592,77
1593,20
1594,36
1595,26
1596,97
1597,73
1598,38
1599,32
1600,60
1601,17
1602,5
1603,26
1604,64
1605,48
1606,4
1607,37
1608,97
1609,4
1610,16
1611,30
1612,26
1613,71
1614,63
1615,51
1616,37
1617,82
1618,44
1619,75
1620,38
1621,84
1622,3
1623,36
1624,98
1625,22
1626,52
1627,68
1628,17
1629,76
1630,82
1631,1
1632,60
1633,49
1634,28
1635,97
1636,98
1637,99
1638,53
1639,43
1640,28
1641,5
1642,21
1643,24
1644,46
1645,60
1646,2
1647,22
1648,25
1649,85
1650,16
1651,3
1652,60
1653,23
1654,47
1655,75
1656,16
1657,87
1658,22
1659,80
1660,84
1661,67
1662,50
1663,22
1664,24
1665,71
1666,78
1667,61
1668,60
1669,38
1670,13
1671,9
1672,69
1673,92
1674,71
1675,71
1676,57
1677,71
1678,63
1679,20
1680,72
1681,78
1682,65
1683,69
1684,64
1685,75
1686,97
1687,36
1688,22
1689,49
1690,43
1691,71
1692,26
1693,58
1694,98
1695,14
1696,69
1697,95
1698,40
1699,31
1700,2
1701,37
1702,33
1703,15
1704,37
1705,66
1706,5
1707,83
1708,43
1709,26
1710,29
1711,36
1712,19
1713,49
1714,1
1715,8
1716,19
1717,76
1718,48
1719,11
1720,26
1721,69
1722,5
1723,73
1724,75
1725,95
1726,44
1727,99
1728,56
1729,58
1730,58
1731,78
1732,68
1733,99
1734,71
1735,20
1736,24
1737,19
1738,24
1739,73
1740,77
1741,57
1742,82
1743,18
1744,24
1745,46
1746,34
1747,86
1748,62
1749,7
1750,94
1751,36
1752,97
1753,73
1754,74
1755,25
1756,67
1757,2
1758,1
1759,86
1760,37
1761,89
1762,28
1763,90
1764,82
1765,11
1766,7
1767,40
1768,63
1769,71
1770,83
1771,56
1772,4
1773,40
1774,27
1775,67
1776,26
1777,67
1778,34
1779,11
1780,57
1781,54
1782,6
1783,77
1784,79
1785,35
1786,24
1787,13
1788,57
1789,17
1790,4
1791,92
1792,19
1793,28
1794,17
1795,31
1796,11
1797,84
1798,97
1799,56
1800,18
1801,41
1802,60
1803,9
1804,100
1805,41
1806,69
1807,76
1808,12
1809,29
1810,18
1811,8
1812,47
1813,54
1814,86
1815,31
1816,69
1817,67
1818,17
1819,72
1820,63
1821,50
1822,80
1823,18
1824,11
1825,47
1826,60
1827,13
1828,54
1829,68
1830,88
1831,10
1832,67
1833,15
1834,85
1835,40
1836,56
1837,85
1838,47
1839,58
1840,94
1841,57
1842,100
1843,81
1844,31
1845,28
1846,19
1847,39
1848,36
1849,49
1850,84
1851,42
1852,13
1853,64
1854,26
1855,18
1856,89
1857,14
1858,60
1859,9
1860,3
1861,3
1862,100
1863,67
1864,57
1865,9
1866,73
1867,24
1868,27
1869,71
1870,100
1871,40
1872,69
1873,60
1874,67
1875,78
1876,9
1877,71
1878,48
1879,80
1880,58
1881,38
1882,22
1883,2
1884,71
1885,57
1886,67
1887,40
1888,25
1889,62
1890,16
1891,25
1892,54
1893,36
1894,47
1895,64
1896,57
1897,16
1898,28
1899,90
1900,77
1901,40
1902,17
1903,65
1904,85
1905,14
1906,59
1907,73
1908,41
1909,71
1910,67
1911,24
1912,67
1913,9
1914,74
1915,50
1916,8
1917,24
1918,14
1919,26
1920,71
1921,22
1922,33
1923,55
1924,87
1925,11
1926,16
1927,79
1928,79
1929,17
1930,46
1931,38
1932,26
1933,35
1934,14
1935,67
1936,82
1937,75
1938,25
1939,50
1940,6
1941,21
1942,58
1943,31
1944,100
1945,49
1946,69
1947,89
1948,55
1949,27
1950,80
1951,71
1952,71
1953,45
1954,13
1955,48
1956,11
1957,19
1958,4
1959,38
1960,36
1961,100
1962,75
1963,45
1964,21
1965,58
1966,35
1967,39
1968,62
1969,67
1970,74
1971,82
1972,73
1973,82
1974,40
1975,24
1976,56
1977,94
1978,63
1979,47
1980,31
1981,63
1982,88
1983,5
1984,9
1985,94
1986,26
1987,48
1988,67
1989,60
1990,26
1991,71
1992,48
1993,75
1994,38
1995,7
1996,11
1997,65
1998,72
1999,26
2000,43
2001,38
2002,24
2003,48
2004,7
2005,38
2006,13
2007,4
2008,17
2009,50
2010,90
2011,71
2012,71
2013,64
2014,6
2015,58
2016,65
2017,75
2018,56
2019,31
2020,77
2021,30
2022,24
2023,49
2024,60
2025,54
2026,60
2027,95
2028,87
2029,1
2030,58
2031,91
2032,82
2033,6
2034,60
2035,60
2036,67
2037,47
2038,8
2039,19
2040,20
2041,71
2042,22
2043,15
2044,75
2045,31
2046,64
2047,90
2048,69
2049,4
2050,97
2051,69
2052,60
2053,30
2054,18
2055,88
2056,65
2057,80
2058,88
2059,18
2060,58
2061,84
2062,11
2063,58
2064,22
2065,46
2066,26
2067,51
2068,76
2069,90
2070,49
2071,75
2072,21
2073,74
2074,21
2075,84
2076,31
2077,98
2078,31
2079,70
2080,69
2081,74
2082,39
2083,3
2084,64
2085,58
2086,42
2087,49
2088,22
2089,17
2090,38
2091,31
2092,14
2093,84
2094,60
2095,43
2096,25
2097,79
2098,18
2099,63
2100,78
2101,82
2102,88
2103,18
2104,98
2105,48
2106,27
2107,4
2108,93
2109,3
2110,40
2111,9
2112,2
2113,80
2114,17
2115,100
2116,89
2117,31
2118,4
2119,69
2120,54
2121,45
2122,93
2123,57
2124,74
2125,72
2126,55
2127,82
2128,15
2129,92
2130,74
2131,64
2132,28
2133,23
2134,42
2135,73
2136,76
2137,30
2138,100
2139,79
2140,32
2141,40
2142,76
2143,60
2144,15
2145,80
2146,47
2147,85
2148,87
2149,60
2150,38
2151,97
2152,67
2153,4
2154,58
2155,55
2156,3
2157,3
2158,17
2159,9
2160,2
2161,99
2162,82
2163,62
2164,82
2165,64
2166,17
2167,92
2168,65
2169,71
2170,94
2171,40
2172,69
2173,14
2174,75
2175,41
2176,53
2177,91
2178,39
2179,38
2180,36
2181,7
2182,99
2183,87
2184,82
2185,85
2186,75
2187,22
2188,17
2189,74
2190,36
2191,76
2192,79
2193,49
2194,40
2195,98
2196,2
2197,36
2198,26
2199,25
2200,38
2201,53
2202,24
2203,69
2204,84
2205,58
2206,99
2207,67
2208,44
2209,98
2210,55
2211,69
2212,26
2213,67
2214,11
2215,87
2216,8
2217,50
2218,31
2219,31
2220,78
2221,46
2222,24
2223,13
2224,2
2225,54
2226,43
2227,69
2228,75
2229,60
2230,22
2231,74
2232,41
2233,60
2234,53
2235,18
2236,67
2237,2
2238,82
2239,22
2240,78
2241,98
2242,3
2243,48
2244,63
2245,19
2246,87
2247,58
2248,93
2249,3
2250,92
2251,49
2252,54
2253,36
2254,36
2255,23
2256,50
2257,5
2258,37
2259,93
2260,75
2261,43
2262,26
2263,67
2264,3
2265,2
2266,35
2267,39
2268,26
2269,60
2270,99
2271,50
2272,37
2273,33
2274,73
2275,71
2276,90
2277,24
2278,91
2279,53
2280,22
2281,97
2282,4
2283,55
2284,21
2285,22
2286,22
2287,56
2288,15
2289,24
2290,23
2291,42
2292,25
2293,7
2294,17
2295,69
2296,44
2297,25
2298,37
2299,78
2300,40
2301,76
2302,19
2303,13
2304,49
2305,62
2306,95
2307,8
2308,21
2309,18
2310,3
2311,20
2312,67
2313,20
2314,18
2315,2
2316,56
2317,14
2318,76
2319,74
2320,71
2321,77
2322,100
2323,38
2324,62
2325,2
2326,69
2327,67
2328,53
2329,9
2330,13
2331,37
2332,50
2333,36
2334,79
2335,76
2336,22
2337,17
2338,67
2339,22
2340,98
2341,20
2342,71
2343,17
2344,82
2345,49
2346,2
2347,67
2348,17
2349,60
2350,69
2351,67
2352,37
2353,98
2354,17
2355,74
2356,15
2357,77
2358,82
2359,28
2360,80
2361,26
2362,35
2363,94
2364,16
2365,72
2366,88
2367,57
2368,48
2369,11
2370,55
2371,21
2372,39
2373,70
2374,33
2375,6
2376,67
2377,29
2378,89
2379,93
2380,33
2381,61
2382,67
2383,16
2384,29
2385,18
2386,79
2387,98
2388,69
2389,79
2390,22
2391,69
2392,88
2393,15
2394,24
2395,17
2396,93
2397,71
2398,39
2399,31
2400,76
2401,75
2402,20
2403,71
2404,15
2405,38
2406,40
2407,41
2408,77
2409,54
2410,64
2411,50
2412,17
2413,75
2414,13
2415,40
2416,18
2417,70
2418,36
2419,50
2420,64
2421,60
2422,75
2423,71
2424,33
2425,38
2426,63
2427,49
2428,2
2429,78
2430,34
2431,89
2432,62
2433,82
2434,24
2435,91
2436,7
2437,48
2438,8
2439,2
2440,21
2441,82
2442,94
2443,80
2444,37
2445,37
2446,42
2447,69
2448,6
2449,42
2450,30
2451,74
2452,2
2453,21
2454,78
2455,77
2456,38
2457,5
2458,54
2459,71
2460,74
2461,73
2462,14
2463,63
2464,29
2465,44
2466,6
2467,21
2468,4
2469,75
2470,71
2471,73
2472,24
2473,60
2474,49
2475,69
2476,29
2477,26
2478,45
2479,60
2480,75
2481,73
2482,82
2483,47
2484,36
2485,78
2486,2
2487,69
2488,15
2489,5
2490,77
2491,88
2492,57
2493,69
2494,58
2495,87
2496,14
2497,40
2498,67
2499,30
2500,2
2501,32
2502,13
2503,53
2504,20
2505,56
2506,75
2507,20
2508,67
2509,2
2510,60
2511,28
2512,46
2513,82
2514,60
2515,61
2516,53
2517,62
2518,9
2519,8
2520,67
2521,11
2522,17
2523,85
2524,50
2525,28
2526,17
2527,31
2528,33
2529,100
2530,76
2531,53
2532,21
2533,53
2534,88
2535,15
2536,35
2537,90
2538,15
2539,60
2540,99
2541,37
2542,34
2543,58
2544,28
2545,48
2546,57
2547,67
2548,21
2549,62
2550,27
2551,18
2552,60
2553,92
2554,34
2555,77
2556,11
2557,7
2558,38
2559,92
2560,38
2561,74
2562,62
2563,69
2564,38
2565,45
2566,29
2567,24
2568,57
2569,3
2570,73
2571,44
2572,16
2573,87
2574,88
2575,70
2576,50
2577,78
2578,24
2579,29
2580,60
2581,71
2582,53
2583,26
2584,48
2585,13
2586,33
2587,21
2588,28
2589,5
2590,60
2591,100
2592,64
2593,8
2594,56
2595,55
2596,29
2597,75
2598,87
2599,100
2600,92
2601,60
2602,48
2603,22
2604,41
2605,46
2606,25
2607,94
2608,39
2609,78
2610,19
2611,60
2612,69
2613,69
2614,90
2615,87
2616,6
2617,49
2618,67
2619,50
2620,76
2621,67
2622,24
2623,4
2624,82
2625,45
2626,70
2627,91
2628,40
2629,25
2630,56
2631,2
2632,8
2633,60
2634,64
2635,37
2636,31
2637,75
2638,85
2639,33
2640,17
2641,36
2642,17
2643,36
2644,2
2645,78
2646,49
2647,84
2648,5
2649,22
2650,9
2651,55
2652,60
2653,75
2654,100
2655,46
2656,49
2657,36
2658,37
2659,22
2660,24
2661,85
2662,43
2663,58
2664,75
2665,16
2666,78
2667,74
2668,34
2669,24
2670,22
2671,75
2672,17
2673,60
2674,24
2675,30
2676,40
2677,3
2678,17
2679,32
2680,89
2681,95
2682,56
2683,22
2684,28
2685,2
2686,32
2687,19
2688,2
2689,29
2690,60
2691,36
2692,16
2693,57
2694,79
2695,61
2696,82
2697,7
2698,71
2699,37
2700,22
2701,71
2702,48
2703,47
2704,23
2705,58
2706,7
2707,15
2708,88
2709,40
2710,63
2711,9
2712,94
2713,71
2714,64
2715,4
2716,2
2717,98
2718,71
2719,40
2720,85
2721,47
2722,40
2723,82
2724,91
2725,97
2726,47
2727,22
2728,17
2729,41
2730,46
2731,63
2732,46
2733,49
2734,63
2735,46
2736,9
2737,41
2738,37
2739,82
2740,70
2741,22
2742,75
2743,75
2744,30
2745,92
2746,82
2747,26
2748,26
2749,50
2750,58
2751,40
2752,84
2753,67
2754,50
2755,56
2756,2
2757,69
2758,34
2759,75
2760,85
2761,36
2762,64
2763,7
2764,78
2765,22
2766,26
2767,23
2768,99
2769,24
2770,61
2771,7
2772,26
2773,65
2774,64
2775,60
2776,20
2777,22
2778,100
2779,53
2780,36
2781,60
2782,18
2783,58
2784,82
2785,55
2786,8
2787,15
2788,33
2789,94
2790,14
2791,22
2792,57
2793,87
2794,25
2795,94
2796,89
2797,71
2798,67
2799,3
2800,31
2801,56
2802,80
2803,27
2804,24
2805,37
2806,28
2807,24
2808,57
2809,75
2810,70
2811,50
2812,60
2813,38
2814,41
2815,78
2816,78
2817,34
2818,38
2819,58
2820,74
2821,67
2822,84
2823,20
2824,5
2825,3
2826,21
2827,38
2828,75
2829,23
2830,44
2831,30
2832,9
2833,24
2834,61
2835,39
2836,24
2837,99
2838,92
2839,19
2840,26
2841,42
2842,21
2843,46
2844,33
2845,58
2846,76
2847,46
2848,84
2849,27
2850,24
2851,73
2852,74
2853,24
2854,9
2855,69
2856,46
2857,62
2858,77
2859,2
2860,65
2861,84
2862,27
2863,17
2864,6
2865,24
2866,37
2867,99
2868,85
2869,97
2870,80
2871,63
2872,61
2873,50
2874,31
2875,82
2876,40
2877,8
2878,57
2879,26
2880,30
2881,99
2882,82
2883,4
2884,17
2885,38
2886,11
2887,36
2888,98
2889,88
2890,77
2891,82
2892,99
2893,34
2894,69
2895,4
2896,82
2897,56
2898,8
2899,17
2900,76
2901,73
2902,48
2903,90
2904,55
2905,34
2906,57
2907,31
2908,60
2909,63
2910,57
2911,55
2912,22
2913,39
2914,29
2915,23
2916,36
2917,26
2918,2
2919,23
2920,34
2921,64
2922,7
2923,64
2924,58
2925,56
2926,80
2927,37
2928,22
2929,49
2930,85
2931,79
2932,34
2933,50
2934,84
2935,85
2936,46
2937,16
2938,34
2939,79
2940,50
2941,99
2942,36
2943,31
2944,49
2945,84
2946,65
2947,50
2948,85
2949,28
2950,67
2951,58
2952,11
2953,24
2954,99
2955,48
2956,7
2957,57
2958,7
2959,79
2960,14
2961,15
2962,21
2963,49
2964,87
2965,9
2966,40
2967,75
2968,63
2969,50
2970,24
2971,25
2972,90
2973,47
2974,17
2975,30
2976,79
2977,9
2978,5
2979,47
2980,49
2981,97
2982,30
2983,70
2984,3
2985,54
2986,3
2987,20
2988,60
2989,60
2990,67
2991,74
2992,37
2993,50
2994,78
2995,99
2996,61
2997,34
2998,2
2999,28
3000,53
3001,16
3002,37
3003,16
3004,36
3005,70
3006,50
3007,67
3008,5
3009,78
3010,84
3011,57
3012,69
3013,57
3014,48
3015,64
3016,27
3017,78
3018,89
3019,24
3020,24
3021,65
3022,22
3023,85
3024,11
3025,76
3026,15
3027,76
3028,23
3029,3
3030,3
3031,74
3032,21
3033,36
3034,79
3035,46
3036,2
3037,60
3038,26
3039,85
3040,57
3041,71
3042,17
3043,17
3044,98
3045,87
3046,24
3047,40
3048,69
3049,76
3050,99
3051,44
3052,56
3053,58
3054,88
3055,20
3056,17
3057,25
3058,29
3059,47
3060,79
3061,24
3062,82
3063,38
3064,21
3065,75
3066,87
3067,94
3068,97
3069,69
3070,40
3071,48
3072,42
3073,89
3074,74
3075,49
3076,63
3077,26
3078,3
3079,24
3080,75
3081,36
3082,22
3083,64
3084,28
3085,84
3086,8
3087,90
3088,62
3089,73
3090,64
3091,79
3092,94
3093,69
3094,98
3095,49
3096,56
3097,99
3098,75
3099,3
3100,21
3101,38
3102,2
3103,58
3104,36
3105,62
3106,71
3107,77
3108,80
3109,64
3110,74
3111,87
3112,58
3113,58
3114,30
3115,27
3116,39
3117,9
3118,11
3119,79
3120,85
3121,49
3122,64
3123,61
3124,71
3125,79
3126,78
3127,49
3128,36
3129,99
3130,17
3131,75
3132,30
3133,25
3134,82
3135,99
3136,57
3137,80
3138,75
3139,25
3140,47
3141,57
3142,87
3143,88
3144,29
3145,77
3146,37
3147,11
3148,87
3149,100
3150,57
3151,57
3152,24
3153,3
3154,13
3155,8
3156,17
3157,57
3158,89
3159,38
3160,61
3161,57
3162,73
3163,71
3164,37
3165,58
3166,26
3167,17
3168,40
3169,77
3170,67
3171,82
3172,55
3173,73
3174,75
3175,94
3176,75
3177,42
3178,49
3179,37
3180,33
3181,27
3182,4
3183,58
3184,98
3185,71
3186,62
3187,37
3188,22
3189,67
3190,82
3191,75
3192,74
3193,90
3194,3
3195,3
3196,79
3197,9
3198,13
3199,67
3200,82
3201,36
3202,80
3203,42
3204,47
3205,47
3206,17
3207,38
3208,17
3209,60
3210,3
3211,48
3212,97
3213,87
3214,9
3215,82
3216,75
3217,14
3218,80
3219,25
3220,21
3221,19
3222,67
3223,33
3224,60
3225,97
3226,53
3227,58
3228,3
3229,82
3230,8
3231,40
3232,82
3233,100
3234,36
3235,29
3236,47
3237,15
3238,26
3239,61
3240,75
3241,57
3242,48
3243,74
3244,28
3245,36
3246,87
3247,64
3248,61
3249,13
3250,22
3251,67
3252,65
3253,73
3254,31
3255,9
3256,50
3257,5
3258,79
3259,37
3260,55
3261,18
3262,75
3263,63
3264,42
3265,27
3266,17
3267,69
3268,23
3269,22
3270,75
3271,26
3272,28
3273,38
3274,75
3275,88
3276,75
3277,71
3278,23
3279,79
3280,88
3281,34
3282,25
3283,21
3284,4
3285,44
3286,46
3287,97
3288,22
3289,38
3290,4
3291,49
3292,44
3293,79
3294,24
3295,3
3296,46
3297,17
3298,29
3299,47
3300,75
3301,94
3302,57
3303,76
3304,9
3305,14
3306,14
3307,65
3308,62
3309,74
3310,24
3311,78
3312,55
3313,29
3314,57
3315,26
3316,15
3317,56
3318,75
3319,56
3320,40
3321,73
3322,71
3323,97
3324,49
3325,17
3326,99
3327,37
3328,21
3329,24
3330,47
3331,17
3332,13
3333,69
3334,71
3335,60
3336,80
3337,84
3338,49
3339,79
3340,29
3341,80
3342,24
3343,75
3344,89
3345,85
3346,58
3347,77
3348,40
3349,69
3350,71
3351,22
3352,25
3353,50
3354,11
3355,71
3356,48
3357,88
3358,78
3359,40
3360,21
3361,24
3362,30
3363,78
3364,69
3365,79
3366,40
3367,60
3368,85
3369,99
3370,54
3371,2
3372,11
3373,99
3374,80
3375,27
3376,90
3377,98
3378,75
3379,75
3380,2
3381,75
3382,14
3383,54
3384,79
3385,48
3386,57
3387,90
3388,76
3389,74
3390,98
3391,50
3392,44
3393,47
3394,73
3395,36
3396,17
3397,57
3398,90
3399,89
3400,49
3401,69
3402,56
3403,48
3404,97
3405,25
3406,46
3407,20
3408,8
3409,75
3410,2
3411,15
3412,3
3413,69
3414,17
3415,64
3416,46
3417,99
3418,48
3419,84
3420,89
3421,18
3422,69
3423,76
3424,22
3425,30
3426,22
3427,26
3428,100
3429,98
3430,21
3431,100
3432,99
3433,100
3434,5
3435,24
3436,88
3437,58
3438,87
3439,73
3440,58
3441,18
3442,90
3443,18
3444,49
3445,37
3446,69
3447,60
3448,47
3449,71
3450,23
3451,20
3452,99
3453,36
3454,8
3455,48
3456,28
3457,94
3458,57
3459,57
3460,38
3461,82
3462,37
3463,55
3464,24
3465,47
3466,48
3467,15
3468,57
3469,78
3470,25
3471,69
3472,48
3473,21
3474,15
3475,94
3476,17
3477,13
3478,80
3479,67
3480,53
3481,64
3482,75
3483,74
3484,61
3485,36
3486,75
3487,22
3488,71
3489,30
3490,79
3491,38
3492,30
3493,79
3494,38
3495,37
3496,57
3497,50
3498,36
3499,25
3500,97
3501,9
3502,4
3503,48
3504,31
3505,60
3506,75
3507,37
3508,75
3509,31
3510,38
3511,84
3512,97
3513,26
3514,24
3515,71
3516,64
3517,11
3518,73
3519,60
3520,38
3521,50
3522,76
3523,3
3524,49
3525,78
3526,36
3527,71
3528,76
3529,82
3530,29
3531,36
3532,26
3533,69
3534,29
3535,69
3536,73
3537,30
3538,67
3539,67
3540,76
3541,99
3542,22
3543,54
3544,38
3545,40
3546,98
3547,67
3548,75
3549,38
3550,46
3551,49
3552,64
3553,98
3554,21
3555,26
3556,53
3557,8
3558,11
3559,17
3560,79
3561,57
3562,3
3563,3
3564,48
3565,21
3566,2
3567,60
3568,9
3569,53
3570,25
3571,56
3572,25
3573,17
3574,17
3575,37
3576,5
3577,79
3578,75
3579,26
3580,36
3581,15
3582,78
3583,63
3584,67
3585,58
3586,28
3587,3
3588,38
3589,27
3590,82
3591,57
3592,61
3593,64
3594,63
3595,13
3596,67
3597,21
3598,24
3599,38
3600,53
3601,82
3602,64
3603,36
3604,94
3605,40
3606,3
3607,36
3608,30
3609,37
3610,80
3611,57
3612,46
3613,69
3614,50
3615,64
3616,79
3617,79
3618,71
3619,78
3620,67
3621,36
3622,46
3623,79
3624,48
3625,3
3626,40
3627,2
3628,76
3629,56
3630,17
3631,28
3632,27
3633,36
3634,4
3635,58
3636,71
3637,94
3638,61
3639,63
3640,38
3641,57
3642,36
3643,47
3644,64
3645,40
3646,75
3647,78
3648,40
3649,61
3650,67
3651,56
3652,15
3653,34
3654,57
3655,26
3656,87
3657,31
3658,76
3659,24
3660,47
3661,58
3662,17
3663,4
3664,78
3665,21
3666,79
3667,26
3668,49
3669,17
3670,2
3671,99
3672,49
3673,58
3674,49
3675,17
3676,61
3677,49
3678,24
3679,58
3680,37
3681,11
3682,29
3683,85
3684,57
3685,56
3686,75
3687,69
3688,60
3689,97
3690,40
3691,18
3692,3
3693,74
3694,98
3695,64
3696,56
3697,82
3698,80
3699,90
3700,49
3701,36
3702,71
3703,47
3704,58
3705,25
3706,47
3707,3
3708,49
3709,47
3710,4
3711,36
3712,2
3713,40
3714,38
3715,2
3716,63
3717,73
3718,34
3719,49
3720,94
3721,56
3722,9
3723,36
3724,94
3725,40
3726,47
3727,69
3728,75
3729,17
3730,49
3731,64
3732,3
3733,9
3734,87
3735,61
3736,26
3737,38
3738,67
3739,36
3740,4
3741,22
3742,17
3743,31
3744,22
3745,34
3746,17
3747,71
3748,31
3749,4
3750,2
3751,36
3752,50
3753,58
3754,25
3755,50
3756,31
3757,74
3758,56
3759,60
3760,98
3761,57
3762,82
3763,22
3764,63
3765,26
3766,26
3767,64
3768,67
3769,4
3770,64
3771,47
3772,17
3773,57
3774,31
3775,2
3776,38
3777,79
3778,40
3779,69
3780,98
3781,82
3782,46
3783,40
3784,63
3785,46
3786,67
3787,49
3788,31
3789,74
3790,34
3791,80
3792,80
3793,99
3794,49
3795,67
3796,99
3797,90
3798,85
3799,48
3800,87
3801,60
3802,26
3803,47
3804,26
3805,58
3806,80
3807,21
3808,17
3809,40
3810,36
3811,24
3812,48
3813,71
3814,2
3815,24
3816,57
3817,56
3818,100
3819,15
3820,29
3821,63
3822,37
3823,49
3824,58
3825,38
3826,50
3827,9
3828,34
3829,26
3830,34
3831,64
3832,71
3833,71
3834,50
3835,99
3836,26
3837,50
3838,36
3839,63
3840,26
3841,36
3842,2
3843,71
3844,87
3845,58
3846,49
3847,82
3848,80
3849,4
3850,49
3851,67
3852,78
3853,24
3854,60
3855,21
3856,71
3857,100
3858,87
3859,100
3860,64
3861,82
3862,99
3863,57
3864,26
3865,58
3866,3
3867,17
3868,48
3869,17
3870,17
3871,71
3872,79
3873,75
3874,26
3875,79
3876,22
3877,69
3878,57
3879,2
3880,38
3881,9
3882,56
3883,49
3884,25
3885,82
3886,75
3887,82
3888,58
3889,82
3890,80
3891,26
3892,22
3893,57
3894,17
3895,4
3896,58
3897,79
3898,73
3899,82
3900,82
3901,60
3902,80
3903,3
3904,58
3905,99
3906,37
3907,79
3908,75
3909,50
3910,2
3911,74
3912,74
3913,80
3914,50
3915,22
3916,24
3917,71
3918,3
3919,57
3920,64
3921,69
3922,69
3923,73
3924,60
3925,82
3926,82
3927,22
3928,58
3929,2
3930,99
3931,58
3932,60
3933,36
3934,73
3935,17
3936,48
3937,36
3938,36
3939,75
3940,63
3941,71
3942,26
3943,63
3944,67
3945,24
3946,49
3947,37
3948,69
3949,21
3950,99
3951,80
3952,37
3953,74
3954,57
3955,3
3956,82
3957,75
3958,80
3959,78
3960,38
3961,40
3962,82
3963,2
3964,2
3965,49
3966,3
3967,71
3968,36
3969,58
3970,71
3971,56
3972,56
3973,17
3974,17
3975,69
3976,69
3977,4
3978,78
3979,9
3980,48
3981,38
3982,22
3983,36
3984,60
3985,75
3986,64
3987,74
3988,49
3989,56
3990,71
3991,78
3992,69
3993,67
3994,17
3995,64
3996,99
3997,26
3998,79
3999,69
4000,56
