1,96
2,53
3,6
4,85
5,9
6,29
7,23
8,86
9,84
10,38
11,28
12,44
13,96
14,6
15,50
16,94
17,47
18,58
19,82
20,38
21,15
22,88
23,10
24,27
25,94
26,9
27,98
28,42
29,64
30,53
31,3
32,50
33,30
34,80
35,11
36,67
37,51
38,91
39,33
40,57
41,76
42,82
43,20
44,71
45,70
46,10
47,48
48,90
49,7
50,51
51,39
52,55
53,78
54,59
55,38
56,59
57,17
58,61
59,56
60,101
61,70
62,80
63,99
64,28
65,67
66,90
67,53
68,7
69,38
70,99
71,60
72,56
73,4
74,44
75,15
76,46
77,72
78,96
79,17
80,6
81,38
82,39
83,99
84,38
85,40
86,37
87,45
88,18
89,56
90,100
91,6
92,29
93,14
94,1
95,28
96,70
97,83
98,21
99,10
100,40
101,44
102,80
103,77
104,88
105,92
106,101
107,41
108,66
109,46
110,24
111,69
112,78
113,87
114,14
115,91
116,92
117,52
118,97
119,39
120,49
121,77
122,38
123,46
124,69
125,94
126,29
127,55
128,6
129,11
130,66
131,94
132,38
133,11
134,100
135,57
136,87
137,93
138,44
139,38
140,19
141,42
142,50
143,10
144,47
145,51
146,70
147,7
148,84
149,32
150,46
151,31
152,55
153,90
154,53
155,33
156,100
157,80
158,100
159,65
160,45
161,50
162,2
163,64
164,90
165,43
166,72
167,66
168,34
169,60
170,99
171,48
172,41
173,35
174,4
175,22
176,88
177,56
178,57
179,99
180,4
181,41
182,50
183,35
184,63
185,78
186,13
187,41
188,33
189,94
190,29
191,22
192,53
193,56
194,47
195,27
196,96
197,51
198,38
199,29
200,79
201,101
202,38
203,76
204,47
205,49
206,61
207,101
208,10
209,92
210,63
211,4
212,38
213,75
214,84
215,46
216,45
217,94
218,75
219,78
220,94
221,56
222,43
223,11
224,56
225,50
226,38
227,2
228,44
229,69
230,40
231,66
232,99
233,79
234,71
235,29
236,42
237,11
238,66
239,14
240,40
241,88
242,46
243,80
244,96
245,59
246,18
247,45
248,77
249,96
250,25
251,94
252,64
253,63
254,31
255,44
256,77
257,98
258,44
259,1
260,91
261,96
262,46
263,90
264,82
265,82
266,35
267,41
268,8
269,10
270,11
271,4
272,54
273,37
274,42
275,41
276,38
277,64
278,70
279,46
280,11
281,28
282,35
283,72
284,14
285,38
286,42
287,91
288,15
289,72
290,24
291,66
292,86
293,17
294,59
295,58
296,80
297,17
298,44
299,70
300,24
301,56
302,87
303,20
304,45
305,64
306,98
307,19
308,58
309,56
310,33
311,42
312,90
313,88
314,66
315,94
316,84
317,24
318,10
319,33
320,11
321,53
322,99
323,57
324,48
325,40
326,94
327,98
328,61
329,48
330,71
331,50
332,19
333,12
334,58
335,82
336,40
337,9
338,46
339,37
340,14
341,29
342,45
343,11
344,79
345,90
346,56
347,42
348,45
349,82
350,5
351,46
352,99
353,90
354,46
355,66
356,6
357,5
358,63
359,76
360,6
361,92
362,53
363,66
364,72
365,4
366,59
367,98
368,66
369,63
370,1
371,5
372,44
373,6
374,6
375,28
376,33
377,27
378,10
379,98
380,42
381,88
382,28
383,96
384,77
385,68
386,60
387,71
388,18
389,53
390,24
391,74
392,4
393,59
394,57
395,7
396,10
397,90
398,96
399,4
400,16
401,60
402,33
403,33
404,57
405,92
406,82
407,100
408,39
409,14
410,36
411,3
412,11
413,99
414,58
415,66
416,37
417,79
418,37
419,24
420,40
421,80
422,99
423,94
424,82
425,11
426,41
427,4
428,53
429,23
430,35
431,28
432,98
433,10
434,99
435,96
436,90
437,58
438,46
439,16
440,44
441,73
442,29
443,94
444,89
445,12
446,27
447,66
448,98
449,100
450,35
451,72
452,86
453,65
454,51
455,80
456,30
457,76
458,63
459,63
460,63
461,45
462,5
463,98
464,74
465,11
466,38
467,90
468,59
469,64
470,31
471,44
472,56
473,38
474,46
475,50
476,13
477,81
478,53
479,42
480,62
481,28
482,61
483,56
484,44
485,42
486,67
487,42
488,75
489,100
490,33
491,60
492,25
493,29
494,41
495,78
496,63
497,97
498,15
499,101
500,4
501,17
502,79
503,1
504,17
505,13
506,15
507,101
508,29
509,72
510,7
511,58
512,3
513,98
514,42
515,6
516,14
517,17
518,11
519,18
520,6
521,76
522,18
523,39
524,14
525,40
526,94
527,53
528,84
529,69
530,6
531,56
532,99
533,78
534,63
535,74
536,38
537,82
538,43
539,69
540,4
541,25
542,28
543,63
544,89
545,62
546,18
547,37
548,77
549,78
550,86
551,99
552,33
553,12
554,41
555,37
556,57
557,101
558,21
559,42
560,78
561,99
562,44
563,66
564,55
565,21
566,90
567,92
568,88
569,8
570,86
571,44
572,100
573,56
574,33
575,99
576,29
577,42
578,45
579,80
580,12
581,41
582,1
583,16
584,28
585,59
586,77
587,98
588,5
589,13
590,30
591,5
592,10
593,21
594,7
595,48
596,54
597,42
598,20
599,29
600,46
601,89
602,77
603,60
604,80
605,32
606,35
607,24
608,98
609,66
610,27
611,66
612,94
613,67
614,46
615,80
616,58
617,65
618,45
619,44
620,60
621,7
622,11
623,44
624,15
625,32
626,99
627,77
628,80
629,66
630,12
631,27
632,83
633,44
634,43
635,17
636,15
637,92
638,45
639,7
640,6
641,66
642,31
643,90
644,84
645,71
646,59
647,51
648,77
649,39
650,63
651,5
652,66
653,87
654,14
655,78
656,18
657,40
658,44
659,66
660,41
661,29
662,17
663,72
664,56
665,57
666,38
667,99
668,78
669,33
670,101
671,29
672,18
673,77
674,4
675,71
676,49
677,16
678,64
679,29
680,53
681,70
682,44
683,59
684,46
685,13
686,6
687,97
688,28
689,92
690,13
691,41
692,60
693,94
694,46
695,52
696,29
697,44
698,57
699,100
700,95
701,96
702,16
703,12
704,14
705,6
706,31
707,67
708,66
709,69
710,19
711,46
712,33
713,53
714,5
715,27
716,67
717,32
718,37
719,29
720,29
721,16
722,53
723,50
724,84
725,45
726,35
727,101
728,50
729,35
730,4
731,70
732,79
733,15
734,46
735,60
736,16
737,46
738,68
739,56
740,51
741,23
742,85
743,2
744,60
745,43
746,45
747,4
748,100
749,29
750,79
751,38
752,42
753,29
754,58
755,46
756,69
757,76
758,93
759,4
760,15
761,24
762,67
763,38
764,33
765,2
766,60
767,90
768,60
769,46
770,13
771,19
772,77
773,29
774,66
775,29
776,38
777,38
778,90
779,4
780,4
781,11
782,60
783,93
784,44
785,44
786,93
787,101
788,3
789,97
790,33
791,70
792,77
793,57
794,9
795,100
796,31
797,80
798,26
799,6
800,93
801,76
802,64
803,96
804,39
805,44
806,38
807,86
808,27
809,41
810,4
811,68
812,38
813,46
814,26
815,47
816,98
817,4
818,56
819,53
820,47
821,32
822,7
823,28
824,42
825,39
826,89
827,63
828,14
829,1
830,33
831,57
832,37
833,63
834,31
835,46
836,98
837,46
838,50
839,38
840,7
841,68
842,7
843,64
844,61
845,46
846,36
847,28
848,39
849,12
850,62
851,46
852,82
853,53
854,45
855,50
856,32
857,8
858,44
859,9
860,84
861,10
862,63
863,44
864,20
865,86
866,52
867,15
868,4
869,69
870,9
871,77
872,44
873,69
874,72
875,39
876,98
877,77
878,80
879,44
880,92
881,101
882,93
883,22
884,90
885,38
886,94
887,66
888,45
889,60
890,42
891,17
892,51
893,4
894,56
895,17
896,66
897,100
898,95
899,32
900,93
901,60
902,10
903,36
904,42
905,99
906,97
907,60
908,99
909,55
910,50
911,16
912,100
913,44
914,38
915,53
916,80
917,82
918,100
919,15
920,91
921,24
922,69
923,83
924,27
925,50
926,53
927,53
928,99
929,69
930,28
931,56
932,39
933,44
934,37
935,97
936,42
937,1
938,49
939,33
940,33
941,70
942,11
943,6
944,92
945,59
946,33
947,1
948,4
949,45
950,67
951,72
952,53
953,16
954,32
955,41
956,2
957,89
958,92
959,60
960,33
961,39
962,57
963,69
964,57
965,66
966,98
967,11
968,14
969,66
970,85
971,38
972,19
973,42
974,25
975,11
976,94
977,65
978,11
979,59
980,46
981,60
982,47
983,16
984,52
985,14
986,35
987,44
988,73
989,29
990,50
991,26
992,41
993,78
994,50
995,14
996,94
997,86
998,10
999,42
1000,4
1001,68
1002,63
1003,17
1004,69
1005,23
1006,59
1007,10
1008,57
1009,10
1010,84
1011,47
1012,77
1013,3
1014,28
1015,6
1016,11
1017,1
1018,42
1019,33
1020,54
1021,42
1022,6
1023,65
1024,65
1025,38
1026,66
1027,4
1028,93
1029,68
1030,81
1031,69
1032,27
1033,90
1034,56
1035,28
1036,53
1037,76
1038,96
1039,53
1040,28
1041,95
1042,22
1043,38
1044,57
1045,99
1046,77
1047,60
1048,3
1049,42
1050,69
1051,4
1052,6
1053,54
1054,28
1055,91
1056,94
1057,86
1058,29
1059,40
1060,69
1061,97
1062,60
1063,82
1064,49
1065,7
1066,12
1067,60
1068,35
1069,60
1070,59
1071,68
1072,101
1073,2
1074,5
1075,50
1076,69
1077,17
1078,24
1079,92
1080,50
1081,57
1082,53
1083,61
1084,7
1085,63
1086,37
1087,42
1088,73
1089,99
1090,79
1091,48
1092,33
1093,99
1094,69
1095,51
1096,36
1097,17
1098,51
1099,60
1100,83
1101,53
1102,63
1103,28
1104,46
1105,28
1106,80
1107,56
1108,73
1109,81
1110,53
1111,6
1112,53
1113,57
1114,21
1115,53
1116,82
1117,16
1118,62
1119,1
1120,94
1121,59
1122,93
1123,25
1124,100
1125,46
1126,4
1127,6
1128,63
1129,90
1130,33
1131,49
1132,5
1133,83
1134,89
1135,19
1136,46
1137,70
1138,1
1139,14
1140,5
1141,53
1142,90
1143,94
1144,53
1145,39
1146,62
1147,83
1148,91
1149,1
1150,14
1151,11
1152,45
1153,28
1154,59
1155,28
1156,3
1157,58
1158,66
1159,58
1160,81
1161,66
1162,39
1163,45
1164,83
1165,10
1166,29
1167,83
1168,38
1169,52
1170,9
1171,18
1172,63
1173,89
1174,90
1175,69
1176,94
1177,72
1178,38
1179,84
1180,34
1181,30
1182,63
1183,80
1184,48
1185,56
1186,59
1187,91
1188,41
1189,11
1190,65
1191,42
1192,28
1193,6
1194,60
1195,44
1196,38
1197,39
1198,70
1199,39
1200,38
1201,17
1202,37
1203,78
1204,62
1205,56
1206,31
1207,50
1208,96
1209,17
1210,1
1211,95
1212,44
1213,77
1214,28
1215,8
1216,90
1217,41
1218,96
1219,39
1220,72
1221,21
1222,63
1223,58
1224,94
1225,50
1226,38
1227,43
1228,58
1229,92
1230,44
1231,79
1232,31
1233,100
1234,28
1235,81
1236,98
1237,50
1238,96
1239,28
1240,1
1241,95
1242,47
1243,50
1244,50
1245,46
1246,88
1247,33
1248,87
1249,28
1250,4
1251,66
1252,63
1253,42
1254,61
1255,53
1256,42
1257,61
1258,31
1259,57
1260,22
1261,11
1262,70
1263,46
1264,85
1265,10
1266,98
1267,77
1268,77
1269,75
1270,37
1271,38
1272,78
1273,82
1274,50
1275,46
1276,15
1277,94
1278,98
1279,55
1280,45
1281,64
1282,39
1283,38
1284,15
1285,21
1286,60
1287,30
1288,36
1289,3
1290,30
1291,56
1292,52
1293,23
1294,99
1295,77
1296,23
1297,86
1298,64
1299,87
1300,32
1301,63
1302,70
1303,94
1304,76
1305,97
1306,59
1307,60
1308,101
1309,50
1310,47
1311,50
1312,46
1313,89
1314,47
1315,41
1316,19
1317,87
1318,42
1319,82
1320,2
1321,53
1322,42
1323,81
1324,67
1325,72
1326,60
1327,68
1328,39
1329,30
1330,1
1331,16
1332,88
1333,66
1334,64
1335,101
1336,6
1337,101
1338,15
1339,7
1340,10
1341,94
1342,96
1343,60
1344,91
1345,63
1346,51
1347,70
1348,6
1349,54
1350,56
1351,10
1352,67
1353,64
1354,96
1355,6
1356,58
1357,50
1358,41
1359,82
1360,7
1361,72
1362,22
1363,60
1364,81
1365,71
1366,11
1367,99
1368,60
1369,59
1370,44
1371,6
1372,86
1373,78
1374,46
1375,32
1376,24
1377,28
1378,42
1379,45
1380,26
1381,31
1382,9
1383,63
1384,86
1385,27
1386,28
1387,26
1388,99
1389,84
1390,7
1391,42
1392,42
1393,19
1394,40
1395,1
1396,44
1397,21
1398,33
1399,28
1400,70
1401,17
1402,66
1403,44
1404,56
1405,8
1406,94
1407,32
1408,56
1409,96
1410,38
1411,84
1412,63
1413,77
1414,29
1415,63
1416,72
1417,10
1418,31
1419,31
1420,91
1421,90
1422,96
1423,81
1424,71
1425,94
1426,19
1427,48
1428,59
1429,53
1430,46
1431,44
1432,67
1433,53
1434,48
1435,88
1436,50
1437,57
1438,57
1439,24
1440,46
1441,90
1442,38
1443,96
1444,99
1445,83
1446,77
1447,9
1448,72
1449,71
1450,90
1451,66
1452,38
1453,69
1454,45
1455,69
1456,46
1457,88
1458,61
1459,60
1460,46
1461,99
1462,94
1463,36
1464,29
1465,28
1466,80
1467,58
1468,14
1469,53
1470,25
1471,81
1472,29
1473,36
1474,87
1475,87
1476,55
1477,59
1478,76
1479,59
1480,40
1481,99
1482,5
1483,46
1484,59
1485,45
1486,67
1487,92
1488,60
1489,29
1490,24
1491,59
1492,58
1493,94
1494,60
1495,75
1496,94
1497,33
1498,29
1499,71
1500,11
1501,75
1502,63
1503,24
1504,55
1505,42
1506,28
1507,29
1508,96
1509,45
1510,23
1511,46
1512,72
1513,60
1514,98
1515,42
1516,10
1517,25
1518,57
1519,45
1520,16
1521,65
1522,93
1523,46
1524,67
1525,63
1526,56
1527,51
1528,90
1529,42
1530,53
1531,80
1532,66
1533,39
1534,32
1535,45
1536,56
1537,53
1538,8
1539,80
1540,65
1541,94
1542,42
1543,11
1544,44
1545,38
1546,3
1547,91
1548,64
1549,100
1550,31
1551,96
1552,70
1553,66
1554,80
1555,64
1556,10
1557,91
1558,58
1559,90
1560,56
1561,59
1562,50
1563,5
1564,50
1565,7
1566,34
1567,59
1568,41
1569,56
1570,48
1571,60
1572,23
1573,44
1574,74
1575,78
1576,94
1577,77
1578,1
1579,60
1580,18
1581,11
1582,66
1583,65
1584,39
1585,78
1586,60
1587,9
1588,60
1589,100
1590,44
1591,48
1592,81
1593,68
1594,46
1595,94
1596,86
1597,57
1598,51
1599,58
1600,14
1601,72
1602,11
1603,100
1604,41
1605,63
1606,39
1607,38
1608,44
1609,54
1610,46
1611,6
1612,3
1613,15
1614,9
1615,100
1616,58
1617,48
1618,60
1619,97
1620,57
1621,71
1622,79
1623,42
1624,94
1625,33
1626,18
1627,96
1628,38
1629,85
1630,72
1631,67
1632,10
1633,46
1634,4
1635,23
1636,22
1637,28
1638,42
1639,51
1640,96
1641,72
1642,34
1643,63
1644,53
1645,47
1646,77
1647,42
1648,33
1649,42
1650,67
1651,54
1652,14
1653,46
1654,90
1655,50
1656,45
1657,80
1658,89
1659,65
1660,56
1661,48
1662,4
1663,62
1664,96
1665,96
1666,32
1667,84
1668,92
1669,51
1670,1
1671,63
1672,50
1673,12
1674,38
1675,61
1676,82
1677,63
1678,10
1679,28
1680,63
1681,72
1682,29
1683,38
1684,89
1685,41
1686,77
1687,70
1688,11
1689,51
1690,27
1691,5
1692,10
1693,48
1694,78
1695,90
1696,11
1697,69
1698,40
1699,4
1700,77
1701,44
1702,17
1703,90
1704,86
1705,9
1706,46
1707,14
1708,29
1709,99
1710,42
1711,14
1712,9
1713,45
1714,10
1715,24
1716,46
1717,45
1718,70
1719,46
1720,46
1721,35
1722,4
1723,101
1724,23
1725,10
1726,77
1727,46
1728,96
1729,50
1730,33
1731,60
1732,90
1733,60
1734,45
1735,10
1736,43
1737,42
1738,88
1739,51
1740,69
1741,70
1742,9
1743,46
1744,57
1745,56
1746,11
1747,10
1748,53
1749,42
1750,53
1751,60
1752,12
1753,40
1754,29
1755,31
1756,82
1757,96
1758,30
1759,70
1760,11
1761,58
1762,38
1763,66
1764,17
1765,32
1766,57
1767,98
1768,58
1769,29
1770,44
1771,82
1772,91
1773,29
1774,72
1775,67
1776,2
1777,71
1778,38
1779,31
1780,71
1781,84
1782,29
1783,90
1784,90
1785,55
1786,86
1787,33
1788,70
1789,42
1790,39
1791,51
1792,36
1793,56
1794,29
1795,35
1796,4
1797,59
1798,1
1799,50
1800,23
1801,29
1802,96
1803,42
1804,27
1805,94
1806,38
1807,28
1808,6
1809,73
1810,82
1811,32
1812,78
1813,8
1814,70
1815,20
1816,44
1817,28
1818,82
1819,28
1820,7
1821,53
1822,91
1823,16
1824,33
1825,59
1826,11
1827,1
1828,68
1829,42
1830,70
1831,74
1832,90
1833,4
1834,90
1835,5
1836,80
1837,56
1838,46
1839,60
1840,41
1841,90
1842,98
1843,72
1844,83
1845,100
1846,78
1847,63
1848,86
1849,27
1850,33
1851,47
1852,56
1853,49
1854,52
1855,40
1856,48
1857,12
1858,91
1859,39
1860,33
1861,46
1862,37
1863,69
1864,36
1865,80
1866,32
1867,13
1868,45
1869,71
1870,11
1871,10
1872,57
1873,3
1874,46
1875,39
1876,100
1877,17
1878,56
1879,100
1880,63
1881,53
1882,10
1883,41
1884,46
1885,4
1886,42
1887,56
1888,60
1889,46
1890,7
1891,100
1892,69
1893,94
1894,11
1895,82
1896,34
1897,4
1898,66
1899,80
1900,70
1901,45
1902,51
1903,56
1904,15
1905,78
1906,66
1907,24
1908,94
1909,60
1910,45
1911,11
1912,18
1913,60
1914,66
1915,88
1916,11
1917,101
1918,72
1919,70
1920,82
1921,66
1922,83
1923,12
1924,26
1925,80
1926,40
1927,11
1928,28
1929,13
1930,52
1931,57
1932,9
1933,81
1934,54
1935,1
1936,38
1937,11
1938,5
1939,30
1940,39
1941,92
1942,7
1943,47
1944,42
1945,8
1946,60
1947,3
1948,44
1949,14
1950,26
1951,38
1952,16
1953,28
1954,50
1955,41
1956,44
1957,10
1958,86
1959,46
1960,44
1961,97
1962,12
1963,89
1964,49
1965,43
1966,80
1967,35
1968,20
1969,88
1970,94
1971,7
1972,96
1973,37
1974,66
1975,10
1976,36
1977,69
1978,76
1979,63
1980,18
1981,80
1982,6
1983,53
1984,41
1985,14
1986,98
1987,21
1988,81
1989,94
1990,42
1991,28
1992,25
1993,12
1994,55
1995,79
1996,10
1997,44
1998,60
1999,101
2000,94
2001,85
2002,11
2003,96
2004,73
2005,80
2006,78
2007,72
2008,70
2009,69
2010,58
2011,41
2012,51
2013,16
2014,82
2015,78
2016,51
2017,60
2018,16
2019,4
2020,38
2021,35
2022,41
2023,79
2024,40
2025,7
2026,61
2027,28
2028,16
2029,37
2030,1
2031,24
2032,69
2033,94
2034,65
2035,20
2036,44
2037,67
2038,17
2039,29
2040,38
2041,29
2042,56
2043,36
2044,34
2045,8
2046,56
2047,10
2048,55
2049,35
2050,29
2051,39
2052,60
2053,42
2054,40
2055,24
2056,37
2057,68
2058,59
2059,18
2060,68
2061,31
2062,29
2063,63
2064,46
2065,70
2066,36
2067,39
2068,50
2069,23
2070,1
2071,39
2072,99
2073,80
2074,11
2075,56
2076,41
2077,23
2078,7
2079,59
2080,10
2081,94
2082,38
2083,34
2084,49
2085,29
2086,90
2087,9
2088,9
2089,93
2090,12
2091,17
2092,73
2093,4
2094,66
2095,31
2096,77
2097,78
2098,31
2099,24
2100,11
2101,18
2102,80
2103,41
2104,88
2105,54
2106,29
2107,44
2108,51
2109,45
2110,91
2111,80
2112,17
2113,46
2114,1
2115,1
2116,79
2117,79
2118,56
2119,17
2120,45
2121,29
2122,10
2123,1
2124,69
2125,35
2126,17
2127,34
2128,94
2129,82
2130,29
2131,46
2132,60
2133,59
2134,7
2135,14
2136,41
2137,67
2138,46
2139,78
2140,99
2141,7
2142,77
2143,96
2144,11
2145,57
2146,50
2147,86
2148,73
2149,10
2150,7
2151,14
2152,37
2153,94
2154,96
2155,2
2156,10
2157,94
2158,65
2159,78
2160,80
2161,67
2162,96
2163,86
2164,72
2165,21
2166,75
2167,30
2168,13
2169,82
2170,18
2171,7
2172,40
2173,82
2174,82
2175,99
2176,74
2177,11
2178,63
2179,78
2180,90
2181,10
2182,82
2183,5
2184,42
2185,97
2186,96
2187,71
2188,72
2189,81
2190,33
2191,60
2192,45
2193,45
2194,46
2195,52
2196,98
2197,17
2198,81
2199,50
2200,100
2201,27
2202,17
2203,98
2204,80
2205,51
2206,2
2207,98
2208,82
2209,80
2210,12
2211,98
2212,60
2213,91
2214,70
2215,16
2216,94
2217,5
2218,45
2219,70
2220,36
2221,56
2222,33
2223,98
2224,77
2225,101
2226,72
2227,56
2228,42
2229,50
2230,23
2231,101
2232,56
2233,11
2234,11
2235,82
2236,40
2237,63
2238,19
2239,29
2240,60
2241,51
2242,28
2243,11
2244,17
2245,78
2246,54
2247,70
2248,11
2249,29
2250,1
2251,13
2252,63
2253,70
2254,99
2255,42
2256,82
2257,28
2258,59
2259,50
2260,95
2261,45
2262,91
2263,46
2264,6
2265,75
2266,80
2267,68
2268,29
2269,66
2270,23
2271,6
2272,46
2273,53
2274,78
2275,24
2276,101
2277,57
2278,94
2279,85
2280,96
2281,30
2282,59
2283,70
2284,63
2285,57
2286,82
2287,56
2288,38
2289,42
2290,98
2291,100
2292,57
2293,98
2294,77
2295,29
2296,61
2297,51
2298,11
2299,98
2300,41
2301,82
2302,44
2303,101
2304,16
2305,8
2306,52
2307,63
2308,12
2309,45
2310,38
2311,37
2312,28
2313,67
2314,87
2315,51
2316,78
2317,97
2318,44
2319,77
2320,56
2321,56
2322,90
2323,38
2324,37
2325,39
2326,77
2327,46
2328,96
2329,56
2330,1
2331,57
2332,42
2333,38
2334,67
2335,93
2336,72
2337,72
2338,90
2339,51
2340,66
2341,42
2342,101
2343,42
2344,41
2345,10
2346,25
2347,41
2348,96
2349,58
2350,39
2351,7
2352,101
2353,96
2354,34
2355,16
2356,33
2357,76
2358,80
2359,59
2360,77
2361,22
2362,47
2363,95
2364,57
2365,3
2366,68
2367,90
2368,19
2369,49
2370,45
2371,66
2372,101
2373,46
2374,66
2375,1
2376,10
2377,11
2378,1
2379,16
2380,41
2381,13
2382,53
2383,80
2384,27
2385,29
2386,18
2387,50
2388,5
2389,37
2390,46
2391,12
2392,67
2393,57
2394,33
2395,29
2396,94
2397,14
2398,41
2399,76
2400,59
2401,37
2402,80
2403,50
2404,78
2405,1
2406,49
2407,97
2408,40
2409,17
2410,59
2411,53
2412,39
2413,46
2414,82
2415,66
2416,20
2417,3
2418,82
2419,10
2420,44
2421,63
2422,100
2423,94
2424,70
2425,70
2426,56
2427,58
2428,30
2429,56
2430,11
2431,59
2432,6
2433,90
2434,93
2435,38
2436,99
2437,67
2438,10
2439,66
2440,28
2441,7
2442,36
2443,74
2444,41
2445,99
2446,78
2447,38
2448,44
2449,96
2450,65
2451,69
2452,16
2453,96
2454,69
2455,26
2456,77
2457,36
2458,66
2459,75
2460,10
2461,66
2462,99
2463,46
2464,44
2465,76
2466,94
2467,32
2468,39
2469,77
2470,22
2471,66
2472,51
2473,82
2474,38
2475,38
2476,23
2477,11
2478,4
2479,2
2480,32
2481,77
2482,90
2483,59
2484,80
2485,41
2486,81
2487,50
2488,98
2489,72
2490,59
2491,84
2492,90
2493,85
2494,14
2495,74
2496,86
2497,6
2498,17
2499,60
2500,14
2501,9
2502,42
2503,17
2504,77
2505,10
2506,84
2507,37
2508,45
2509,80
2510,11
2511,2
2512,62
2513,76
2514,50
2515,53
2516,79
2517,12
2518,32
2519,51
2520,44
2521,37
2522,60
2523,79
2524,63
2525,76
2526,16
2527,66
2528,77
2529,8
2530,87
2531,52
2532,38
2533,100
2534,35
2535,66
2536,3
2537,70
2538,22
2539,41
2540,62
2541,59
2542,99
2543,101
2544,55
2545,80
2546,60
2547,42
2548,84
2549,46
2550,7
2551,46
2552,27
2553,60
2554,81
2555,63
2556,95
2557,7
2558,59
2559,37
2560,97
2561,42
2562,70
2563,45
2564,14
2565,90
2566,46
2567,34
2568,75
2569,29
2570,66
2571,96
2572,14
2573,51
2574,61
2575,41
2576,8
2577,58
2578,96
2579,23
2580,49
2581,70
2582,51
2583,13
2584,51
2585,98
2586,85
2587,32
2588,43
2589,32
2590,43
2591,21
2592,35
2593,50
2594,51
2595,4
2596,62
2597,38
2598,91
2599,70
2600,66
2601,38
2602,59
2603,66
2604,27
2605,42
2606,38
2607,32
2608,42
2609,59
2610,99
2611,1
2612,67
2613,82
2614,82
2615,77
2616,53
2617,35
2618,77
2619,10
2620,35
2621,97
2622,60
2623,90
2624,100
2625,66
2626,59
2627,34
2628,66
2629,45
2630,60
2631,63
2632,28
2633,51
2634,50
2635,20
2636,77
2637,36
2638,70
2639,46
2640,80
2641,58
2642,42
2643,70
2644,28
2645,58
2646,45
2647,27
2648,90
2649,72
2650,66
2651,22
2652,61
2653,14
2654,65
2655,80
2656,20
2657,44
2658,37
2659,82
2660,1
2661,80
2662,43
2663,87
2664,18
2665,60
2666,41
2667,14
2668,45
2669,41
2670,101
2671,29
2672,81
2673,63
2674,66
2675,79
2676,74
2677,13
2678,60
2679,46
2680,50
2681,63
2682,18
2683,80
2684,72
2685,85
2686,24
2687,47
2688,71
2689,53
2690,90
2691,14
2692,5
2693,18
2694,100
2695,63
2696,98
2697,46
2698,46
2699,100
2700,26
2701,44
2702,1
2703,14
2704,25
2705,57
2706,72
2707,62
2708,53
2709,39
2710,45
2711,61
2712,13
2713,8
2714,42
2715,58
2716,4
2717,60
2718,81
2719,42
2720,45
2721,49
2722,66
2723,66
2724,41
2725,64
2726,60
2727,53
2728,28
2729,60
2730,77
2731,93
2732,10
2733,63
2734,45
2735,11
2736,37
2737,25
2738,19
2739,72
2740,33
2741,52
2742,58
2743,94
2744,73
2745,66
2746,14
2747,59
2748,42
2749,17
2750,67
2751,15
2752,77
2753,2
2754,18
2755,97
2756,4
2757,67
2758,42
2759,37
2760,14
2761,63
2762,74
2763,50
2764,94
2765,21
2766,46
2767,56
2768,70
2769,40
2770,44
2771,72
2772,60
2773,96
2774,77
2775,77
2776,85
2777,7
2778,40
2779,35
2780,101
2781,46
2782,29
2783,50
2784,72
2785,50
2786,34
2787,26
2788,16
2789,42
2790,16
2791,29
2792,31
2793,4
2794,40
2795,41
2796,56
2797,45
2798,17
2799,65
2800,67
2801,57
2802,68
2803,28
2804,24
2805,39
2806,16
2807,101
2808,14
2809,99
2810,15
2811,16
2812,29
2813,60
2814,82
2815,61
2816,42
2817,77
2818,4
2819,69
2820,31
2821,1
2822,90
2823,12
2824,72
2825,80
2826,45
2827,16
2828,71
2829,15
2830,72
2831,71
2832,48
2833,2
2834,1
2835,13
2836,66
2837,9
2838,29
2839,70
2840,29
2841,67
2842,38
2843,45
2844,100
2845,39
2846,80
2847,27
2848,9
2849,44
2850,29
2851,89
2852,10
2853,25
2854,82
2855,88
2856,17
2857,11
2858,78
2859,24
2860,69
2861,33
2862,72
2863,60
2864,16
2865,38
2866,53
2867,64
2868,28
2869,33
2870,57
2871,29
2872,88
2873,11
2874,72
2875,7
2876,14
2877,51
2878,33
2879,51
2880,18
2881,72
2882,89
2883,33
2884,75
2885,45
2886,86
2887,82
2888,46
2889,89
2890,26
2891,57
2892,7
2893,76
2894,90
2895,14
2896,55
2897,46
2898,11
2899,14
2900,66
2901,40
2902,81
2903,60
2904,60
2905,60
2906,61
2907,59
2908,101
2909,36
2910,90
2911,17
2912,101
2913,82
2914,73
2915,66
2916,67
2917,25
2918,32
2919,11
2920,36
2921,50
2922,63
2923,24
2924,77
2925,44
2926,89
2927,96
2928,50
2929,72
2930,66
2931,65
2932,72
2933,67
2934,55
2935,11
2936,98
2937,91
2938,66
2939,89
2940,84
2941,11
2942,93
2943,69
2944,52
2945,96
2946,95
2947,65
2948,33
2949,95
2950,28
2951,88
2952,83
2953,59
2954,33
2955,17
2956,40
2957,72
2958,44
2959,18
2960,58
2961,13
2962,75
2963,98
2964,96
2965,10
2966,66
2967,50
2968,53
2969,46
2970,21
2971,66
2972,89
2973,49
2974,67
2975,94
2976,100
2977,60
2978,25
2979,42
2980,83
2981,46
2982,37
2983,24
2984,71
2985,31
2986,82
2987,99
2988,78
2989,63
2990,9
2991,48
2992,45
2993,80
2994,38
2995,66
2996,92
2997,94
2998,39
2999,63
3000,22
3001,51
3002,14
3003,45
3004,24
3005,86
3006,29
3007,37
3008,18
3009,50
3010,63
3011,3
3012,80
3013,42
3014,14
3015,44
3016,16
3017,33
3018,10
3019,60
3020,94
3021,38
3022,13
3023,77
3024,58
3025,94
3026,77
3027,16
3028,59
3029,12
3030,55
3031,53
3032,42
3033,33
3034,3
3035,93
3036,14
3037,3
3038,56
3039,9
3040,11
3041,63
3042,18
3043,80
3044,48
3045,13
3046,57
3047,101
3048,15
3049,42
3050,60
3051,101
3052,33
3053,101
3054,29
3055,12
3056,96
3057,42
3058,101
3059,86
3060,29
3061,38
3062,82
3063,99
3064,31
3065,18
3066,32
3067,10
3068,42
3069,64
3070,39
3071,78
3072,17
3073,78
3074,46
3075,11
3076,57
3077,98
3078,81
3079,77
3080,66
3081,82
3082,42
3083,38
3084,63
3085,15
3086,48
3087,86
3088,68
3089,35
3090,36
3091,1
3092,17
3093,35
3094,40
3095,83
3096,33
3097,22
3098,65
3099,86
3100,46
3101,33
3102,86
3103,23
3104,99
3105,66
3106,100
3107,77
3108,94
3109,38
3110,49
3111,4
3112,28
3113,36
3114,38
3115,79
3116,37
3117,66
3118,84
3119,29
3120,58
3121,29
3122,14
3123,38
3124,80
3125,14
3126,60
3127,18
3128,78
3129,94
3130,70
3131,29
3132,48
3133,70
3134,16
3135,10
3136,59
3137,7
3138,44
3139,86
3140,45
3141,17
3142,33
3143,48
3144,25
3145,36
3146,35
3147,35
3148,37
3149,42
3150,29
3151,79
3152,72
3153,14
3154,7
3155,101
3156,35
3157,35
3158,14
3159,35
3160,98
3161,94
3162,29
3163,99
3164,90
3165,97
3166,80
3167,56
3168,30
3169,41
3170,24
3171,26
3172,18
3173,18
3174,63
3175,96
3176,28
3177,18
3178,63
3179,89
3180,99
3181,35
3182,59
3183,66
3184,53
3185,57
3186,87
3187,15
3188,12
3189,80
3190,18
3191,38
3192,42
3193,53
3194,7
3195,81
3196,96
3197,44
3198,48
3199,100
3200,70
3201,66
3202,99
3203,53
3204,96
3205,59
3206,6
3207,44
3208,31
3209,23
3210,69
3211,60
3212,3
3213,100
3214,29
3215,92
3216,94
3217,37
3218,69
3219,101
3220,13
3221,10
3222,42
3223,83
3224,49
3225,99
3226,31
3227,41
3228,89
3229,53
3230,50
3231,94
3232,66
3233,39
3234,94
3235,87
3236,99
3237,53
3238,61
3239,6
3240,65
3241,25
3242,100
3243,6
3244,2
3245,77
3246,78
3247,13
3248,61
3249,67
3250,72
3251,31
3252,76
3253,98
3254,60
3255,44
3256,38
3257,94
3258,58
3259,45
3260,17
3261,68
3262,80
3263,98
3264,100
3265,46
3266,40
3267,17
3268,99
3269,46
3270,10
3271,53
3272,80
3273,44
3274,91
3275,71
3276,101
3277,39
3278,44
3279,42
3280,79
3281,44
3282,76
3283,58
3284,56
3285,26
3286,45
3287,66
3288,2
3289,90
3290,51
3291,90
3292,53
3293,52
3294,30
3295,76
3296,33
3297,70
3298,97
3299,56
3300,100
3301,28
3302,51
3303,70
3304,10
3305,35
3306,10
3307,81
3308,14
3309,30
3310,11
3311,35
3312,67
3313,82
3314,82
3315,11
3316,60
3317,33
3318,72
3319,59
3320,38
3321,47
3322,15
3323,56
3324,41
3325,35
3326,19
3327,46
3328,51
3329,7
3330,63
3331,60
3332,36
3333,96
3334,42
3335,97
3336,48
3337,98
3338,5
3339,35
3340,41
3341,28
3342,90
3343,51
3344,60
3345,98
3346,79
3347,78
3348,82
3349,14
3350,60
3351,58
3352,46
3353,56
3354,79
3355,56
3356,25
3357,16
3358,1
3359,50
3360,3
3361,16
3362,3
3363,16
3364,45
3365,50
3366,72
3367,42
3368,14
3369,31
3370,40
3371,86
3372,66
3373,78
3374,69
3375,94
3376,56
3377,11
3378,63
3379,15
3380,92
3381,29
3382,96
3383,90
3384,72
3385,92
3386,63
3387,17
3388,5
3389,3
3390,44
3391,5
3392,16
3393,41
3394,38
3395,18
3396,90
3397,56
3398,14
3399,63
3400,72
3401,10
3402,44
3403,50
3404,45
3405,90
3406,60
3407,58
3408,16
3409,28
3410,19
3411,72
3412,96
3413,42
3414,23
3415,63
3416,87
3417,79
3418,58
3419,40
3420,38
3421,80
3422,86
3423,66
3424,7
3425,56
3426,35
3427,24
3428,39
3429,27
3430,38
3431,29
3432,63
3433,38
3434,59
3435,39
3436,84
3437,82
3438,29
3439,92
3440,72
3441,68
3442,59
3443,18
3444,65
3445,65
3446,51
3447,33
3448,13
3449,11
3450,45
3451,5
3452,26
3453,26
3454,42
3455,51
3456,100
3457,5
3458,44
3459,53
3460,31
3461,77
3462,17
3463,100
3464,94
3465,77
3466,70
3467,65
3468,36
3469,70
3470,66
3471,79
3472,29
3473,87
3474,72
3475,29
3476,28
3477,44
3478,5
3479,70
3480,31
3481,41
3482,61
3483,80
3484,1
3485,30
3486,4
3487,23
3488,10
3489,100
3490,77
3491,82
3492,4
3493,78
3494,33
3495,77
3496,69
3497,90
3498,9
3499,30
3500,42
3501,69
3502,15
3503,35
3504,6
3505,96
3506,1
3507,50
3508,5
3509,82
3510,99
3511,60
3512,90
3513,71
3514,17
3515,50
3516,45
3517,24
3518,32
3519,94
3520,37
3521,50
3522,96
3523,49
3524,5
3525,15
3526,37
3527,37
3528,5
3529,45
3530,98
3531,63
3532,9
3533,15
3534,76
3535,84
3536,70
3537,17
3538,61
3539,51
3540,72
3541,46
3542,58
3543,44
3544,80
3545,77
3546,4
3547,2
3548,53
3549,98
3550,58
3551,91
3552,57
3553,36
3554,1
3555,88
3556,44
3557,92
3558,101
3559,28
3560,45
3561,53
3562,11
3563,69
3564,11
3565,1
3566,56
3567,101
3568,49
3569,57
3570,70
3571,90
3572,15
3573,70
3574,88
3575,38
3576,45
3577,53
3578,81
3579,59
3580,28
3581,60
3582,2
3583,100
3584,94
3585,13
3586,40
3587,72
3588,58
3589,41
3590,48
3591,63
3592,84
3593,66
3594,76
3595,27
3596,15
3597,37
3598,44
3599,28
3600,98
3601,72
3602,7
3603,79
3604,63
3605,32
3606,18
3607,60
3608,59
3609,42
3610,31
3611,86
3612,39
3613,6
3614,51
3615,70
3616,28
3617,60
3618,99
3619,98
3620,61
3621,10
3622,51
3623,50
3624,33
3625,80
3626,46
3627,3
3628,44
3629,18
3630,41
3631,68
3632,56
3633,46
3634,50
3635,53
3636,11
3637,56
3638,23
3639,11
3640,29
3641,71
3642,35
3643,82
3644,33
3645,66
3646,70
3647,39
3648,15
3649,98
3650,66
3651,67
3652,82
3653,42
3654,59
3655,96
3656,18
3657,70
3658,42
3659,65
3660,94
3661,63
3662,72
3663,5
3664,53
3665,80
3666,99
3667,2
3668,14
3669,39
3670,44
3671,17
3672,94
3673,99
3674,16
3675,99
3676,90
3677,41
3678,58
3679,45
3680,28
3681,60
3682,90
3683,17
3684,70
3685,94
3686,10
3687,50
3688,42
3689,77
3690,38
3691,2
3692,51
3693,59
3694,42
3695,60
3696,53
3697,46
3698,68
3699,94
3700,48
3701,63
3702,68
3703,1
3704,49
3705,38
3706,57
3707,53
3708,33
3709,35
3710,38
3711,84
3712,25
3713,27
3714,41
3715,56
3716,25
3717,35
3718,56
3719,44
3720,27
3721,13
3722,69
3723,50
3724,98
3725,9
3726,5
3727,38
3728,98
3729,56
3730,29
3731,78
3732,39
3733,16
3734,29
3735,94
3736,97
3737,45
3738,11
3739,27
3740,99
3741,79
3742,59
3743,68
3744,39
3745,28
3746,81
3747,14
3748,50
3749,27
3750,50
3751,38
3752,25
3753,12
3754,99
3755,45
3756,59
3757,4
3758,28
3759,77
3760,39
3761,53
3762,14
3763,36
3764,90
3765,70
3766,15
3767,76
3768,44
3769,80
3770,72
3771,32
3772,101
3773,28
3774,63
3775,99
3776,86
3777,44
3778,42
3779,60
3780,42
3781,44
3782,46
3783,6
3784,56
3785,11
3786,94
3787,63
3788,29
3789,12
3790,15
3791,42
3792,99
3793,46
3794,11
3795,94
3796,45
3797,69
3798,77
3799,90
3800,51
3801,66
3802,80
3803,84
3804,78
3805,40
3806,66
3807,72
3808,50
3809,60
3810,66
3811,56
3812,66
3813,35
3814,91
3815,11
3816,28
3817,16
3818,29
3819,90
3820,96
3821,4
3822,7
3823,23
3824,23
3825,4
3826,37
3827,57
3828,40
3829,53
3830,50
3831,76
3832,46
3833,56
3834,13
3835,82
3836,42
3837,7
3838,70
3839,66
3840,33
3841,56
3842,79
3843,7
3844,45
3845,60
3846,53
3847,41
3848,57
3849,90
3850,29
3851,33
3852,4
3853,11
3854,72
3855,39
3856,56
3857,32
3858,96
3859,81
3860,16
3861,6
3862,94
3863,66
3864,23
3865,66
3866,17
3867,99
3868,96
3869,1
3870,72
3871,82
3872,18
3873,37
3874,86
3875,28
3876,41
3877,23
3878,4
3879,66
3880,12
3881,98
3882,82
3883,14
3884,82
3885,4
3886,78
3887,67
3888,66
3889,60
3890,46
3891,46
3892,38
3893,32
3894,7
3895,33
3896,17
3897,24
3898,28
3899,40
3900,18
3901,28
3902,23
3903,72
3904,42
3905,7
3906,78
3907,58
3908,9
3909,45
3910,79
3911,31
3912,45
3913,57
3914,16
3915,41
3916,101
3917,51
3918,94
3919,51
3920,18
3921,86
3922,72
3923,66
3924,59
3925,58
3926,59
3927,50
3928,16
3929,45
3930,78
3931,76
3932,66
3933,32
3934,17
3935,80
3936,33
3937,28
3938,6
3939,41
3940,16
3941,79
3942,45
3943,81
3944,76
3945,78
3946,11
3947,18
3948,11
3949,82
3950,28
3951,18
3952,100
3953,84
3954,66
3955,94
3956,35
3957,56
3958,80
3959,42
3960,16
3961,53
3962,67
3963,82
3964,63
3965,66
3966,59
3967,51
3968,50
3969,14
3970,94
3971,11
3972,77
3973,94
3974,42
3975,66
3976,72
3977,45
3978,15
3979,18
3980,5
3981,38
3982,80
3983,38
3984,1
3985,50
3986,51
3987,96
3988,24
3989,18
3990,4
3991,42
3992,96
3993,53
3994,46
3995,16
3996,10
3997,28
3998,72
3999,66
4000,63
