1,47
2,90
3,49
4,80
5,25
6,64
7,77
8,76
9,47
10,28
11,104
12,40
13,1
14,50
15,47
16,33
17,22
18,68
19,62
20,68
21,98
22,79
23,40
24,82
25,53
26,18
27,103
28,34
29,62
30,51
31,22
32,23
33,79
34,37
35,56
36,86
37,72
38,2
39,73
40,61
41,99
42,45
43,101
44,32
45,45
46,47
47,4
48,5
49,39
50,108
51,80
52,91
53,71
54,81
55,78
56,3
57,91
58,83
59,69
60,72
61,45
62,88
63,65
64,80
65,76
66,108
67,16
68,55
69,44
70,90
71,73
72,66
73,58
74,32
75,94
76,27
77,12
78,32
79,42
80,93
81,103
82,40
83,94
84,32
85,40
86,32
87,56
88,57
89,79
90,30
91,51
92,79
93,47
94,3
95,56
96,101
97,18
98,85
99,86
100,101
101,81
102,79
103,74
104,106
105,45
106,23
107,49
108,2
109,67
110,73
111,27
112,75
113,59
114,18
115,62
116,60
117,105
118,53
119,101
120,87
121,23
122,54
123,61
124,83
125,63
126,17
127,4
128,38
129,32
130,107
131,65
132,8
133,38
134,97
135,67
136,53
137,24
138,51
139,53
140,97
141,104
142,94
143,57
144,37
145,92
146,21
147,35
148,53
149,45
150,15
151,20
152,19
153,82
154,79
155,4
156,61
157,68
158,88
159,87
160,86
161,98
162,37
163,1
164,56
165,51
166,73
167,59
168,17
169,108
170,96
171,106
172,7
173,27
174,80
175,27
176,34
177,100
178,105
179,92
180,39
181,12
182,64
183,68
184,109
185,24
186,101
187,88
188,10
189,45
190,7
191,68
192,37
193,3
194,21
195,47
196,100
197,20
198,53
199,38
200,84
201,103
202,3
203,81
204,61
205,109
206,42
207,48
208,63
209,71
210,71
211,62
212,67
213,67
214,27
215,68
216,70
217,24
218,98
219,1
220,38
221,37
222,45
223,72
224,30
225,5
226,6
227,17
228,67
229,55
230,2
231,3
232,50
233,47
234,70
235,52
236,91
237,24
238,34
239,12
240,88
241,95
242,78
243,77
244,106
245,81
246,16
247,102
248,54
249,86
250,90
251,71
252,62
253,42
254,97
255,60
256,49
257,26
258,63
259,89
260,74
261,104
262,24
263,97
264,88
265,62
266,38
267,99
268,75
269,37
270,53
271,21
272,29
273,3
274,34
275,45
276,22
277,92
278,83
279,43
280,25
281,20
282,93
283,76
284,49
285,26
286,27
287,55
288,64
289,103
290,19
291,106
292,76
293,45
294,68
295,4
296,63
297,108
298,106
299,85
300,36
301,72
302,35
303,36
304,43
305,48
306,31
307,60
308,13
309,18
310,65
311,89
312,72
313,53
314,95
315,92
316,16
317,3
318,2
319,58
320,48
321,88
322,54
323,94
324,53
325,28
326,2
327,53
328,8
329,24
330,29
331,61
332,96
333,17
334,38
335,74
336,99
337,62
338,17
339,22
340,5
341,83
342,81
343,63
344,80
345,7
346,25
347,15
348,76
349,70
350,17
351,37
352,52
353,86
354,79
355,66
356,1
357,74
358,99
359,53
360,98
361,2
362,6
363,38
364,49
365,25
366,103
367,49
368,10
369,28
370,14
371,100
372,61
373,66
374,37
375,3
376,85
377,44
378,84
379,92
380,30
381,68
382,62
383,98
384,22
385,27
386,73
387,35
388,57
389,10
390,85
391,40
392,49
393,90
394,108
395,80
396,98
397,1
398,68
399,38
400,45
401,107
402,52
403,10
404,17
405,60
406,4
407,35
408,81
409,68
410,43
411,35
412,97
413,40
414,38
415,94
416,67
417,84
418,25
419,3
420,59
421,62
422,19
423,26
424,1
425,99
426,78
427,27
428,91
429,55
430,41
431,52
432,83
433,89
434,64
435,35
436,23
437,97
438,49
439,6
440,28
441,28
442,25
443,94
444,1
445,67
446,47
447,99
448,53
449,75
450,26
451,24
452,35
453,25
454,49
455,91
456,29
457,47
458,22
459,64
460,9
461,48
462,102
463,63
464,28
465,104
466,99
467,35
468,89
469,65
470,69
471,53
472,46
473,105
474,70
475,24
476,80
477,91
478,108
479,51
480,97
481,19
482,37
483,19
484,75
485,61
486,32
487,9
488,29
489,70
490,108
491,10
492,55
493,5
494,68
495,99
496,53
497,38
498,31
499,66
500,67
501,71
502,3
503,84
504,40
505,92
506,39
507,94
508,5
509,106
510,49
511,76
512,47
513,100
514,61
515,19
516,107
517,43
518,25
519,35
520,101
521,35
522,20
523,74
524,56
525,26
526,78
527,56
528,7
529,82
530,76
531,62
532,92
533,100
534,10
535,81
536,10
537,10
538,89
539,53
540,60
541,27
542,11
543,19
544,101
545,96
546,22
547,14
548,20
549,23
550,89
551,34
552,26
553,91
554,51
555,59
556,102
557,67
558,21
559,13
560,6
561,36
562,28
563,45
564,74
565,60
566,36
567,70
568,13
569,71
570,41
571,98
572,45
573,50
574,3
575,43
576,45
577,8
578,14
579,53
580,102
581,49
582,66
583,42
584,103
585,8
586,80
587,14
588,31
589,70
590,18
591,89
592,65
593,76
594,96
595,87
596,54
597,35
598,91
599,108
600,42
601,2
602,49
603,78
604,1
605,3
606,67
607,63
608,85
609,27
610,61
611,47
612,75
613,106
614,68
615,29
616,29
617,73
618,49
619,21
620,49
621,71
622,68
623,70
624,55
625,85
626,49
627,94
628,92
629,3
630,82
631,18
632,60
633,94
634,69
635,21
636,74
637,88
638,106
639,65
640,106
641,71
642,55
643,65
644,70
645,81
646,59
647,7
648,74
649,28
650,47
651,20
652,28
653,42
654,67
655,54
656,32
657,8
658,40
659,74
660,31
661,71
662,63
663,27
664,11
665,37
666,88
667,93
668,49
669,100
670,52
671,78
672,8
673,70
674,103
675,12
676,32
677,56
678,27
679,16
680,74
681,61
682,81
683,10
684,38
685,108
686,47
687,104
688,35
689,82
690,95
691,2
692,65
693,106
694,46
695,1
696,54
697,80
698,29
699,89
700,108
701,2
702,100
703,14
704,68
705,56
706,38
707,74
708,66
709,73
710,99
711,94
712,74
713,74
714,35
715,53
716,23
717,95
718,3
719,42
720,6
721,18
722,17
723,50
724,91
725,16
726,63
727,83
728,7
729,81
730,103
731,63
732,94
733,21
734,75
735,6
736,95
737,26
738,15
739,82
740,28
741,53
742,18
743,32
744,99
745,50
746,101
747,65
748,74
749,106
750,104
751,43
752,93
753,39
754,26
755,88
756,80
757,34
758,85
759,88
760,102
761,78
762,38
763,26
764,93
765,36
766,29
767,92
768,90
769,69
770,16
771,88
772,68
773,42
774,49
775,45
776,5
777,82
778,28
779,33
780,15
781,5
782,99
783,99
784,80
785,7
786,35
787,22
788,103
789,2
790,73
791,72
792,48
793,51
794,15
795,43
796,80
797,62
798,54
799,32
800,32
801,17
802,56
803,45
804,7
805,47
806,97
807,67
808,86
809,103
810,78
811,102
812,27
813,74
814,36
815,43
816,90
817,91
818,88
819,53
820,17
821,85
822,62
823,24
824,24
825,26
826,77
827,80
828,51
829,93
830,22
831,49
832,51
833,99
834,41
835,67
836,62
837,59
838,9
839,91
840,10
841,65
842,36
843,92
844,27
845,92
846,70
847,75
848,58
849,38
850,29
851,7
852,70
853,71
854,76
855,105
856,101
857,28
858,89
859,39
860,70
861,66
862,34
863,15
864,17
865,39
866,81
867,89
868,2
869,90
870,32
871,65
872,54
873,54
874,33
875,82
876,27
877,54
878,98
879,51
880,84
881,93
882,49
883,104
884,72
885,21
886,54
887,97
888,72
889,66
890,22
891,34
892,53
893,69
894,4
895,35
896,32
897,73
898,22
899,103
900,79
901,88
902,86
903,29
904,98
905,101
906,109
907,25
908,32
909,68
910,53
911,73
912,103
913,74
914,38
915,101
916,5
917,25
918,33
919,64
920,18
921,102
922,27
923,80
924,45
925,15
926,104
927,23
928,12
929,48
930,16
931,20
932,71
933,96
934,30
935,15
936,32
937,81
938,29
939,63
940,96
941,101
942,109
943,27
944,35
945,83
946,16
947,54
948,52
949,31
950,49
951,68
952,8
953,57
954,31
955,79
956,10
957,18
958,5
959,18
960,3
961,50
962,80
963,4
964,28
965,31
966,88
967,100
968,9
969,66
970,71
971,78
972,70
973,107
974,27
975,20
976,35
977,4
978,53
979,70
980,44
981,1
982,15
983,104
984,13
985,72
986,1
987,32
988,6
989,80
990,40
991,27
992,67
993,62
994,49
995,3
996,60
997,79
998,87
999,88
1000,74
1001,57
1002,99
1003,88
1004,31
1005,43
1006,31
1007,97
1008,16
1009,42
1010,90
1011,23
1012,38
1013,47
1014,36
1015,57
1016,42
1017,70
1018,47
1019,34
1020,2
1021,32
1022,57
1023,103
1024,28
1025,104
1026,100
1027,60
1028,104
1029,60
1030,84
1031,9
1032,52
1033,38
1034,61
1035,99
1036,68
1037,2
1038,104
1039,56
1040,65
1041,77
1042,11
1043,1
1044,7
1045,62
1046,41
1047,67
1048,59
1049,74
1050,97
1051,27
1052,12
1053,10
1054,34
1055,13
1056,82
1057,85
1058,105
1059,26
1060,55
1061,35
1062,88
1063,42
1064,85
1065,21
1066,42
1067,31
1068,52
1069,99
1070,64
1071,8
1072,55
1073,35
1074,35
1075,54
1076,99
1077,48
1078,82
1079,73
1080,29
1081,107
1082,34
1083,98
1084,79
1085,29
1086,15
1087,107
1088,45
1089,53
1090,66
1091,57
1092,87
1093,66
1094,30
1095,67
1096,49
1097,30
1098,79
1099,48
1100,14
1101,42
1102,89
1103,30
1104,65
1105,12
1106,35
1107,81
1108,16
1109,7
1110,19
1111,42
1112,4
1113,55
1114,44
1115,2
1116,36
1117,46
1118,68
1119,41
1120,46
1121,35
1122,64
1123,37
1124,68
1125,81
1126,81
1127,55
1128,93
1129,57
1130,41
1131,105
1132,49
1133,56
1134,91
1135,15
1136,91
1137,54
1138,43
1139,33
1140,52
1141,50
1142,35
1143,33
1144,103
1145,22
1146,69
1147,103
1148,89
1149,1
1150,58
1151,30
1152,54
1153,102
1154,31
1155,21
1156,73
1157,49
1158,25
1159,15
1160,74
1161,82
1162,37
1163,41
1164,5
1165,84
1166,54
1167,62
1168,96
1169,81
1170,43
1171,40
1172,84
1173,107
1174,85
1175,31
1176,14
1177,103
1178,67
1179,52
1180,67
1181,19
1182,13
1183,89
1184,104
1185,27
1186,41
1187,65
1188,34
1189,53
1190,1
1191,69
1192,53
1193,65
1194,21
1195,13
1196,70
1197,63
1198,43
1199,101
1200,2
1201,82
1202,65
1203,99
1204,9
1205,60
1206,28
1207,100
1208,74
1209,30
1210,77
1211,32
1212,67
1213,88
1214,102
1215,54
1216,97
1217,73
1218,74
1219,81
1220,85
1221,47
1222,47
1223,41
1224,66
1225,54
1226,64
1227,59
1228,93
1229,72
1230,45
1231,23
1232,6
1233,53
1234,57
1235,35
1236,89
1237,67
1238,103
1239,5
1240,61
1241,107
1242,3
1243,11
1244,59
1245,7
1246,6
1247,5
1248,65
1249,16
1250,76
1251,45
1252,66
1253,52
1254,70
1255,95
1256,11
1257,53
1258,103
1259,13
1260,44
1261,91
1262,9
1263,45
1264,107
1265,34
1266,87
1267,66
1268,67
1269,8
1270,100
1271,37
1272,4
1273,35
1274,86
1275,40
1276,81
1277,53
1278,107
1279,75
1280,81
1281,73
1282,104
1283,79
1284,67
1285,88
1286,4
1287,104
1288,55
1289,42
1290,76
1291,104
1292,97
1293,19
1294,35
1295,101
1296,38
1297,63
1298,74
1299,62
1300,95
1301,63
1302,57
1303,68
1304,38
1305,35
1306,31
1307,81
1308,50
1309,78
1310,98
1311,12
1312,41
1313,78
1314,14
1315,14
1316,72
1317,53
1318,67
1319,67
1320,36
1321,3
1322,105
1323,36
1324,89
1325,89
1326,42
1327,5
1328,65
1329,47
1330,44
1331,79
1332,85
1333,23
1334,4
1335,81
1336,99
1337,76
1338,79
1339,63
1340,109
1341,25
1342,93
1343,101
1344,27
1345,93
1346,35
1347,54
1348,47
1349,62
1350,54
1351,55
1352,87
1353,12
1354,81
1355,93
1356,81
1357,64
1358,67
1359,35
1360,101
1361,69
1362,65
1363,52
1364,34
1365,104
1366,8
1367,89
1368,95
1369,86
1370,74
1371,11
1372,77
1373,74
1374,73
1375,13
1376,4
1377,109
1378,46
1379,54
1380,12
1381,56
1382,5
1383,83
1384,79
1385,33
1386,56
1387,77
1388,38
1389,27
1390,98
1391,79
1392,65
1393,49
1394,19
1395,37
1396,47
1397,35
1398,44
1399,89
1400,101
1401,65
1402,41
1403,77
1404,49
1405,19
1406,63
1407,82
1408,32
1409,70
1410,16
1411,9
1412,82
1413,53
1414,104
1415,44
1416,31
1417,40
1418,20
1419,81
1420,26
1421,100
1422,74
1423,3
1424,103
1425,59
1426,52
1427,74
1428,35
1429,103
1430,44
1431,101
1432,71
1433,107
1434,10
1435,41
1436,79
1437,11
1438,73
1439,81
1440,86
1441,69
1442,44
1443,25
1444,26
1445,49
1446,88
1447,93
1448,88
1449,13
1450,39
1451,37
1452,102
1453,104
1454,52
1455,50
1456,39
1457,67
1458,26
1459,101
1460,74
1461,102
1462,47
1463,31
1464,36
1465,107
1466,82
1467,38
1468,98
1469,48
1470,67
1471,102
1472,70
1473,82
1474,4
1475,75
1476,66
1477,64
1478,49
1479,3
1480,80
1481,14
1482,95
1483,29
1484,84
1485,69
1486,16
1487,84
1488,5
1489,62
1490,73
1491,19
1492,86
1493,58
1494,105
1495,74
1496,27
1497,75
1498,15
1499,32
1500,53
1501,15
1502,104
1503,75
1504,67
1505,25
1506,102
1507,35
1508,81
1509,37
1510,2
1511,35
1512,59
1513,48
1514,46
1515,54
1516,67
1517,89
1518,77
1519,65
1520,32
1521,109
1522,23
1523,27
1524,75
1525,97
1526,101
1527,72
1528,20
1529,55
1530,27
1531,3
1532,64
1533,23
1534,63
1535,107
1536,73
1537,54
1538,18
1539,75
1540,45
1541,93
1542,83
1543,3
1544,18
1545,9
1546,75
1547,59
1548,1
1549,68
1550,105
1551,39
1552,6
1553,25
1554,66
1555,30
1556,78
1557,97
1558,81
1559,41
1560,47
1561,42
1562,39
1563,11
1564,87
1565,95
1566,65
1567,37
1568,86
1569,75
1570,86
1571,67
1572,16
1573,12
1574,47
1575,30
1576,82
1577,93
1578,55
1579,57
1580,38
1581,65
1582,57
1583,58
1584,16
1585,19
1586,82
1587,104
1588,109
1589,105
1590,59
1591,9
1592,32
1593,75
1594,9
1595,6
1596,39
1597,74
1598,49
1599,35
1600,74
1601,37
1602,81
1603,32
1604,8
1605,32
1606,77
1607,76
1608,84
1609,44
1610,78
1611,100
1612,37
1613,93
1614,42
1615,97
1616,34
1617,53
1618,65
1619,89
1620,29
1621,8
1622,57
1623,30
1624,13
1625,77
1626,16
1627,50
1628,32
1629,49
1630,64
1631,32
1632,14
1633,82
1634,12
1635,73
1636,44
1637,68
1638,21
1639,35
1640,60
1641,18
1642,47
1643,101
1644,39
1645,63
1646,11
1647,19
1648,6
1649,88
1650,49
1651,33
1652,57
1653,67
1654,99
1655,84
1656,48
1657,68
1658,101
1659,53
1660,67
1661,103
1662,109
1663,8
1664,28
1665,36
1666,70
1667,63
1668,53
1669,28
1670,86
1671,83
1672,62
1673,42
1674,41
1675,59
1676,29
1677,50
1678,63
1679,32
1680,107
1681,6
1682,28
1683,15
1684,83
1685,28
1686,54
1687,71
1688,3
1689,88
1690,42
1691,63
1692,27
1693,70
1694,73
1695,11
1696,45
1697,21
1698,72
1699,88
1700,65
1701,33
1702,67
1703,35
1704,81
1705,84
1706,88
1707,53
1708,67
1709,54
1710,14
1711,8
1712,68
1713,2
1714,82
1715,6
1716,3
1717,75
1718,87
1719,58
1720,81
1721,89
1722,87
1723,26
1724,20
1725,41
1726,82
1727,107
1728,36
1729,72
1730,99
1731,30
1732,101
1733,96
1734,97
1735,89
1736,77
1737,48
1738,54
1739,19
1740,80
1741,96
1742,87
1743,68
1744,53
1745,47
1746,53
1747,37
1748,30
1749,67
1750,65
1751,11
1752,82
1753,87
1754,87
1755,83
1756,45
1757,90
1758,101
1759,73
1760,15
1761,103
1762,9
1763,11
1764,86
1765,74
1766,81
1767,71
1768,1
1769,105
1770,70
1771,54
1772,82
1773,73
1774,14
1775,53
1776,68
1777,50
1778,3
1779,105
1780,101
1781,34
1782,49
1783,1
1784,91
1785,65
1786,38
1787,63
1788,65
1789,53
1790,1
1791,27
1792,81
1793,104
1794,58
1795,42
1796,74
1797,74
1798,35
1799,109
1800,89
1801,96
1802,59
1803,73
1804,14
1805,25
1806,81
1807,76
1808,79
1809,3
1810,75
1811,19
1812,80
1813,47
1814,107
1815,5
1816,50
1817,109
1818,32
1819,105
1820,68
1821,45
1822,69
1823,83
1824,34
1825,68
1826,28
1827,35
1828,73
1829,42
1830,74
1831,1
1832,78
1833,25
1834,83
1835,93
1836,8
1837,9
1838,69
1839,35
1840,38
1841,70
1842,70
1843,89
1844,14
1845,73
1846,74
1847,73
1848,68
1849,90
1850,2
1851,81
1852,28
1853,26
1854,88
1855,3
1856,35
1857,74
1858,75
1859,33
1860,107
1861,9
1862,65
1863,66
1864,30
1865,79
1866,81
1867,97
1868,95
1869,99
1870,49
1871,83
1872,88
1873,78
1874,59
1875,53
1876,25
1877,66
1878,8
1879,89
1880,73
1881,59
1882,48
1883,19
1884,35
1885,30
1886,101
1887,80
1888,83
1889,59
1890,66
1891,11
1892,80
1893,81
1894,109
1895,95
1896,71
1897,103
1898,99
1899,2
1900,76
1901,49
1902,55
1903,29
1904,91
1905,35
1906,67
1907,105
1908,60
1909,27
1910,27
1911,105
1912,2
1913,8
1914,20
1915,74
1916,91
1917,79
1918,36
1919,84
1920,35
1921,28
1922,72
1923,34
1924,48
1925,25
1926,58
1927,25
1928,1
1929,28
1930,46
1931,9
1932,28
1933,31
1934,63
1935,84
1936,82
1937,11
1938,93
1939,71
1940,59
1941,44
1942,73
1943,2
1944,14
1945,105
1946,90
1947,32
1948,50
1949,25
1950,96
1951,99
1952,86
1953,30
1954,67
1955,53
1956,87
1957,96
1958,5
1959,15
1960,82
1961,57
1962,8
1963,34
1964,82
1965,53
1966,33
1967,82
1968,37
1969,25
1970,53
1971,64
1972,54
1973,84
1974,31
1975,4
1976,99
1977,83
1978,20
1979,93
1980,101
1981,79
1982,104
1983,73
1984,53
1985,44
1986,47
1987,54
1988,20
1989,87
1990,44
1991,48
1992,32
1993,96
1994,54
1995,6
1996,30
1997,99
1998,21
1999,33
2000,100
2001,46
2002,49
2003,40
2004,93
2005,32
2006,93
2007,93
2008,33
2009,32
2010,46
2011,31
2012,27
2013,101
2014,54
2015,81
2016,37
2017,90
2018,11
2019,11
2020,83
2021,97
2022,63
2023,67
2024,35
2025,90
2026,2
2027,13
2028,109
2029,59
2030,20
2031,67
2032,20
2033,44
2034,9
2035,16
2036,71
2037,49
2038,104
2039,19
2040,104
2041,65
2042,88
2043,37
2044,69
2045,41
2046,47
2047,74
2048,23
2049,54
2050,96
2051,103
2052,1
2053,90
2054,81
2055,42
2056,34
2057,21
2058,99
2059,70
2060,25
2061,2
2062,57
2063,103
2064,37
2065,42
2066,32
2067,75
2068,74
2069,8
2070,31
2071,27
2072,68
2073,25
2074,81
2075,74
2076,75
2077,74
2078,19
2079,55
2080,82
2081,37
2082,13
2083,35
2084,19
2085,40
2086,97
2087,4
2088,64
2089,100
2090,73
2091,70
2092,16
2093,23
2094,14
2095,104
2096,73
2097,74
2098,68
2099,77
2100,96
2101,57
2102,89
2103,67
2104,25
2105,60
2106,35
2107,40
2108,53
2109,82
2110,14
2111,84
2112,45
2113,2
2114,37
2115,3
2116,58
2117,71
2118,96
2119,36
2120,77
2121,39
2122,45
2123,63
2124,20
2125,2
2126,82
2127,82
2128,81
2129,50
2130,53
2131,20
2132,65
2133,35
2134,74
2135,12
2136,103
2137,107
2138,45
2139,25
2140,80
2141,93
2142,79
2143,47
2144,28
2145,80
2146,69
2147,13
2148,100
2149,104
2150,8
2151,33
2152,99
2153,74
2154,88
2155,104
2156,25
2157,37
2158,49
2159,90
2160,45
2161,13
2162,9
2163,37
2164,109
2165,19
2166,41
2167,74
2168,59
2169,9
2170,41
2171,48
2172,37
2173,55
2174,32
2175,93
2176,90
2177,15
2178,84
2179,96
2180,65
2181,6
2182,46
2183,8
2184,54
2185,42
2186,81
2187,81
2188,3
2189,55
2190,70
2191,13
2192,93
2193,100
2194,81
2195,75
2196,53
2197,2
2198,37
2199,96
2200,35
2201,15
2202,3
2203,99
2204,107
2205,81
2206,39
2207,23
2208,6
2209,80
2210,67
2211,76
2212,2
2213,46
2214,67
2215,75
2216,12
2217,13
2218,49
2219,58
2220,69
2221,97
2222,37
2223,66
2224,71
2225,46
2226,81
2227,19
2228,80
2229,75
2230,47
2231,27
2232,81
2233,95
2234,12
2235,74
2236,45
2237,101
2238,66
2239,77
2240,73
2241,100
2242,81
2243,67
2244,82
2245,41
2246,90
2247,23
2248,36
2249,62
2250,46
2251,45
2252,35
2253,27
2254,13
2255,73
2256,36
2257,12
2258,40
2259,101
2260,104
2261,58
2262,44
2263,84
2264,25
2265,68
2266,74
2267,42
2268,91
2269,36
2270,59
2271,39
2272,88
2273,45
2274,25
2275,70
2276,60
2277,75
2278,27
2279,29
2280,20
2281,63
2282,66
2283,40
2284,46
2285,5
2286,46
2287,25
2288,45
2289,101
2290,8
2291,49
2292,60
2293,81
2294,59
2295,3
2296,82
2297,58
2298,20
2299,54
2300,28
2301,21
2302,89
2303,69
2304,4
2305,12
2306,15
2307,58
2308,67
2309,53
2310,70
2311,75
2312,53
2313,82
2314,69
2315,33
2316,97
2317,2
2318,35
2319,46
2320,99
2321,103
2322,33
2323,49
2324,4
2325,19
2326,37
2327,95
2328,49
2329,75
2330,49
2331,58
2332,13
2333,33
2334,55
2335,49
2336,49
2337,46
2338,44
2339,104
2340,100
2341,37
2342,20
2343,39
2344,1
2345,25
2346,84
2347,28
2348,47
2349,82
2350,49
2351,80
2352,35
2353,8
2354,35
2355,28
2356,91
2357,71
2358,69
2359,75
2360,107
2361,99
2362,101
2363,89
2364,77
2365,35
2366,57
2367,49
2368,62
2369,63
2370,96
2371,40
2372,75
2373,89
2374,49
2375,105
2376,95
2377,6
2378,75
2379,23
2380,62
2381,54
2382,31
2383,31
2384,19
2385,5
2386,35
2387,74
2388,55
2389,39
2390,1
2391,74
2392,45
2393,6
2394,107
2395,13
2396,27
2397,48
2398,55
2399,54
2400,99
2401,83
2402,32
2403,32
2404,44
2405,41
2406,20
2407,44
2408,38
2409,59
2410,54
2411,47
2412,90
2413,76
2414,101
2415,19
2416,67
2417,8
2418,71
2419,60
2420,109
2421,58
2422,5
2423,66
2424,49
2425,25
2426,50
2427,8
2428,82
2429,54
2430,46
2431,45
2432,77
2433,47
2434,15
2435,93
2436,37
2437,42
2438,4
2439,15
2440,20
2441,5
2442,8
2443,53
2444,54
2445,71
2446,68
2447,70
2448,32
2449,63
2450,32
2451,99
2452,88
2453,62
2454,28
2455,50
2456,75
2457,36
2458,79
2459,40
2460,15
2461,14
2462,62
2463,15
2464,63
2465,99
2466,4
2467,21
2468,39
2469,27
2470,95
2471,31
2472,20
2473,49
2474,28
2475,82
2476,76
2477,37
2478,67
2479,67
2480,93
2481,101
2482,8
2483,88
2484,81
2485,49
2486,89
2487,90
2488,36
2489,74
2490,36
2491,13
2492,2
2493,47
2494,91
2495,15
2496,31
2497,109
2498,93
2499,109
2500,28
2501,109
2502,65
2503,83
2504,47
2505,21
2506,37
2507,49
2508,28
2509,65
2510,16
2511,32
2512,25
2513,73
2514,93
2515,8
2516,33
2517,3
2518,53
2519,65
2520,21
2521,23
2522,68
2523,30
2524,55
2525,8
2526,55
2527,107
2528,34
2529,16
2530,15
2531,55
2532,45
2533,88
2534,27
2535,109
2536,73
2537,105
2538,95
2539,35
2540,109
2541,59
2542,75
2543,104
2544,53
2545,8
2546,74
2547,100
2548,69
2549,14
2550,54
2551,97
2552,45
2553,73
2554,55
2555,49
2556,88
2557,31
2558,45
2559,47
2560,95
2561,58
2562,47
2563,3
2564,41
2565,96
2566,42
2567,20
2568,20
2569,77
2570,3
2571,47
2572,21
2573,95
2574,49
2575,53
2576,33
2577,37
2578,83
2579,8
2580,37
2581,89
2582,68
2583,15
2584,81
2585,14
2586,88
2587,15
2588,73
2589,35
2590,65
2591,81
2592,71
2593,47
2594,42
2595,42
2596,107
2597,59
2598,65
2599,81
2600,67
2601,50
2602,58
2603,14
2604,28
2605,5
2606,70
2607,32
2608,96
2609,34
2610,59
2611,62
2612,100
2613,73
2614,32
2615,49
2616,28
2617,13
2618,101
2619,41
2620,89
2621,2
2622,40
2623,54
2624,49
2625,91
2626,103
2627,49
2628,4
2629,93
2630,40
2631,8
2632,82
2633,83
2634,100
2635,71
2636,4
2637,45
2638,58
2639,77
2640,2
2641,88
2642,91
2643,89
2644,41
2645,81
2646,89
2647,62
2648,55
2649,81
2650,81
2651,37
2652,65
2653,49
2654,93
2655,15
2656,93
2657,84
2658,32
2659,55
2660,80
2661,49
2662,27
2663,27
2664,101
2665,54
2666,49
2667,63
2668,25
2669,67
2670,58
2671,30
2672,79
2673,73
2674,70
2675,104
2676,93
2677,28
2678,70
2679,37
2680,42
2681,65
2682,25
2683,27
2684,41
2685,8
2686,34
2687,19
2688,45
2689,59
2690,83
2691,58
2692,54
2693,59
2694,54
2695,16
2696,89
2697,97
2698,71
2699,8
2700,25
2701,107
2702,80
2703,103
2704,70
2705,49
2706,79
2707,20
2708,25
2709,37
2710,16
2711,32
2712,65
2713,36
2714,42
2715,65
2716,62
2717,83
2718,96
2719,55
2720,83
2721,62
2722,28
2723,28
2724,65
2725,74
2726,3
2727,65
2728,73
2729,90
2730,67
2731,79
2732,81
2733,32
2734,28
2735,45
2736,107
2737,59
2738,75
2739,107
2740,25
2741,83
2742,103
2743,63
2744,28
2745,59
2746,103
2747,77
2748,27
2749,3
2750,8
2751,89
2752,88
2753,47
2754,54
2755,27
2756,28
2757,47
2758,81
2759,73
2760,97
2761,82
2762,81
2763,19
2764,68
2765,90
2766,88
2767,28
2768,77
2769,101
2770,101
2771,37
2772,91
2773,75
2774,74
2775,97
2776,73
2777,82
2778,19
2779,38
2780,20
2781,68
2782,1
2783,101
2784,25
2785,83
2786,15
2787,54
2788,90
2789,99
2790,42
2791,19
2792,33
2793,33
2794,91
2795,62
2796,74
2797,81
2798,59
2799,99
2800,3
2801,91
2802,25
2803,99
2804,83
2805,73
2806,62
2807,75
2808,5
2809,83
2810,100
2811,53
2812,19
2813,82
2814,38
2815,37
2816,81
2817,35
2818,75
2819,1
2820,37
2821,65
2822,46
2823,33
2824,50
2825,101
2826,49
2827,28
2828,88
2829,97
2830,55
2831,49
2832,5
2833,45
2834,15
2835,65
2836,107
2837,74
2838,74
2839,54
2840,66
2841,82
2842,97
2843,55
2844,50
2845,3
2846,93
2847,89
2848,70
2849,8
2850,101
2851,46
2852,27
2853,67
2854,79
2855,65
2856,68
2857,59
2858,37
2859,80
2860,88
2861,35
2862,103
2863,38
2864,32
2865,35
2866,68
2867,42
2868,89
2869,35
2870,89
2871,1
2872,25
2873,8
2874,55
2875,82
2876,53
2877,96
2878,40
2879,28
2880,62
2881,28
2882,67
2883,75
2884,8
2885,97
2886,58
2887,59
2888,37
2889,8
2890,96
2891,73
2892,101
2893,13
2894,58
2895,88
2896,97
2897,28
2898,49
2899,37
2900,53
2901,93
2902,45
2903,58
2904,25
2905,3
2906,53
2907,4
2908,32
2909,81
2910,79
2911,53
2912,38
2913,50
2914,63
2915,54
2916,99
2917,28
2918,103
2919,54
2920,100
2921,42
2922,79
2923,88
2924,8
2925,71
2926,73
2927,70
2928,4
2929,45
2930,74
2931,35
2932,49
2933,4
2934,25
2935,65
2936,81
2937,28
2938,46
2939,46
2940,34
2941,104
2942,89
2943,38
2944,5
2945,97
2946,19
2947,47
2948,67
2949,73
2950,55
2951,63
2952,5
2953,88
2954,15
2955,93
2956,35
2957,4
2958,80
2959,88
2960,67
2961,66
2962,74
2963,82
2964,101
2965,53
2966,47
2967,13
2968,88
2969,28
2970,27
2971,46
2972,47
2973,81
2974,3
2975,32
2976,83
2977,38
2978,96
2979,45
2980,15
2981,49
2982,75
2983,97
2984,63
2985,104
2986,89
2987,37
2988,103
2989,104
2990,68
2991,81
2992,74
2993,40
2994,62
2995,40
2996,34
2997,63
2998,79
2999,1
3000,49
3001,73
3002,34
3003,25
3004,68
3005,27
3006,1
3007,55
3008,84
3009,46
3010,34
3011,31
3012,68
3013,84
3014,68
3015,62
3016,70
3017,4
3018,88
3019,54
3020,59
3021,41
3022,88
3023,32
3024,40
3025,2
3026,79
3027,96
3028,103
3029,97
3030,50
3031,103
3032,49
3033,59
3034,63
3035,28
3036,67
3037,65
3038,4
3039,27
3040,35
3041,101
3042,91
3043,75
3044,27
3045,27
3046,104
3047,81
3048,81
3049,99
3050,74
3051,8
3052,79
3053,101
3054,49
3055,45
3056,32
3057,8
3058,13
3059,99
3060,93
3061,32
3062,82
3063,74
3064,53
3065,28
3066,32
3067,31
3068,63
3069,53
3070,101
3071,38
3072,107
3073,84
3074,3
3075,4
3076,50
3077,66
3078,27
3079,73
3080,80
3081,19
3082,28
3083,3
3084,35
3085,41
3086,62
3087,28
3088,37
3089,79
3090,79
3091,93
3092,45
3093,99
3094,38
3095,8
3096,46
3097,75
3098,49
3099,59
3100,35
3101,53
3102,8
3103,45
3104,97
3105,19
3106,49
3107,55
3108,19
3109,84
3110,107
3111,82
3112,103
3113,54
3114,81
3115,59
3116,42
3117,46
3118,32
3119,54
3120,103
3121,58
3122,54
3123,67
3124,73
3125,25
3126,99
3127,37
3128,35
3129,34
3130,82
3131,67
3132,99
3133,74
3134,27
3135,50
3136,97
3137,47
3138,103
3139,74
3140,101
3141,67
3142,34
3143,107
3144,35
3145,19
3146,71
3147,67
3148,81
3149,89
3150,81
3151,15
3152,54
3153,62
3154,88
3155,45
3156,34
3157,96
3158,58
3159,54
3160,73
3161,35
3162,32
3163,81
3164,50
3165,50
3166,65
3167,91
3168,54
3169,67
3170,50
3171,13
3172,59
3173,88
3174,3
3175,82
3176,103
3177,68
3178,37
3179,82
3180,75
3181,1
3182,35
3183,40
3184,89
3185,75
3186,73
3187,28
3188,101
3189,28
3190,15
3191,50
3192,97
3193,88
3194,74
3195,67
3196,41
3197,37
3198,45
3199,97
3200,28
3201,75
3202,25
3203,40
3204,20
3205,96
3206,13
3207,53
3208,107
3209,27
3210,47
3211,73
3212,31
3213,55
3214,54
3215,79
3216,41
3217,75
3218,45
3219,45
3220,25
3221,35
3222,32
3223,96
3224,53
3225,81
3226,45
3227,67
3228,63
3229,103
3230,42
3231,47
3232,104
3233,25
3234,34
3235,37
3236,68
3237,82
3238,49
3239,50
3240,81
3241,37
3242,74
3243,5
3244,41
3245,73
3246,38
3247,28
3248,103
3249,8
3250,55
3251,79
3252,73
3253,73
3254,73
3255,82
3256,3
3257,27
3258,99
3259,28
3260,96
3261,32
3262,20
3263,55
3264,99
3265,5
3266,19
3267,55
3268,101
3269,70
3270,80
3271,67
3272,4
3273,88
3274,75
3275,93
3276,8
3277,65
3278,67
3279,40
3280,71
3281,67
3282,8
3283,91
3284,83
3285,93
3286,54
3287,96
3288,54
3289,35
3290,83
3291,89
3292,75
3293,79
3294,27
3295,101
3296,74
3297,54
3298,27
3299,80
3300,82
3301,20
3302,82
3303,50
3304,1
3305,35
3306,103
3307,28
3308,55
3309,104
3310,40
3311,32
3312,81
3313,73
3314,91
3315,1
3316,88
3317,54
3318,96
3319,45
3320,93
3321,63
3322,75
3323,5
3324,68
3325,54
3326,35
3327,107
3328,88
3329,97
3330,55
3331,19
3332,32
3333,93
3334,50
3335,8
3336,8
3337,32
3338,42
3339,40
3340,107
3341,19
3342,101
3343,45
3344,88
3345,35
3346,20
3347,63
3348,91
3349,70
3350,32
3351,42
3352,53
3353,67
3354,73
3355,45
3356,54
3357,93
3358,89
3359,91
3360,82
3361,25
3362,99
3363,73
3364,54
3365,25
3366,3
3367,82
3368,80
3369,55
3370,65
3371,49
3372,47
3373,2
3374,8
3375,35
3376,104
3377,35
3378,8
3379,34
3380,55
3381,53
3382,79
3383,67
3384,63
3385,53
3386,91
3387,75
3388,73
3389,70
3390,59
3391,103
3392,74
3393,80
3394,65
3395,50
3396,103
3397,81
3398,34
3399,99
3400,28
3401,89
3402,65
3403,25
3404,73
3405,71
3406,28
3407,63
3408,88
3409,54
3410,45
3411,96
3412,83
3413,49
3414,49
3415,45
3416,54
3417,37
3418,75
3419,104
3420,62
3421,32
3422,50
3423,97
3424,81
3425,40
3426,8
3427,75
3428,101
3429,49
3430,49
3431,41
3432,41
3433,54
3434,75
3435,88
3436,27
3437,73
3438,45
3439,32
3440,3
3441,19
3442,50
3443,3
3444,45
3445,49
3446,81
3447,70
3448,80
3449,8
3450,82
3451,65
3452,37
3453,104
3454,74
3455,91
3456,88
3457,42
3458,35
3459,35
3460,55
3461,81
3462,73
3463,38
3464,25
3465,37
3466,96
3467,82
3468,59
3469,37
3470,74
3471,28
3472,19
3473,2
3474,93
3475,3
3476,88
3477,70
3478,3
3479,96
3480,93
3481,38
3482,54
3483,99
3484,83
3485,99
3486,74
3487,93
3488,97
3489,83
3490,28
3491,103
3492,63
3493,73
3494,28
3495,101
3496,3
3497,67
3498,32
3499,81
3500,27
3501,3
3502,88
3503,53
3504,73
3505,34
3506,47
3507,81
3508,41
3509,55
3510,38
3511,81
3512,73
3513,99
3514,54
3515,74
3516,80
3517,103
3518,74
3519,54
3520,37
3521,73
3522,3
3523,28
3524,97
3525,74
3526,59
3527,89
3528,28
3529,41
3530,35
3531,73
3532,54
3533,67
3534,32
3535,38
3536,97
3537,38
3538,35
3539,35
3540,67
3541,63
3542,45
3543,27
3544,3
3545,97
3546,59
3547,65
3548,74
3549,73
3550,41
3551,104
3552,49
3553,38
3554,70
3555,55
3556,35
3557,41
3558,32
3559,25
3560,3
3561,62
3562,99
3563,99
3564,35
3565,49
3566,103
3567,70
3568,62
3569,74
3570,96
3571,65
3572,41
3573,73
3574,37
3575,32
3576,74
3577,54
3578,25
3579,99
3580,99
3581,88
3582,28
3583,49
3584,82
3585,101
3586,42
3587,35
3588,47
3589,37
3590,79
3591,80
3592,53
3593,3
3594,101
3595,55
3596,35
3597,53
3598,45
3599,70
3600,97
3601,68
3602,41
3603,3
3604,99
3605,49
3606,74
3607,89
3608,65
3609,28
3610,54
3611,97
3612,53
3613,32
3614,32
3615,49
3616,103
3617,3
3618,25
3619,80
3620,3
3621,53
3622,75
3623,96
3624,67
3625,101
3626,15
3627,97
3628,97
3629,53
3630,27
3631,73
3632,28
3633,54
3634,68
3635,67
3636,32
3637,74
3638,54
3639,47
3640,15
3641,27
3642,65
3643,8
3644,65
3645,99
3646,35
3647,28
3648,73
3649,73
3650,47
3651,74
3652,53
3653,8
3654,82
3655,79
3656,62
3657,28
3658,15
3659,53
3660,104
3661,45
3662,37
3663,42
3664,74
3665,104
3666,49
3667,93
3668,54
3669,3
3670,82
3671,104
3672,28
3673,73
3674,99
3675,35
3676,15
3677,97
3678,8
3679,88
3680,38
3681,8
3682,3
3683,63
3684,88
3685,28
3686,81
3687,47
3688,3
3689,75
3690,28
3691,74
3692,8
3693,104
3694,47
3695,67
3696,88
3697,47
3698,25
3699,59
3700,3
3701,67
3702,32
3703,73
3704,37
3705,49
3706,65
3707,32
3708,49
3709,59
3710,27
3711,42
3712,59
3713,62
3714,42
3715,68
3716,101
3717,54
3718,88
3719,101
3720,79
3721,74
3722,38
3723,93
3724,42
3725,97
3726,8
3727,49
3728,32
3729,45
3730,28
3731,42
3732,93
3733,73
3734,82
3735,55
3736,73
3737,74
3738,28
3739,97
3740,62
3741,53
3742,25
3743,63
3744,67
3745,35
3746,54
3747,53
3748,73
3749,32
3750,79
3751,47
3752,70
3753,3
3754,70
3755,55
3756,82
3757,37
3758,81
3759,103
3760,89
3761,88
3762,73
3763,67
3764,68
3765,82
3766,93
3767,25
3768,81
3769,32
3770,93
3771,101
3772,82
3773,82
3774,89
3775,28
3776,73
3777,74
3778,99
3779,45
3780,68
3781,99
3782,35
3783,42
3784,63
3785,62
3786,35
3787,99
3788,65
3789,93
3790,67
3791,25
3792,42
3793,70
3794,74
3795,42
3796,88
3797,28
3798,37
3799,42
3800,45
3801,93
3802,82
3803,97
3804,32
3805,53
3806,49
3807,67
3808,25
3809,81
3810,81
3811,42
3812,74
3813,54
3814,103
3815,49
3816,65
3817,3
3818,27
3819,55
3820,101
3821,101
3822,47
3823,89
3824,82
3825,97
3826,82
3827,45
3828,55
3829,27
3830,47
3831,8
3832,3
3833,27
3834,82
3835,74
3836,32
3837,35
3838,42
3839,99
3840,53
3841,37
3842,54
3843,32
3844,49
3845,42
3846,32
3847,42
3848,8
3849,101
3850,65
3851,97
3852,25
3853,89
3854,101
3855,89
3856,88
3857,88
3858,65
3859,101
3860,67
3861,27
3862,97
3863,82
3864,97
3865,49
3866,75
3867,73
3868,8
3869,8
3870,28
3871,54
3872,75
3873,101
3874,35
3875,101
3876,67
3877,82
3878,49
3879,65
3880,65
3881,82
3882,81
3883,74
3884,88
3885,25
3886,45
3887,28
3888,47
3889,81
3890,53
3891,54
3892,103
3893,82
3894,74
3895,88
3896,53
3897,54
3898,53
3899,53
3900,81
3901,47
3902,73
3903,53
3904,35
3905,65
3906,28
3907,75
3908,54
3909,82
3910,37
3911,65
3912,82
3913,25
3914,65
3915,99
3916,73
3917,93
3918,74
3919,99
3920,65
3921,32
3922,35
3923,101
3924,54
3925,8
3926,25
3927,81
3928,54
3929,68
3930,88
3931,67
3932,28
3933,42
3934,3
3935,3
3936,73
3937,28
3938,35
3939,53
3940,82
3941,28
3942,47
3943,42
3944,8
3945,32
3946,93
3947,35
3948,35
3949,32
3950,101
3951,82
3952,8
3953,88
3954,49
3955,73
3956,28
3957,49
3958,53
3959,53
3960,25
3961,81
3962,88
3963,27
3964,47
3965,101
3966,82
3967,45
3968,74
3969,74
3970,49
3971,54
3972,35
3973,45
3974,27
3975,32
3976,67
3977,81
3978,67
3979,45
3980,101
3981,42
3982,88
3983,74
3984,54
3985,82
3986,8
3987,45
3988,65
3989,42
3990,54
3991,35
3992,42
3993,67
3994,82
3995,28
3996,37
3997,8
3998,42
3999,47
4000,54
