1,30
2,15
3,27
4,32
5,72
6,38
7,68
8,75
9,20
10,71
11,35
12,35
13,69
14,12
15,80
16,8
17,34
18,59
19,71
20,73
21,41
22,3
23,87
24,61
25,35
26,28
27,1
28,67
29,65
30,7
31,33
32,46
33,54
34,13
35,54
36,15
37,81
38,12
39,50
40,5
41,27
42,46
43,75
44,10
45,8
46,3
47,81
48,15
49,67
50,59
51,90
52,35
53,28
54,91
55,23
56,30
57,15
58,1
59,41
60,21
61,73
62,12
63,38
64,55
65,83
66,10
67,36
68,33
69,38
70,73
71,90
72,50
73,61
74,83
75,21
76,79
77,57
78,39
79,15
80,58
81,33
82,81
83,45
84,1
85,75
86,23
87,41
88,31
89,35
90,33
91,37
92,45
93,38
94,83
95,12
96,68
97,91
98,39
99,44
100,92
101,30
102,91
103,52
104,51
105,83
106,44
107,89
108,39
109,13
110,50
111,7
112,25
113,71
114,83
115,67
116,77
117,5
118,26
119,49
120,78
121,45
122,78
123,20
124,39
125,20
126,86
127,62
128,41
129,46
130,63
131,78
132,46
133,19
134,88
135,39
136,3
137,37
138,79
139,13
140,26
141,7
142,66
143,51
144,48
145,38
146,11
147,73
148,13
149,56
150,87
151,88
152,90
153,40
154,58
155,56
156,41
157,49
158,24
159,89
160,12
161,46
162,91
163,77
164,81
165,46
166,68
167,22
168,39
169,51
170,59
171,28
172,71
173,85
174,45
175,7
176,49
177,80
178,2
179,53
180,58
181,30
182,13
183,62
184,51
185,79
186,89
187,79
188,33
189,31
190,7
191,36
192,90
193,62
194,1
195,1
196,31
197,9
198,47
199,54
200,83
201,41
202,20
203,65
204,73
205,51
206,25
207,73
208,45
209,20
210,70
211,1
212,40
213,17
214,49
215,89
216,62
217,20
218,72
219,1
220,20
221,36
222,43
223,88
224,49
225,33
226,34
227,1
228,5
229,23
230,34
231,33
232,37
233,17
234,30
235,81
236,73
237,40
238,43
239,11
240,39
241,66
242,43
243,53
244,79
245,75
246,13
247,76
248,78
249,17
250,41
251,2
252,34
253,26
254,89
255,54
256,66
257,7
258,3
259,67
260,41
261,81
262,37
263,36
264,27
265,9
266,13
267,11
268,27
269,6
270,34
271,72
272,35
273,71
274,55
275,3
276,12
277,46
278,48
279,49
280,7
281,30
282,10
283,1
284,10
285,26
286,12
287,92
288,66
289,85
290,90
291,13
292,45
293,73
294,72
295,15
296,12
297,66
298,31
299,87
300,17
301,48
302,31
303,12
304,40
305,39
306,8
307,73
308,48
309,33
310,83
311,79
312,75
313,62
314,45
315,31
316,84
317,45
318,5
319,75
320,45
321,66
322,64
323,92
324,83
325,40
326,76
327,48
328,7
329,63
330,44
331,89
332,5
333,50
334,35
335,58
336,44
337,3
338,15
339,82
340,8
341,32
342,34
343,62
344,57
345,9
346,37
347,5
348,12
349,46
350,36
351,82
352,90
353,62
354,77
355,75
356,68
357,34
358,30
359,40
360,75
361,51
362,41
363,7
364,79
365,13
366,33
367,42
368,5
369,5
370,16
371,49
372,3
373,46
374,80
375,20
376,33
377,86
378,67
379,33
380,66
381,73
382,58
383,13
384,45
385,16
386,68
387,62
388,19
389,81
390,50
391,30
392,41
393,49
394,13
395,64
396,68
397,37
398,30
399,34
400,17
401,38
402,39
403,4
404,73
405,10
406,10
407,45
408,58
409,90
410,79
411,38
412,13
413,68
414,44
415,40
416,81
417,58
418,80
419,12
420,66
421,84
422,34
423,45
424,1
425,47
426,40
427,73
428,40
429,79
430,52
431,1
432,52
433,66
434,90
435,5
436,34
437,92
438,41
439,28
440,25
441,54
442,38
443,1
444,90
445,66
446,29
447,80
448,20
449,55
450,70
451,25
452,34
453,58
454,31
455,83
456,14
457,17
458,81
459,74
460,66
461,3
462,3
463,91
464,8
465,18
466,1
467,12
468,10
469,62
470,64
471,34
472,68
473,40
474,13
475,90
476,81
477,67
478,59
479,80
480,41
481,58
482,90
483,84
484,72
485,57
486,57
487,35
488,63
489,41
490,45
491,49
492,70
493,20
494,39
495,50
496,43
497,73
498,71
499,54
500,23
501,30
502,38
503,81
504,73
505,7
506,77
507,56
508,38
509,87
510,85
511,10
512,48
513,70
514,15
515,33
516,33
517,66
518,38
519,73
520,50
521,22
522,73
523,70
524,70
525,54
526,66
527,89
528,49
529,63
530,39
531,65
532,34
533,41
534,84
535,87
536,49
537,84
538,86
539,77
540,42
541,5
542,51
543,45
544,79
545,77
546,19
547,68
548,55
549,90
550,12
551,92
552,77
553,66
554,34
555,82
556,55
557,20
558,88
559,11
560,49
561,66
562,54
563,79
564,81
565,65
566,40
567,52
568,81
569,55
570,75
571,33
572,38
573,39
574,45
575,41
576,6
577,87
578,71
579,37
580,86
581,7
582,68
583,90
584,41
585,20
586,33
587,79
588,41
589,17
590,76
591,92
592,1
593,79
594,48
595,38
596,33
597,4
598,89
599,24
600,91
601,69
602,6
603,68
604,89
605,85
606,92
607,62
608,89
609,62
610,35
611,3
612,89
613,14
614,70
615,10
616,38
617,63
618,3
619,79
620,36
621,91
622,83
623,1
624,75
625,38
626,73
627,3
628,64
629,85
630,48
631,1
632,38
633,50
634,46
635,75
636,86
637,67
638,12
639,78
640,9
641,81
642,68
643,36
644,45
645,30
646,54
647,20
648,48
649,16
650,38
651,6
652,30
653,67
654,58
655,17
656,92
657,13
658,81
659,19
660,48
661,39
662,48
663,70
664,89
665,85
666,16
667,86
668,58
669,36
670,29
671,5
672,82
673,76
674,16
675,70
676,88
677,90
678,13
679,92
680,38
681,55
682,68
683,7
684,55
685,22
686,8
687,48
688,11
689,41
690,12
691,63
692,66
693,89
694,12
695,34
696,55
697,85
698,22
699,91
700,52
701,46
702,5
703,81
704,81
705,20
706,10
707,61
708,50
709,66
710,5
711,78
712,36
713,33
714,42
715,85
716,87
717,66
718,58
719,39
720,91
721,49
722,39
723,90
724,46
725,27
726,48
727,5
728,91
729,5
730,89
731,24
732,81
733,3
734,39
735,3
736,30
737,58
738,39
739,49
740,10
741,84
742,63
743,82
744,58
745,90
746,75
747,90
748,30
749,47
750,10
751,45
752,41
753,92
754,70
755,83
756,26
757,3
758,9
759,31
760,36
761,4
762,34
763,58
764,92
765,56
766,38
767,82
768,31
769,79
770,7
771,39
772,79
773,90
774,85
775,30
776,13
777,66
778,91
779,81
780,7
781,70
782,39
783,89
784,38
785,41
786,92
787,73
788,49
789,43
790,72
791,11
792,68
793,58
794,16
795,38
796,10
797,83
798,51
799,67
800,33
801,23
802,92
803,63
804,83
805,89
806,45
807,89
808,50
809,73
810,88
811,88
812,71
813,6
814,62
815,92
816,83
817,29
818,89
819,86
820,25
821,89
822,90
823,46
824,49
825,86
826,16
827,10
828,81
829,52
830,75
831,4
832,42
833,25
834,63
835,64
836,80
837,26
838,83
839,73
840,16
841,13
842,55
843,71
844,10
845,63
846,31
847,83
848,15
849,10
850,48
851,3
852,17
853,1
854,1
855,45
856,91
857,54
858,12
859,7
860,7
861,41
862,3
863,70
864,47
865,34
866,10
867,2
868,82
869,54
870,3
871,1
872,58
873,9
874,32
875,27
876,3
877,63
878,9
879,30
880,30
881,83
882,5
883,23
884,30
885,61
886,83
887,40
888,60
889,88
890,79
891,57
892,83
893,5
894,53
895,12
896,45
897,75
898,28
899,47
900,10
901,66
902,13
903,48
904,76
905,38
906,15
907,20
908,70
909,61
910,14
911,11
912,46
913,34
914,38
915,60
916,87
917,39
918,71
919,16
920,9
921,45
922,47
923,35
924,86
925,91
926,90
927,79
928,78
929,88
930,5
931,39
932,40
933,3
934,22
935,89
936,5
937,38
938,3
939,43
940,73
941,44
942,89
943,13
944,91
945,12
946,54
947,58
948,75
949,71
950,38
951,1
952,4
953,62
954,39
955,42
956,91
957,66
958,18
959,3
960,58
961,28
962,54
963,57
964,77
965,7
966,85
967,30
968,76
969,10
970,3
971,89
972,40
973,91
974,47
975,39
976,46
977,10
978,48
979,3
980,56
981,44
982,73
983,23
984,53
985,28
986,20
987,39
988,69
989,83
990,33
991,91
992,29
993,81
994,33
995,20
996,10
997,86
998,36
999,84
1000,10
1001,39
1002,10
1003,73
1004,36
1005,58
1006,30
1007,54
1008,5
1009,65
1010,64
1011,50
1012,73
1013,29
1014,62
1015,37
1016,67
1017,34
1018,76
1019,13
1020,58
1021,31
1022,70
1023,13
1024,89
1025,68
1026,72
1027,27
1028,45
1029,68
1030,38
1031,10
1032,1
1033,7
1034,49
1035,10
1036,90
1037,20
1038,79
1039,75
1040,70
1041,70
1042,9
1043,19
1044,39
1045,69
1046,13
1047,75
1048,25
1049,13
1050,75
1051,5
1052,34
1053,67
1054,59
1055,89
1056,49
1057,4
1058,75
1059,34
1060,72
1061,58
1062,48
1063,63
1064,70
1065,34
1066,46
1067,68
1068,21
1069,30
1070,50
1071,73
1072,29
1073,49
1074,67
1075,59
1076,68
1077,20
1078,8
1079,13
1080,5
1081,82
1082,79
1083,75
1084,22
1085,10
1086,61
1087,70
1088,73
1089,69
1090,39
1091,84
1092,49
1093,14
1094,1
1095,63
1096,16
1097,6
1098,92
1099,34
1100,2
1101,77
1102,78
1103,34
1104,81
1105,46
1106,81
1107,34
1108,81
1109,45
1110,38
1111,91
1112,1
1113,52
1114,77
1115,14
1116,5
1117,1
1118,80
1119,70
1120,92
1121,33
1122,92
1123,12
1124,81
1125,25
1126,83
1127,39
1128,81
1129,36
1130,33
1131,63
1132,39
1133,71
1134,53
1135,75
1136,75
1137,31
1138,71
1139,31
1140,73
1141,41
1142,74
1143,49
1144,5
1145,36
1146,22
1147,30
1148,46
1149,67
1150,15
1151,22
1152,12
1153,58
1154,49
1155,7
1156,39
1157,29
1158,77
1159,79
1160,34
1161,24
1162,64
1163,84
1164,41
1165,7
1166,42
1167,1
1168,83
1169,53
1170,4
1171,46
1172,83
1173,66
1174,20
1175,39
1176,76
1177,63
1178,87
1179,5
1180,67
1181,41
1182,90
1183,87
1184,77
1185,70
1186,50
1187,8
1188,66
1189,77
1190,67
1191,16
1192,27
1193,48
1194,81
1195,71
1196,48
1197,17
1198,20
1199,17
1200,21
1201,43
1202,31
1203,79
1204,6
1205,63
1206,38
1207,89
1208,4
1209,74
1210,52
1211,81
1212,79
1213,44
1214,58
1215,58
1216,92
1217,23
1218,38
1219,26
1220,5
1221,39
1222,66
1223,38
1224,31
1225,39
1226,62
1227,36
1228,66
1229,5
1230,31
1231,48
1232,89
1233,89
1234,55
1235,12
1236,3
1237,70
1238,7
1239,81
1240,7
1241,7
1242,34
1243,65
1244,73
1245,5
1246,91
1247,5
1248,36
1249,79
1250,20
1251,91
1252,13
1253,31
1254,45
1255,60
1256,41
1257,39
1258,1
1259,34
1260,70
1261,41
1262,10
1263,73
1264,69
1265,20
1266,70
1267,36
1268,56
1269,91
1270,24
1271,77
1272,36
1273,3
1274,21
1275,39
1276,62
1277,89
1278,20
1279,26
1280,70
1281,5
1282,7
1283,30
1284,36
1285,39
1286,7
1287,49
1288,78
1289,13
1290,87
1291,86
1292,36
1293,54
1294,45
1295,71
1296,5
1297,30
1298,5
1299,32
1300,43
1301,83
1302,66
1303,72
1304,26
1305,68
1306,79
1307,48
1308,88
1309,30
1310,85
1311,23
1312,38
1313,42
1314,49
1315,13
1316,25
1317,52
1318,45
1319,6
1320,24
1321,60
1322,90
1323,40
1324,48
1325,7
1326,2
1327,71
1328,34
1329,67
1330,43
1331,81
1332,67
1333,67
1334,62
1335,21
1336,3
1337,70
1338,70
1339,49
1340,28
1341,5
1342,25
1343,62
1344,91
1345,55
1346,66
1347,64
1348,81
1349,29
1350,62
1351,84
1352,20
1353,3
1354,27
1355,75
1356,73
1357,58
1358,5
1359,87
1360,30
1361,13
1362,13
1363,70
1364,45
1365,18
1366,73
1367,62
1368,12
1369,55
1370,28
1371,54
1372,75
1373,75
1374,79
1375,89
1376,20
1377,89
1378,62
1379,58
1380,2
1381,8
1382,83
1383,71
1384,73
1385,66
1386,32
1387,65
1388,79
1389,7
1390,81
1391,39
1392,1
1393,23
1394,58
1395,5
1396,45
1397,21
1398,48
1399,46
1400,67
1401,86
1402,68
1403,33
1404,38
1405,1
1406,12
1407,79
1408,44
1409,40
1410,12
1411,42
1412,12
1413,2
1414,62
1415,56
1416,56
1417,90
1418,2
1419,38
1420,1
1421,30
1422,66
1423,70
1424,86
1425,25
1426,5
1427,58
1428,63
1429,58
1430,66
1431,1
1432,39
1433,70
1434,50
1435,46
1436,89
1437,75
1438,79
1439,38
1440,62
1441,38
1442,5
1443,30
1444,68
1445,66
1446,40
1447,66
1448,84
1449,63
1450,11
1451,78
1452,66
1453,54
1454,10
1455,64
1456,62
1457,81
1458,71
1459,58
1460,46
1461,84
1462,67
1463,89
1464,28
1465,58
1466,73
1467,45
1468,14
1469,75
1470,15
1471,1
1472,33
1473,30
1474,89
1475,7
1476,81
1477,20
1478,90
1479,68
1480,35
1481,30
1482,12
1483,54
1484,74
1485,5
1486,49
1487,84
1488,91
1489,67
1490,1
1491,34
1492,6
1493,64
1494,15
1495,8
1496,84
1497,85
1498,1
1499,5
1500,10
1501,55
1502,20
1503,45
1504,30
1505,60
1506,18
1507,58
1508,79
1509,45
1510,3
1511,7
1512,6
1513,77
1514,48
1515,40
1516,79
1517,87
1518,33
1519,68
1520,12
1521,5
1522,5
1523,45
1524,89
1525,51
1526,41
1527,39
1528,30
1529,90
1530,49
1531,54
1532,48
1533,33
1534,79
1535,49
1536,89
1537,18
1538,90
1539,68
1540,38
1541,10
1542,73
1543,40
1544,17
1545,89
1546,54
1547,78
1548,30
1549,60
1550,31
1551,27
1552,86
1553,63
1554,38
1555,38
1556,57
1557,69
1558,61
1559,48
1560,69
1561,66
1562,74
1563,72
1564,3
1565,67
1566,63
1567,29
1568,64
1569,60
1570,5
1571,15
1572,10
1573,81
1574,53
1575,75
1576,67
1577,58
1578,59
1579,7
1580,58
1581,61
1582,66
1583,80
1584,69
1585,13
1586,89
1587,67
1588,55
1589,48
1590,75
1591,14
1592,38
1593,79
1594,1
1595,73
1596,73
1597,89
1598,36
1599,56
1600,41
1601,79
1602,40
1603,6
1604,86
1605,10
1606,21
1607,84
1608,92
1609,54
1610,67
1611,74
1612,48
1613,20
1614,31
1615,58
1616,58
1617,89
1618,19
1619,12
1620,85
1621,63
1622,70
1623,27
1624,79
1625,46
1626,90
1627,1
1628,57
1629,38
1630,30
1631,81
1632,90
1633,90
1634,86
1635,79
1636,82
1637,30
1638,58
1639,77
1640,46
1641,89
1642,37
1643,14
1644,13
1645,20
1646,86
1647,51
1648,38
1649,47
1650,10
1651,45
1652,5
1653,91
1654,53
1655,7
1656,62
1657,91
1658,57
1659,10
1660,89
1661,2
1662,4
1663,89
1664,12
1665,33
1666,66
1667,33
1668,71
1669,7
1670,54
1671,46
1672,12
1673,8
1674,8
1675,46
1676,49
1677,47
1678,18
1679,41
1680,73
1681,39
1682,51
1683,20
1684,38
1685,16
1686,25
1687,77
1688,76
1689,87
1690,52
1691,79
1692,73
1693,20
1694,31
1695,34
1696,45
1697,1
1698,89
1699,14
1700,51
1701,30
1702,33
1703,71
1704,38
1705,84
1706,1
1707,10
1708,18
1709,20
1710,89
1711,58
1712,63
1713,59
1714,68
1715,50
1716,90
1717,10
1718,3
1719,68
1720,67
1721,13
1722,89
1723,90
1724,67
1725,45
1726,55
1727,70
1728,86
1729,81
1730,7
1731,1
1732,8
1733,13
1734,79
1735,76
1736,60
1737,3
1738,29
1739,55
1740,28
1741,48
1742,3
1743,33
1744,65
1745,11
1746,34
1747,59
1748,40
1749,41
1750,82
1751,15
1752,79
1753,10
1754,15
1755,10
1756,33
1757,78
1758,30
1759,88
1760,10
1761,10
1762,48
1763,44
1764,48
1765,38
1766,71
1767,55
1768,32
1769,26
1770,77
1771,20
1772,39
1773,15
1774,67
1775,10
1776,58
1777,68
1778,38
1779,81
1780,66
1781,27
1782,85
1783,54
1784,33
1785,23
1786,87
1787,10
1788,30
1789,64
1790,39
1791,73
1792,46
1793,39
1794,33
1795,87
1796,27
1797,36
1798,38
1799,37
1800,75
1801,39
1802,10
1803,34
1804,32
1805,1
1806,19
1807,16
1808,66
1809,7
1810,26
1811,75
1812,30
1813,40
1814,8
1815,58
1816,60
1817,3
1818,86
1819,1
1820,1
1821,58
1822,92
1823,81
1824,58
1825,32
1826,18
1827,25
1828,70
1829,90
1830,20
1831,33
1832,10
1833,38
1834,58
1835,40
1836,4
1837,48
1838,80
1839,78
1840,83
1841,3
1842,20
1843,34
1844,76
1845,74
1846,11
1847,77
1848,89
1849,90
1850,46
1851,30
1852,7
1853,7
1854,3
1855,34
1856,19
1857,70
1858,34
1859,45
1860,88
1861,38
1862,50
1863,85
1864,84
1865,59
1866,10
1867,63
1868,5
1869,5
1870,73
1871,3
1872,81
1873,84
1874,30
1875,49
1876,75
1877,68
1878,26
1879,20
1880,1
1881,42
1882,67
1883,19
1884,33
1885,62
1886,61
1887,22
1888,64
1889,81
1890,83
1891,58
1892,25
1893,12
1894,85
1895,76
1896,31
1897,1
1898,76
1899,17
1900,9
1901,10
1902,7
1903,14
1904,81
1905,50
1906,66
1907,21
1908,57
1909,76
1910,75
1911,71
1912,39
1913,12
1914,80
1915,55
1916,13
1917,13
1918,52
1919,85
1920,39
1921,58
1922,81
1923,43
1924,62
1925,63
1926,34
1927,48
1928,50
1929,7
1930,12
1931,65
1932,88
1933,45
1934,41
1935,31
1936,66
1937,13
1938,22
1939,79
1940,36
1941,61
1942,89
1943,67
1944,11
1945,33
1946,41
1947,40
1948,58
1949,41
1950,46
1951,71
1952,79
1953,5
1954,90
1955,4
1956,89
1957,63
1958,7
1959,73
1960,89
1961,34
1962,16
1963,34
1964,38
1965,77
1966,7
1967,33
1968,13
1969,2
1970,38
1971,92
1972,41
1973,27
1974,29
1975,79
1976,38
1977,51
1978,55
1979,6
1980,67
1981,18
1982,23
1983,30
1984,62
1985,63
1986,27
1987,54
1988,37
1989,34
1990,89
1991,58
1992,61
1993,56
1994,76
1995,46
1996,86
1997,25
1998,69
1999,58
2000,73
2001,5
2002,40
2003,73
2004,49
2005,47
2006,3
2007,50
2008,5
2009,81
2010,42
2011,48
2012,55
2013,68
2014,44
2015,31
2016,15
2017,33
2018,58
2019,70
2020,71
2021,87
2022,62
2023,60
2024,41
2025,66
2026,5
2027,66
2028,92
2029,92
2030,81
2031,63
2032,73
2033,85
2034,81
2035,67
2036,5
2037,3
2038,75
2039,58
2040,10
2041,47
2042,38
2043,32
2044,90
2045,18
2046,12
2047,73
2048,19
2049,89
2050,41
2051,30
2052,88
2053,50
2054,49
2055,31
2056,20
2057,89
2058,40
2059,83
2060,57
2061,24
2062,27
2063,67
2064,58
2065,54
2066,1
2067,36
2068,92
2069,34
2070,65
2071,7
2072,71
2073,38
2074,62
2075,34
2076,14
2077,13
2078,89
2079,62
2080,62
2081,42
2082,60
2083,87
2084,52
2085,22
2086,40
2087,82
2088,21
2089,71
2090,8
2091,85
2092,55
2093,39
2094,4
2095,79
2096,5
2097,38
2098,33
2099,66
2100,75
2101,66
2102,77
2103,30
2104,89
2105,48
2106,81
2107,10
2108,68
2109,40
2110,4
2111,59
2112,3
2113,66
2114,68
2115,45
2116,88
2117,39
2118,33
2119,51
2120,6
2121,55
2122,5
2123,21
2124,8
2125,75
2126,1
2127,3
2128,79
2129,5
2130,77
2131,58
2132,6
2133,83
2134,5
2135,17
2136,24
2137,10
2138,46
2139,39
2140,10
2141,2
2142,71
2143,73
2144,53
2145,89
2146,70
2147,75
2148,41
2149,8
2150,34
2151,72
2152,38
2153,24
2154,46
2155,62
2156,15
2157,62
2158,10
2159,35
2160,83
2161,4
2162,65
2163,79
2164,81
2165,50
2166,92
2167,91
2168,67
2169,45
2170,86
2171,70
2172,49
2173,78
2174,48
2175,26
2176,86
2177,75
2178,71
2179,50
2180,3
2181,62
2182,45
2183,47
2184,5
2185,12
2186,7
2187,7
2188,71
2189,5
2190,54
2191,87
2192,5
2193,3
2194,51
2195,34
2196,6
2197,75
2198,26
2199,58
2200,49
2201,30
2202,42
2203,13
2204,70
2205,68
2206,3
2207,64
2208,38
2209,73
2210,66
2211,20
2212,78
2213,21
2214,57
2215,71
2216,8
2217,48
2218,70
2219,46
2220,57
2221,88
2222,66
2223,30
2224,30
2225,50
2226,10
2227,40
2228,66
2229,39
2230,78
2231,77
2232,36
2233,63
2234,91
2235,40
2236,33
2237,65
2238,89
2239,58
2240,67
2241,55
2242,91
2243,73
2244,16
2245,45
2246,6
2247,33
2248,53
2249,41
2250,12
2251,84
2252,62
2253,62
2254,36
2255,30
2256,7
2257,45
2258,55
2259,7
2260,49
2261,33
2262,5
2263,70
2264,54
2265,92
2266,30
2267,20
2268,79
2269,25
2270,34
2271,79
2272,24
2273,5
2274,45
2275,81
2276,5
2277,57
2278,74
2279,46
2280,64
2281,62
2282,26
2283,63
2284,87
2285,14
2286,48
2287,74
2288,61
2289,89
2290,23
2291,1
2292,4
2293,58
2294,77
2295,16
2296,66
2297,63
2298,13
2299,9
2300,20
2301,43
2302,78
2303,36
2304,1
2305,76
2306,85
2307,70
2308,45
2309,73
2310,68
2311,1
2312,45
2313,89
2314,62
2315,86
2316,39
2317,38
2318,50
2319,68
2320,85
2321,73
2322,90
2323,23
2324,33
2325,1
2326,67
2327,58
2328,13
2329,36
2330,14
2331,72
2332,81
2333,64
2334,26
2335,25
2336,24
2337,45
2338,43
2339,1
2340,48
2341,71
2342,90
2343,78
2344,90
2345,21
2346,79
2347,45
2348,8
2349,49
2350,20
2351,49
2352,23
2353,65
2354,47
2355,12
2356,92
2357,5
2358,66
2359,45
2360,49
2361,32
2362,79
2363,34
2364,66
2365,30
2366,37
2367,25
2368,39
2369,10
2370,10
2371,71
2372,20
2373,84
2374,67
2375,3
2376,65
2377,38
2378,67
2379,67
2380,55
2381,38
2382,30
2383,46
2384,32
2385,55
2386,66
2387,3
2388,13
2389,76
2390,76
2391,34
2392,63
2393,50
2394,1
2395,33
2396,70
2397,81
2398,90
2399,68
2400,9
2401,39
2402,31
2403,30
2404,73
2405,3
2406,78
2407,13
2408,73
2409,36
2410,46
2411,34
2412,32
2413,31
2414,84
2415,15
2416,46
2417,83
2418,18
2419,66
2420,81
2421,15
2422,84
2423,15
2424,7
2425,1
2426,12
2427,66
2428,35
2429,68
2430,41
2431,46
2432,88
2433,87
2434,36
2435,46
2436,10
2437,61
2438,86
2439,24
2440,74
2441,21
2442,71
2443,66
2444,76
2445,58
2446,50
2447,13
2448,5
2449,7
2450,79
2451,91
2452,90
2453,81
2454,66
2455,20
2456,41
2457,57
2458,51
2459,86
2460,62
2461,20
2462,6
2463,43
2464,15
2465,83
2466,81
2467,10
2468,5
2469,78
2470,70
2471,13
2472,20
2473,78
2474,1
2475,58
2476,84
2477,7
2478,58
2479,89
2480,45
2481,18
2482,39
2483,71
2484,49
2485,34
2486,32
2487,31
2488,33
2489,77
2490,13
2491,3
2492,75
2493,46
2494,1
2495,18
2496,39
2497,41
2498,40
2499,50
2500,90
2501,32
2502,7
2503,12
2504,15
2505,63
2506,81
2507,38
2508,87
2509,70
2510,58
2511,47
2512,38
2513,36
2514,83
2515,36
2516,90
2517,7
2518,75
2519,1
2520,4
2521,8
2522,30
2523,48
2524,39
2525,73
2526,52
2527,81
2528,9
2529,10
2530,12
2531,36
2532,91
2533,1
2534,12
2535,33
2536,27
2537,86
2538,75
2539,36
2540,66
2541,68
2542,23
2543,47
2544,46
2545,1
2546,87
2547,24
2548,92
2549,71
2550,7
2551,73
2552,33
2553,83
2554,78
2555,17
2556,85
2557,67
2558,88
2559,8
2560,58
2561,49
2562,17
2563,48
2564,86
2565,62
2566,17
2567,13
2568,48
2569,31
2570,89
2571,15
2572,31
2573,67
2574,81
2575,24
2576,34
2577,39
2578,75
2579,31
2580,89
2581,25
2582,15
2583,45
2584,7
2585,70
2586,87
2587,49
2588,70
2589,34
2590,21
2591,74
2592,92
2593,45
2594,73
2595,58
2596,67
2597,70
2598,34
2599,84
2600,1
2601,46
2602,10
2603,31
2604,92
2605,26
2606,75
2607,71
2608,55
2609,21
2610,90
2611,26
2612,6
2613,54
2614,47
2615,66
2616,7
2617,81
2618,58
2619,74
2620,45
2621,70
2622,6
2623,79
2624,90
2625,48
2626,45
2627,10
2628,7
2629,15
2630,51
2631,46
2632,27
2633,13
2634,30
2635,8
2636,70
2637,10
2638,27
2639,73
2640,79
2641,10
2642,84
2643,10
2644,39
2645,84
2646,17
2647,45
2648,46
2649,66
2650,73
2651,45
2652,89
2653,13
2654,75
2655,76
2656,45
2657,38
2658,10
2659,34
2660,89
2661,45
2662,86
2663,78
2664,37
2665,48
2666,79
2667,49
2668,1
2669,90
2670,50
2671,13
2672,55
2673,55
2674,76
2675,90
2676,74
2677,75
2678,32
2679,45
2680,73
2681,70
2682,89
2683,30
2684,30
2685,27
2686,26
2687,16
2688,54
2689,31
2690,21
2691,17
2692,73
2693,7
2694,13
2695,79
2696,48
2697,58
2698,7
2699,49
2700,10
2701,71
2702,51
2703,40
2704,3
2705,73
2706,70
2707,12
2708,62
2709,4
2710,10
2711,92
2712,10
2713,7
2714,18
2715,40
2716,31
2717,79
2718,32
2719,33
2720,38
2721,75
2722,91
2723,18
2724,88
2725,10
2726,34
2727,12
2728,12
2729,87
2730,13
2731,77
2732,70
2733,34
2734,13
2735,75
2736,58
2737,91
2738,45
2739,83
2740,70
2741,81
2742,5
2743,54
2744,25
2745,13
2746,79
2747,63
2748,91
2749,33
2750,46
2751,54
2752,18
2753,87
2754,7
2755,34
2756,78
2757,41
2758,63
2759,34
2760,66
2761,77
2762,8
2763,5
2764,90
2765,13
2766,41
2767,12
2768,66
2769,38
2770,64
2771,89
2772,92
2773,10
2774,48
2775,8
2776,17
2777,87
2778,81
2779,88
2780,86
2781,62
2782,68
2783,1
2784,79
2785,31
2786,54
2787,49
2788,40
2789,46
2790,3
2791,70
2792,25
2793,84
2794,3
2795,89
2796,7
2797,66
2798,8
2799,68
2800,5
2801,5
2802,55
2803,10
2804,62
2805,7
2806,84
2807,40
2808,38
2809,74
2810,62
2811,58
2812,37
2813,48
2814,30
2815,76
2816,81
2817,45
2818,33
2819,45
2820,74
2821,7
2822,70
2823,87
2824,51
2825,12
2826,84
2827,33
2828,41
2829,70
2830,86
2831,20
2832,89
2833,48
2834,92
2835,70
2836,15
2837,79
2838,13
2839,33
2840,79
2841,3
2842,75
2843,15
2844,15
2845,89
2846,12
2847,48
2848,79
2849,37
2850,5
2851,71
2852,3
2853,8
2854,79
2855,45
2856,45
2857,15
2858,58
2859,81
2860,62
2861,76
2862,17
2863,34
2864,15
2865,7
2866,7
2867,58
2868,71
2869,73
2870,81
2871,58
2872,54
2873,58
2874,34
2875,48
2876,68
2877,34
2878,41
2879,79
2880,33
2881,20
2882,73
2883,64
2884,91
2885,38
2886,92
2887,12
2888,1
2889,50
2890,5
2891,48
2892,64
2893,18
2894,38
2895,67
2896,33
2897,89
2898,34
2899,55
2900,64
2901,5
2902,89
2903,81
2904,91
2905,81
2906,68
2907,91
2908,77
2909,84
2910,77
2911,81
2912,55
2913,74
2914,6
2915,91
2916,1
2917,20
2918,46
2919,63
2920,20
2921,87
2922,41
2923,84
2924,5
2925,88
2926,34
2927,30
2928,78
2929,30
2930,83
2931,90
2932,81
2933,26
2934,83
2935,1
2936,26
2937,40
2938,7
2939,64
2940,1
2941,34
2942,3
2943,70
2944,75
2945,91
2946,5
2947,34
2948,68
2949,45
2950,55
2951,77
2952,15
2953,64
2954,32
2955,4
2956,41
2957,25
2958,48
2959,36
2960,79
2961,75
2962,13
2963,75
2964,39
2965,81
2966,89
2967,1
2968,51
2969,33
2970,70
2971,88
2972,76
2973,91
2974,75
2975,32
2976,55
2977,88
2978,58
2979,64
2980,57
2981,46
2982,81
2983,20
2984,12
2985,64
2986,84
2987,33
2988,48
2989,58
2990,41
2991,7
2992,40
2993,84
2994,38
2995,5
2996,30
2997,46
2998,75
2999,16
3000,31
3001,38
3002,13
3003,21
3004,76
3005,10
3006,90
3007,48
3008,58
3009,84
3010,91
3011,20
3012,33
3013,7
3014,46
3015,85
3016,38
3017,75
3018,62
3019,15
3020,71
3021,70
3022,58
3023,57
3024,46
3025,1
3026,66
3027,78
3028,45
3029,38
3030,85
3031,39
3032,91
3033,13
3034,49
3035,10
3036,50
3037,87
3038,34
3039,90
3040,36
3041,8
3042,88
3043,50
3044,36
3045,23
3046,26
3047,75
3048,50
3049,64
3050,30
3051,1
3052,3
3053,63
3054,84
3055,57
3056,62
3057,41
3058,4
3059,88
3060,73
3061,45
3062,81
3063,48
3064,54
3065,49
3066,81
3067,31
3068,66
3069,89
3070,58
3071,91
3072,46
3073,49
3074,88
3075,7
3076,54
3077,41
3078,33
3079,39
3080,84
3081,49
3082,27
3083,50
3084,33
3085,48
3086,66
3087,75
3088,12
3089,64
3090,40
3091,30
3092,62
3093,66
3094,36
3095,54
3096,79
3097,75
3098,1
3099,38
3100,67
3101,77
3102,73
3103,68
3104,40
3105,71
3106,57
3107,39
3108,58
3109,79
3110,5
3111,57
3112,41
3113,5
3114,5
3115,46
3116,68
3117,30
3118,74
3119,63
3120,1
3121,58
3122,50
3123,66
3124,45
3125,39
3126,78
3127,73
3128,36
3129,79
3130,91
3131,51
3132,55
3133,25
3134,46
3135,73
3136,47
3137,39
3138,64
3139,46
3140,66
3141,58
3142,66
3143,91
3144,70
3145,58
3146,15
3147,89
3148,39
3149,39
3150,10
3151,88
3152,38
3153,62
3154,73
3155,3
3156,12
3157,63
3158,10
3159,81
3160,67
3161,8
3162,5
3163,30
3164,76
3165,78
3166,87
3167,62
3168,48
3169,47
3170,1
3171,84
3172,73
3173,67
3174,47
3175,32
3176,78
3177,36
3178,91
3179,41
3180,34
3181,66
3182,62
3183,12
3184,77
3185,46
3186,18
3187,33
3188,20
3189,86
3190,26
3191,13
3192,58
3193,68
3194,47
3195,68
3196,81
3197,70
3198,57
3199,81
3200,88
3201,45
3202,33
3203,79
3204,30
3205,89
3206,1
3207,7
3208,1
3209,66
3210,81
3211,25
3212,68
3213,75
3214,79
3215,38
3216,12
3217,20
3218,41
3219,50
3220,46
3221,89
3222,79
3223,63
3224,21
3225,7
3226,34
3227,87
3228,41
3229,81
3230,39
3231,73
3232,79
3233,57
3234,34
3235,88
3236,50
3237,20
3238,17
3239,38
3240,71
3241,58
3242,78
3243,76
3244,79
3245,10
3246,78
3247,39
3248,39
3249,63
3250,10
3251,90
3252,39
3253,73
3254,55
3255,3
3256,1
3257,64
3258,49
3259,10
3260,41
3261,40
3262,87
3263,71
3264,89
3265,71
3266,85
3267,79
3268,90
3269,8
3270,34
3271,73
3272,13
3273,75
3274,88
3275,71
3276,39
3277,79
3278,10
3279,63
3280,57
3281,83
3282,38
3283,15
3284,85
3285,33
3286,76
3287,70
3288,75
3289,89
3290,12
3291,70
3292,79
3293,10
3294,70
3295,64
3296,3
3297,31
3298,12
3299,7
3300,51
3301,10
3302,75
3303,68
3304,83
3305,1
3306,48
3307,30
3308,3
3309,45
3310,13
3311,46
3312,48
3313,6
3314,68
3315,50
3316,25
3317,13
3318,46
3319,48
3320,38
3321,77
3322,33
3323,91
3324,1
3325,92
3326,46
3327,58
3328,71
3329,21
3330,58
3331,73
3332,30
3333,8
3334,39
3335,25
3336,31
3337,54
3338,5
3339,34
3340,87
3341,81
3342,10
3343,71
3344,71
3345,34
3346,7
3347,58
3348,91
3349,47
3350,68
3351,39
3352,67
3353,48
3354,31
3355,3
3356,71
3357,20
3358,63
3359,47
3360,91
3361,62
3362,4
3363,91
3364,84
3365,45
3366,85
3367,41
3368,34
3369,49
3370,67
3371,71
3372,20
3373,64
3374,79
3375,91
3376,89
3377,63
3378,63
3379,87
3380,67
3381,70
3382,10
3383,86
3384,50
3385,45
3386,12
3387,15
3388,33
3389,54
3390,83
3391,58
3392,20
3393,34
3394,90
3395,46
3396,73
3397,38
3398,6
3399,39
3400,86
3401,5
3402,34
3403,68
3404,5
3405,45
3406,38
3407,79
3408,64
3409,67
3410,70
3411,66
3412,48
3413,31
3414,46
3415,33
3416,13
3417,92
3418,84
3419,10
3420,70
3421,89
3422,89
3423,71
3424,5
3425,39
3426,12
3427,7
3428,77
3429,10
3430,68
3431,38
3432,31
3433,70
3434,15
3435,73
3436,88
3437,3
3438,70
3439,66
3440,66
3441,91
3442,75
3443,26
3444,76
3445,73
3446,79
3447,79
3448,34
3449,50
3450,1
3451,20
3452,68
3453,58
3454,41
3455,58
3456,48
3457,12
3458,46
3459,46
3460,62
3461,66
3462,70
3463,12
3464,84
3465,49
3466,34
3467,39
3468,64
3469,34
3470,46
3471,39
3472,85
3473,12
3474,79
3475,64
3476,48
3477,64
3478,76
3479,89
3480,89
3481,5
3482,77
3483,75
3484,89
3485,31
3486,17
3487,92
3488,15
3489,55
3490,34
3491,84
3492,91
3493,81
3494,81
3495,73
3496,1
3497,34
3498,57
3499,90
3500,1
3501,7
3502,6
3503,73
3504,1
3505,91
3506,10
3507,68
3508,89
3509,86
3510,10
3511,70
3512,77
3513,39
3514,79
3515,55
3516,31
3517,76
3518,20
3519,90
3520,58
3521,30
3522,71
3523,55
3524,62
3525,3
3526,34
3527,45
3528,66
3529,38
3530,75
3531,38
3532,6
3533,45
3534,13
3535,91
3536,70
3537,62
3538,89
3539,45
3540,48
3541,86
3542,20
3543,55
3544,91
3545,77
3546,20
3547,36
3548,71
3549,58
3550,34
3551,15
3552,51
3553,33
3554,75
3555,88
3556,38
3557,40
3558,83
3559,6
3560,50
3561,79
3562,6
3563,70
3564,68
3565,79
3566,41
3567,73
3568,25
3569,91
3570,15
3571,3
3572,51
3573,87
3574,55
3575,49
3576,48
3577,68
3578,66
3579,36
3580,70
3581,26
3582,5
3583,90
3584,55
3585,67
3586,79
3587,26
3588,15
3589,64
3590,87
3591,15
3592,67
3593,49
3594,3
3595,20
3596,89
3597,38
3598,20
3599,70
3600,12
3601,66
3602,30
3603,40
3604,87
3605,45
3606,55
3607,20
3608,51
3609,36
3610,86
3611,62
3612,73
3613,81
3614,73
3615,50
3616,46
3617,25
3618,40
3619,38
3620,85
3621,12
3622,78
3623,83
3624,66
3625,39
3626,62
3627,89
3628,66
3629,3
3630,50
3631,33
3632,84
3633,75
3634,34
3635,58
3636,8
3637,90
3638,81
3639,3
3640,67
3641,10
3642,25
3643,31
3644,76
3645,85
3646,1
3647,67
3648,12
3649,39
3650,34
3651,49
3652,73
3653,38
3654,73
3655,30
3656,12
3657,45
3658,63
3659,54
3660,5
3661,90
3662,38
3663,79
3664,20
3665,5
3666,63
3667,5
3668,34
3669,46
3670,92
3671,81
3672,10
3673,66
3674,54
3675,45
3676,66
3677,12
3678,76
3679,91
3680,40
3681,62
3682,81
3683,5
3684,54
3685,68
3686,10
3687,33
3688,36
3689,73
3690,84
3691,46
3692,5
3693,84
3694,10
3695,54
3696,12
3697,75
3698,5
3699,63
3700,48
3701,30
3702,78
3703,3
3704,91
3705,30
3706,10
3707,41
3708,1
3709,71
3710,70
3711,66
3712,54
3713,88
3714,67
3715,48
3716,48
3717,3
3718,46
3719,73
3720,55
3721,15
3722,68
3723,34
3724,46
3725,38
3726,49
3727,58
3728,1
3729,79
3730,73
3731,3
3732,41
3733,46
3734,3
3735,67
3736,54
3737,34
3738,79
3739,89
3740,84
3741,3
3742,41
3743,30
3744,34
3745,91
3746,71
3747,89
3748,62
3749,66
3750,49
3751,39
3752,73
3753,8
3754,39
3755,90
3756,88
3757,34
3758,50
3759,41
3760,91
3761,66
3762,58
3763,41
3764,70
3765,49
3766,55
3767,7
3768,92
3769,5
3770,73
3771,89
3772,1
3773,12
3774,33
3775,88
3776,75
3777,38
3778,46
3779,68
3780,71
3781,75
3782,67
3783,30
3784,13
3785,25
3786,45
3787,46
3788,78
3789,39
3790,77
3791,25
3792,30
3793,87
3794,25
3795,87
3796,63
3797,20
3798,71
3799,39
3800,71
3801,38
3802,90
3803,7
3804,20
3805,33
3806,39
3807,67
3808,31
3809,67
3810,48
3811,83
3812,84
3813,73
3814,3
3815,91
3816,1
3817,68
3818,92
3819,49
3820,46
3821,10
3822,38
3823,91
3824,83
3825,62
3826,81
3827,75
3828,89
3829,33
3830,58
3831,84
3832,68
3833,54
3834,40
3835,7
3836,58
3837,55
3838,90
3839,91
3840,66
3841,84
3842,15
3843,12
3844,81
3845,39
3846,91
3847,73
3848,71
3849,1
3850,66
3851,30
3852,79
3853,62
3854,31
3855,83
3856,73
3857,3
3858,55
3859,41
3860,50
3861,78
3862,73
3863,12
3864,7
3865,64
3866,64
3867,30
3868,3
3869,89
3870,48
3871,84
3872,68
3873,31
3874,62
3875,33
3876,13
3877,81
3878,73
3879,10
3880,39
3881,10
3882,89
3883,91
3884,89
3885,34
3886,10
3887,79
3888,58
3889,68
3890,38
3891,20
3892,10
3893,46
3894,30
3895,12
3896,73
3897,3
3898,91
3899,70
3900,3
3901,58
3902,49
3903,81
3904,48
3905,70
3906,89
3907,34
3908,41
3909,1
3910,75
3911,77
3912,84
3913,90
3914,66
3915,38
3916,70
3917,39
3918,68
3919,30
3920,7
3921,66
3922,1
3923,45
3924,62
3925,78
3926,54
3927,33
3928,13
3929,20
3930,83
3931,36
3932,5
3933,90
3934,46
3935,45
3936,92
3937,75
3938,90
3939,38
3940,30
3941,71
3942,91
3943,1
3944,38
3945,68
3946,86
3947,81
3948,45
3949,38
3950,5
3951,12
3952,92
3953,12
3954,84
3955,12
3956,63
3957,91
3958,63
3959,55
3960,31
3961,68
3962,50
3963,66
3964,58
3965,63
3966,34
3967,5
3968,91
3969,90
3970,1
3971,3
3972,58
3973,68
3974,10
3975,48
3976,75
3977,30
3978,3
3979,40
3980,55
3981,81
3982,36
3983,34
3984,68
3985,91
3986,13
3987,79
3988,15
3989,45
3990,45
3991,70
3992,73
3993,66
3994,38
3995,90
3996,66
3997,63
3998,30
3999,91
4000,81
