1,29
2,3
3,84
4,60
5,54
6,43
7,62
8,35
9,20
10,104
11,93
12,76
13,19
14,11
15,96
16,25
17,104
18,95
19,49
20,3
21,104
22,2
23,30
24,99
25,95
26,17
27,78
28,50
29,50
30,11
31,78
32,86
33,26
34,80
35,27
36,54
37,46
38,86
39,56
40,61
41,100
42,5
43,69
44,28
45,77
46,55
47,54
48,16
49,54
50,97
51,47
52,4
53,63
54,33
55,43
56,15
57,59
58,68
59,18
60,101
61,97
62,22
63,7
64,17
65,76
66,67
67,12
68,15
69,101
70,64
71,58
72,5
73,46
74,63
75,56
76,98
77,27
78,3
79,102
80,64
81,96
82,42
83,2
84,65
85,24
86,97
87,48
88,29
89,21
90,10
91,35
92,10
93,6
94,13
95,65
96,104
97,23
98,40
99,65
100,43
101,8
102,9
103,42
104,36
105,86
106,13
107,17
108,58
109,73
110,63
111,44
112,84
113,9
114,30
115,105
116,47
117,32
118,88
119,60
120,65
121,42
122,88
123,2
124,79
125,29
126,13
127,30
128,18
129,15
130,80
131,5
132,16
133,58
134,77
135,50
136,31
137,55
138,94
139,49
140,29
141,63
142,72
143,9
144,84
145,87
146,9
147,3
148,51
149,47
150,94
151,74
152,37
153,32
154,81
155,61
156,97
157,82
158,95
159,82
160,27
161,65
162,26
163,58
164,48
165,103
166,22
167,14
168,97
169,61
170,44
171,105
172,69
173,16
174,29
175,39
176,75
177,20
178,49
179,4
180,100
181,66
182,88
183,8
184,91
185,27
186,26
187,15
188,24
189,3
190,41
191,54
192,37
193,73
194,22
195,47
196,47
197,42
198,60
199,7
200,53
201,28
202,102
203,15
204,42
205,58
206,48
207,10
208,16
209,60
210,103
211,69
212,93
213,48
214,74
215,44
216,40
217,98
218,51
219,86
220,1
221,6
222,69
223,23
224,28
225,4
226,52
227,7
228,104
229,47
230,91
231,45
232,9
233,92
234,51
235,4
236,102
237,72
238,19
239,44
240,25
241,9
242,78
243,70
244,18
245,98
246,47
247,48
248,16
249,35
250,65
251,8
252,5
253,54
254,7
255,93
256,17
257,35
258,105
259,71
260,59
261,31
262,77
263,58
264,11
265,51
266,49
267,64
268,2
269,84
270,77
271,17
272,1
273,104
274,20
275,58
276,9
277,52
278,21
279,22
280,101
281,37
282,75
283,50
284,93
285,42
286,34
287,3
288,25
289,1
290,98
291,82
292,97
293,105
294,86
295,35
296,95
297,38
298,62
299,47
300,90
301,40
302,30
303,56
304,74
305,22
306,39
307,10
308,88
309,103
310,105
311,96
312,91
313,49
314,43
315,13
316,22
317,64
318,7
319,64
320,102
321,91
322,32
323,93
324,83
325,53
326,33
327,57
328,10
329,80
330,49
331,14
332,76
333,3
334,98
335,23
336,18
337,71
338,79
339,74
340,9
341,38
342,69
343,100
344,6
345,27
346,34
347,27
348,15
349,66
350,103
351,37
352,47
353,99
354,100
355,14
356,5
357,99
358,71
359,86
360,17
361,50
362,45
363,81
364,95
365,20
366,64
367,63
368,70
369,23
370,45
371,52
372,51
373,104
374,58
375,97
376,29
377,39
378,41
379,93
380,35
381,84
382,54
383,53
384,34
385,92
386,65
387,91
388,100
389,79
390,88
391,51
392,90
393,71
394,36
395,54
396,3
397,81
398,5
399,43
400,80
401,27
402,16
403,47
404,4
405,80
406,2
407,22
408,8
409,73
410,17
411,71
412,9
413,88
414,14
415,14
416,31
417,24
418,11
419,17
420,46
421,104
422,6
423,86
424,94
425,51
426,21
427,52
428,79
429,55
430,11
431,31
432,49
433,24
434,58
435,65
436,1
437,47
438,14
439,66
440,8
441,8
442,93
443,55
444,52
445,69
446,32
447,92
448,7
449,76
450,26
451,71
452,38
453,47
454,105
455,64
456,77
457,103
458,20
459,105
460,13
461,31
462,105
463,31
464,1
465,87
466,95
467,90
468,93
469,87
470,7
471,22
472,14
473,104
474,38
475,66
476,53
477,68
478,38
479,27
480,22
481,16
482,58
483,39
484,56
485,74
486,13
487,31
488,88
489,85
490,76
491,13
492,3
493,41
494,2
495,84
496,25
497,88
498,93
499,64
500,95
501,79
502,101
503,88
504,47
505,103
506,7
507,59
508,15
509,34
510,104
511,66
512,104
513,7
514,93
515,42
516,36
517,105
518,104
519,94
520,47
521,27
522,78
523,61
524,98
525,67
526,60
527,74
528,64
529,79
530,18
531,75
532,85
533,35
534,8
535,50
536,71
537,62
538,27
539,64
540,50
541,82
542,98
543,25
544,27
545,25
546,18
547,95
548,30
549,9
550,26
551,32
552,46
553,49
554,35
555,8
556,87
557,51
558,46
559,39
560,24
561,99
562,32
563,94
564,61
565,76
566,31
567,73
568,96
569,51
570,97
571,58
572,66
573,96
574,44
575,103
576,9
577,38
578,18
579,66
580,13
581,33
582,44
583,50
584,90
585,5
586,1
587,104
588,75
589,79
590,21
591,58
592,8
593,51
594,95
595,101
596,37
597,3
598,2
599,46
600,17
601,2
602,8
603,35
604,52
605,3
606,28
607,9
608,80
609,85
610,21
611,82
612,25
613,32
614,70
615,8
616,21
617,46
618,54
619,101
620,104
621,2
622,2
623,49
624,12
625,30
626,86
627,35
628,73
629,61
630,35
631,30
632,33
633,24
634,7
635,48
636,57
637,48
638,8
639,105
640,41
641,81
642,76
643,42
644,2
645,10
646,83
647,27
648,42
649,27
650,9
651,46
652,1
653,47
654,51
655,4
656,1
657,39
658,58
659,13
660,58
661,82
662,95
663,98
664,27
665,98
666,5
667,104
668,101
669,77
670,42
671,57
672,104
673,105
674,13
675,5
676,50
677,71
678,40
679,26
680,59
681,22
682,91
683,102
684,30
685,57
686,20
687,35
688,11
689,22
690,35
691,6
692,50
693,61
694,94
695,78
696,5
697,49
698,53
699,57
700,13
701,13
702,13
703,102
704,11
705,13
706,16
707,14
708,58
709,69
710,22
711,14
712,104
713,61
714,33
715,66
716,23
717,64
718,63
719,3
720,93
721,47
722,17
723,79
724,85
725,70
726,8
727,44
728,71
729,66
730,72
731,19
732,37
733,97
734,74
735,74
736,6
737,86
738,20
739,92
740,97
741,56
742,48
743,58
744,70
745,93
746,36
747,65
748,56
749,18
750,95
751,18
752,83
753,5
754,19
755,53
756,5
757,24
758,90
759,84
760,87
761,62
762,102
763,9
764,57
765,76
766,62
767,8
768,5
769,13
770,61
771,35
772,93
773,32
774,24
775,85
776,26
777,1
778,54
779,4
780,96
781,22
782,69
783,31
784,80
785,58
786,35
787,30
788,72
789,57
790,48
791,93
792,14
793,93
794,27
795,5
796,10
797,6
798,63
799,54
800,41
801,45
802,43
803,48
804,105
805,14
806,34
807,40
808,86
809,35
810,6
811,19
812,99
813,45
814,99
815,90
816,13
817,75
818,104
819,88
820,38
821,22
822,80
823,78
824,49
825,67
826,93
827,16
828,34
829,94
830,88
831,90
832,78
833,21
834,97
835,65
836,41
837,73
838,23
839,22
840,48
841,13
842,88
843,63
844,103
845,92
846,77
847,101
848,96
849,22
850,53
851,16
852,22
853,11
854,21
855,27
856,66
857,22
858,36
859,99
860,2
861,38
862,57
863,89
864,5
865,3
866,18
867,57
868,78
869,90
870,47
871,51
872,60
873,11
874,76
875,93
876,62
877,60
878,95
879,45
880,89
881,28
882,54
883,17
884,31
885,5
886,27
887,43
888,17
889,73
890,17
891,98
892,45
893,15
894,33
895,88
896,100
897,84
898,93
899,34
900,58
901,44
902,4
903,16
904,14
905,17
906,70
907,24
908,89
909,49
910,2
911,68
912,74
913,87
914,105
915,95
916,24
917,8
918,19
919,44
920,45
921,63
922,2
923,69
924,32
925,62
926,2
927,27
928,39
929,28
930,105
931,25
932,83
933,24
934,22
935,31
936,35
937,61
938,9
939,2
940,53
941,15
942,48
943,50
944,15
945,14
946,44
947,88
948,61
949,97
950,21
951,69
952,35
953,8
954,13
955,8
956,81
957,77
958,91
959,93
960,13
961,30
962,6
963,5
964,39
965,17
966,26
967,13
968,18
969,28
970,9
971,60
972,82
973,19
974,47
975,98
976,93
977,81
978,80
979,78
980,88
981,57
982,36
983,97
984,9
985,98
986,40
987,88
988,29
989,55
990,28
991,51
992,13
993,94
994,8
995,3
996,62
997,58
998,62
999,59
1000,10
1001,64
1002,22
1003,53
1004,86
1005,72
1006,8
1007,43
1008,23
1009,99
1010,2
1011,58
1012,27
1013,6
1014,2
1015,93
1016,17
1017,78
1018,78
1019,45
1020,63
1021,93
1022,89
1023,90
1024,93
1025,87
1026,75
1027,25
1028,76
1029,49
1030,3
1031,10
1032,20
1033,35
1034,104
1035,50
1036,5
1037,92
1038,34
1039,36
1040,105
1041,40
1042,38
1043,70
1044,4
1045,86
1046,73
1047,5
1048,58
1049,52
1050,32
1051,35
1052,26
1053,45
1054,12
1055,49
1056,67
1057,27
1058,105
1059,46
1060,27
1061,17
1062,13
1063,8
1064,31
1065,3
1066,16
1067,64
1068,49
1069,101
1070,28
1071,99
1072,92
1073,29
1074,27
1075,88
1076,87
1077,52
1078,71
1079,35
1080,31
1081,31
1082,97
1083,98
1084,9
1085,90
1086,70
1087,88
1088,31
1089,82
1090,48
1091,17
1092,86
1093,78
1094,23
1095,79
1096,53
1097,67
1098,78
1099,93
1100,93
1101,46
1102,14
1103,91
1104,103
1105,105
1106,5
1107,55
1108,43
1109,7
1110,85
1111,91
1112,18
1113,35
1114,104
1115,34
1116,26
1117,29
1118,24
1119,100
1120,27
1121,47
1122,47
1123,92
1124,48
1125,45
1126,81
1127,5
1128,87
1129,55
1130,98
1131,61
1132,13
1133,103
1134,76
1135,19
1136,88
1137,83
1138,31
1139,42
1140,40
1141,24
1142,32
1143,93
1144,45
1145,81
1146,64
1147,55
1148,52
1149,5
1150,12
1151,104
1152,9
1153,24
1154,40
1155,29
1156,96
1157,80
1158,99
1159,26
1160,50
1161,97
1162,92
1163,27
1164,87
1165,23
1166,13
1167,36
1168,34
1169,105
1170,104
1171,75
1172,66
1173,56
1174,69
1175,46
1176,73
1177,11
1178,42
1179,11
1180,48
1181,49
1182,105
1183,16
1184,51
1185,59
1186,58
1187,2
1188,105
1189,97
1190,19
1191,16
1192,20
1193,22
1194,38
1195,22
1196,95
1197,105
1198,14
1199,50
1200,81
1201,28
1202,78
1203,20
1204,13
1205,82
1206,22
1207,88
1208,86
1209,88
1210,44
1211,2
1212,16
1213,91
1214,104
1215,20
1216,29
1217,94
1218,32
1219,74
1220,86
1221,87
1222,48
1223,9
1224,88
1225,26
1226,58
1227,23
1228,44
1229,2
1230,18
1231,17
1232,78
1233,86
1234,50
1235,4
1236,4
1237,102
1238,1
1239,28
1240,79
1241,59
1242,90
1243,74
1244,30
1245,5
1246,46
1247,9
1248,74
1249,67
1250,8
1251,91
1252,24
1253,11
1254,87
1255,48
1256,93
1257,29
1258,55
1259,14
1260,62
1261,28
1262,11
1263,9
1264,2
1265,63
1266,18
1267,30
1268,2
1269,84
1270,17
1271,81
1272,3
1273,47
1274,93
1275,85
1276,89
1277,58
1278,102
1279,47
1280,33
1281,58
1282,47
1283,78
1284,21
1285,12
1286,2
1287,27
1288,78
1289,38
1290,96
1291,7
1292,49
1293,78
1294,93
1295,73
1296,72
1297,102
1298,17
1299,97
1300,78
1301,104
1302,8
1303,13
1304,104
1305,38
1306,32
1307,105
1308,104
1309,27
1310,47
1311,104
1312,59
1313,31
1314,8
1315,2
1316,72
1317,23
1318,50
1319,30
1320,65
1321,87
1322,78
1323,16
1324,50
1325,105
1326,93
1327,23
1328,80
1329,89
1330,95
1331,60
1332,58
1333,99
1334,86
1335,36
1336,31
1337,47
1338,76
1339,25
1340,3
1341,94
1342,68
1343,95
1344,100
1345,22
1346,28
1347,104
1348,54
1349,70
1350,1
1351,92
1352,33
1353,104
1354,29
1355,102
1356,68
1357,63
1358,29
1359,93
1360,78
1361,48
1362,49
1363,45
1364,8
1365,33
1366,40
1367,58
1368,38
1369,38
1370,5
1371,26
1372,75
1373,81
1374,88
1375,97
1376,17
1377,89
1378,3
1379,4
1380,11
1381,14
1382,97
1383,88
1384,88
1385,9
1386,11
1387,11
1388,56
1389,95
1390,38
1391,54
1392,13
1393,56
1394,28
1395,11
1396,2
1397,86
1398,95
1399,88
1400,84
1401,2
1402,27
1403,36
1404,65
1405,31
1406,85
1407,58
1408,48
1409,104
1410,30
1411,13
1412,104
1413,103
1414,56
1415,8
1416,6
1417,24
1418,59
1419,75
1420,8
1421,86
1422,78
1423,5
1424,31
1425,97
1426,2
1427,48
1428,85
1429,59
1430,91
1431,95
1432,27
1433,55
1434,35
1435,9
1436,12
1437,104
1438,2
1439,65
1440,49
1441,64
1442,21
1443,17
1444,51
1445,7
1446,3
1447,52
1448,23
1449,5
1450,81
1451,39
1452,68
1453,91
1454,28
1455,26
1456,77
1457,22
1458,61
1459,28
1460,101
1461,36
1462,47
1463,3
1464,16
1465,66
1466,43
1467,12
1468,9
1469,32
1470,16
1471,17
1472,91
1473,47
1474,7
1475,18
1476,42
1477,60
1478,8
1479,85
1480,15
1481,9
1482,68
1483,67
1484,47
1485,88
1486,27
1487,72
1488,28
1489,85
1490,49
1491,102
1492,83
1493,97
1494,5
1495,30
1496,100
1497,23
1498,95
1499,28
1500,89
1501,81
1502,68
1503,41
1504,101
1505,11
1506,83
1507,78
1508,85
1509,28
1510,11
1511,93
1512,18
1513,91
1514,29
1515,73
1516,48
1517,30
1518,66
1519,86
1520,95
1521,82
1522,61
1523,88
1524,22
1525,2
1526,18
1527,19
1528,67
1529,9
1530,17
1531,17
1532,47
1533,77
1534,2
1535,27
1536,63
1537,37
1538,48
1539,59
1540,17
1541,87
1542,73
1543,15
1544,27
1545,29
1546,82
1547,4
1548,13
1549,61
1550,11
1551,11
1552,70
1553,47
1554,32
1555,91
1556,104
1557,101
1558,98
1559,30
1560,11
1561,99
1562,15
1563,10
1564,49
1565,73
1566,87
1567,78
1568,15
1569,24
1570,104
1571,13
1572,3
1573,81
1574,96
1575,96
1576,49
1577,45
1578,41
1579,47
1580,48
1581,81
1582,98
1583,29
1584,32
1585,67
1586,45
1587,98
1588,59
1589,75
1590,8
1591,29
1592,12
1593,18
1594,52
1595,4
1596,80
1597,39
1598,58
1599,8
1600,101
1601,13
1602,78
1603,31
1604,46
1605,101
1606,38
1607,47
1608,75
1609,17
1610,15
1611,14
1612,14
1613,68
1614,18
1615,17
1616,8
1617,8
1618,2
1619,90
1620,98
1621,36
1622,4
1623,104
1624,15
1625,5
1626,104
1627,91
1628,49
1629,98
1630,93
1631,27
1632,5
1633,11
1634,104
1635,78
1636,93
1637,32
1638,93
1639,56
1640,61
1641,95
1642,25
1643,83
1644,8
1645,95
1646,98
1647,97
1648,98
1649,60
1650,17
1651,12
1652,17
1653,64
1654,27
1655,78
1656,95
1657,28
1658,52
1659,44
1660,44
1661,81
1662,97
1663,95
1664,89
1665,19
1666,11
1667,9
1668,7
1669,58
1670,86
1671,2
1672,57
1673,95
1674,48
1675,19
1676,43
1677,41
1678,95
1679,51
1680,25
1681,15
1682,81
1683,62
1684,24
1685,49
1686,93
1687,56
1688,91
1689,89
1690,68
1691,82
1692,60
1693,105
1694,101
1695,67
1696,4
1697,11
1698,55
1699,7
1700,98
1701,95
1702,87
1703,7
1704,9
1705,66
1706,100
1707,68
1708,82
1709,29
1710,9
1711,68
1712,76
1713,37
1714,65
1715,30
1716,70
1717,29
1718,50
1719,32
1720,43
1721,14
1722,15
1723,15
1724,26
1725,8
1726,45
1727,62
1728,47
1729,52
1730,93
1731,57
1732,37
1733,95
1734,39
1735,45
1736,105
1737,104
1738,39
1739,44
1740,3
1741,94
1742,49
1743,105
1744,48
1745,68
1746,38
1747,43
1748,48
1749,51
1750,33
1751,83
1752,77
1753,88
1754,45
1755,64
1756,78
1757,58
1758,1
1759,47
1760,81
1761,93
1762,81
1763,35
1764,5
1765,97
1766,51
1767,30
1768,5
1769,31
1770,47
1771,95
1772,83
1773,93
1774,1
1775,49
1776,16
1777,27
1778,45
1779,26
1780,47
1781,55
1782,76
1783,57
1784,86
1785,82
1786,8
1787,85
1788,96
1789,43
1790,57
1791,23
1792,11
1793,91
1794,13
1795,44
1796,72
1797,47
1798,93
1799,35
1800,2
1801,28
1802,63
1803,5
1804,90
1805,54
1806,98
1807,62
1808,27
1809,38
1810,18
1811,28
1812,86
1813,26
1814,17
1815,43
1816,86
1817,93
1818,81
1819,48
1820,81
1821,12
1822,80
1823,45
1824,49
1825,28
1826,78
1827,58
1828,26
1829,48
1830,13
1831,43
1832,93
1833,54
1834,8
1835,27
1836,88
1837,17
1838,98
1839,60
1840,82
1841,34
1842,18
1843,13
1844,24
1845,91
1846,36
1847,86
1848,86
1849,84
1850,16
1851,67
1852,4
1853,28
1854,55
1855,60
1856,93
1857,100
1858,3
1859,65
1860,42
1861,27
1862,65
1863,37
1864,44
1865,32
1866,78
1867,78
1868,70
1869,3
1870,7
1871,22
1872,18
1873,70
1874,100
1875,80
1876,95
1877,81
1878,24
1879,48
1880,105
1881,97
1882,64
1883,73
1884,41
1885,86
1886,50
1887,13
1888,43
1889,7
1890,21
1891,16
1892,21
1893,85
1894,35
1895,89
1896,66
1897,88
1898,91
1899,24
1900,58
1901,48
1902,93
1903,41
1904,104
1905,52
1906,9
1907,60
1908,45
1909,45
1910,19
1911,88
1912,5
1913,67
1914,28
1915,35
1916,70
1917,93
1918,67
1919,95
1920,72
1921,95
1922,16
1923,3
1924,16
1925,43
1926,95
1927,64
1928,48
1929,83
1930,37
1931,16
1932,94
1933,11
1934,61
1935,3
1936,7
1937,12
1938,1
1939,50
1940,62
1941,23
1942,29
1943,11
1944,30
1945,5
1946,70
1947,62
1948,72
1949,94
1950,19
1951,30
1952,52
1953,104
1954,81
1955,4
1956,12
1957,88
1958,78
1959,88
1960,86
1961,97
1962,41
1963,50
1964,68
1965,3
1966,45
1967,38
1968,27
1969,67
1970,47
1971,28
1972,8
1973,42
1974,29
1975,104
1976,52
1977,39
1978,3
1979,8
1980,76
1981,41
1982,85
1983,22
1984,11
1985,42
1986,47
1987,47
1988,65
1989,78
1990,44
1991,65
1992,31
1993,42
1994,50
1995,85
1996,5
1997,9
1998,8
1999,22
2000,100
2001,49
2002,43
2003,58
2004,2
2005,17
2006,37
2007,58
2008,82
2009,42
2010,98
2011,8
2012,39
2013,47
2014,41
2015,81
2016,65
2017,58
2018,72
2019,8
2020,47
2021,95
2022,32
2023,104
2024,58
2025,38
2026,59
2027,76
2028,41
2029,8
2030,48
2031,95
2032,22
2033,10
2034,67
2035,32
2036,34
2037,49
2038,9
2039,45
2040,97
2041,91
2042,26
2043,29
2044,45
2045,18
2046,32
2047,96
2048,65
2049,48
2050,13
2051,52
2052,78
2053,48
2054,38
2055,51
2056,105
2057,80
2058,48
2059,30
2060,84
2061,11
2062,58
2063,75
2064,23
2065,41
2066,72
2067,95
2068,42
2069,14
2070,105
2071,7
2072,48
2073,70
2074,105
2075,32
2076,49
2077,76
2078,84
2079,29
2080,16
2081,64
2082,3
2083,58
2084,2
2085,68
2086,48
2087,8
2088,100
2089,8
2090,84
2091,101
2092,30
2093,22
2094,83
2095,14
2096,86
2097,49
2098,83
2099,86
2100,45
2101,22
2102,2
2103,78
2104,42
2105,97
2106,93
2107,13
2108,75
2109,62
2110,24
2111,47
2112,76
2113,7
2114,34
2115,2
2116,5
2117,87
2118,17
2119,3
2120,86
2121,57
2122,89
2123,104
2124,43
2125,83
2126,78
2127,70
2128,13
2129,85
2130,16
2131,9
2132,27
2133,9
2134,32
2135,47
2136,44
2137,89
2138,39
2139,35
2140,93
2141,104
2142,38
2143,4
2144,81
2145,41
2146,48
2147,22
2148,4
2149,11
2150,29
2151,3
2152,89
2153,57
2154,32
2155,27
2156,66
2157,14
2158,89
2159,24
2160,70
2161,24
2162,3
2163,41
2164,16
2165,83
2166,27
2167,45
2168,13
2169,3
2170,16
2171,88
2172,78
2173,97
2174,96
2175,4
2176,25
2177,37
2178,49
2179,8
2180,72
2181,93
2182,9
2183,5
2184,70
2185,78
2186,75
2187,33
2188,25
2189,9
2190,8
2191,104
2192,24
2193,93
2194,13
2195,84
2196,58
2197,88
2198,101
2199,21
2200,65
2201,38
2202,22
2203,11
2204,72
2205,87
2206,67
2207,37
2208,91
2209,2
2210,80
2211,16
2212,32
2213,19
2214,16
2215,16
2216,16
2217,93
2218,9
2219,29
2220,30
2221,94
2222,89
2223,27
2224,101
2225,95
2226,105
2227,80
2228,48
2229,5
2230,37
2231,7
2232,7
2233,14
2234,61
2235,5
2236,16
2237,87
2238,88
2239,22
2240,21
2241,51
2242,21
2243,98
2244,75
2245,48
2246,66
2247,34
2248,27
2249,105
2250,37
2251,105
2252,14
2253,87
2254,83
2255,61
2256,33
2257,17
2258,41
2259,4
2260,22
2261,19
2262,17
2263,81
2264,87
2265,8
2266,50
2267,93
2268,49
2269,22
2270,42
2271,34
2272,41
2273,18
2274,95
2275,11
2276,95
2277,39
2278,104
2279,22
2280,64
2281,81
2282,86
2283,58
2284,19
2285,59
2286,88
2287,47
2288,73
2289,93
2290,9
2291,88
2292,76
2293,52
2294,65
2295,104
2296,49
2297,8
2298,29
2299,28
2300,84
2301,77
2302,105
2303,50
2304,18
2305,48
2306,24
2307,9
2308,58
2309,98
2310,88
2311,28
2312,47
2313,82
2314,3
2315,76
2316,34
2317,26
2318,5
2319,16
2320,23
2321,88
2322,23
2323,52
2324,93
2325,11
2326,10
2327,93
2328,84
2329,93
2330,5
2331,41
2332,31
2333,5
2334,18
2335,83
2336,104
2337,86
2338,31
2339,5
2340,77
2341,15
2342,37
2343,5
2344,77
2345,81
2346,58
2347,2
2348,37
2349,51
2350,104
2351,31
2352,47
2353,48
2354,8
2355,88
2356,10
2357,3
2358,73
2359,45
2360,38
2361,12
2362,9
2363,13
2364,47
2365,31
2366,19
2367,38
2368,22
2369,43
2370,17
2371,2
2372,25
2373,13
2374,89
2375,101
2376,2
2377,11
2378,97
2379,58
2380,91
2381,43
2382,77
2383,15
2384,78
2385,44
2386,86
2387,49
2388,5
2389,21
2390,91
2391,22
2392,49
2393,28
2394,27
2395,57
2396,18
2397,10
2398,19
2399,16
2400,105
2401,4
2402,91
2403,104
2404,3
2405,95
2406,51
2407,66
2408,64
2409,23
2410,38
2411,59
2412,14
2413,77
2414,105
2415,88
2416,12
2417,21
2418,28
2419,48
2420,22
2421,65
2422,2
2423,88
2424,8
2425,47
2426,8
2427,26
2428,48
2429,11
2430,18
2431,11
2432,3
2433,26
2434,33
2435,49
2436,32
2437,98
2438,58
2439,3
2440,32
2441,5
2442,97
2443,9
2444,66
2445,29
2446,96
2447,77
2448,2
2449,93
2450,82
2451,25
2452,15
2453,24
2454,31
2455,30
2456,60
2457,15
2458,80
2459,22
2460,35
2461,31
2462,49
2463,14
2464,83
2465,61
2466,51
2467,35
2468,86
2469,39
2470,39
2471,59
2472,101
2473,32
2474,13
2475,88
2476,48
2477,62
2478,47
2479,58
2480,8
2481,58
2482,86
2483,76
2484,86
2485,78
2486,86
2487,15
2488,22
2489,27
2490,58
2491,97
2492,2
2493,47
2494,66
2495,9
2496,105
2497,39
2498,21
2499,10
2500,2
2501,3
2502,27
2503,2
2504,84
2505,31
2506,42
2507,10
2508,48
2509,18
2510,12
2511,88
2512,84
2513,83
2514,73
2515,105
2516,11
2517,3
2518,28
2519,11
2520,47
2521,76
2522,51
2523,45
2524,19
2525,32
2526,23
2527,17
2528,58
2529,91
2530,61
2531,27
2532,81
2533,59
2534,28
2535,93
2536,11
2537,35
2538,28
2539,10
2540,7
2541,85
2542,23
2543,98
2544,47
2545,21
2546,10
2547,16
2548,12
2549,44
2550,37
2551,98
2552,26
2553,2
2554,12
2555,29
2556,104
2557,7
2558,95
2559,58
2560,42
2561,16
2562,31
2563,5
2564,87
2565,27
2566,30
2567,22
2568,58
2569,101
2570,93
2571,85
2572,49
2573,86
2574,27
2575,51
2576,16
2577,10
2578,23
2579,65
2580,13
2581,88
2582,22
2583,2
2584,42
2585,93
2586,9
2587,14
2588,38
2589,80
2590,76
2591,32
2592,29
2593,87
2594,28
2595,78
2596,45
2597,88
2598,13
2599,43
2600,32
2601,13
2602,39
2603,39
2604,95
2605,82
2606,38
2607,93
2608,38
2609,49
2610,96
2611,93
2612,5
2613,96
2614,81
2615,2
2616,16
2617,87
2618,105
2619,3
2620,27
2621,78
2622,26
2623,77
2624,49
2625,89
2626,27
2627,33
2628,80
2629,22
2630,13
2631,27
2632,82
2633,50
2634,52
2635,3
2636,9
2637,65
2638,47
2639,13
2640,17
2641,2
2642,93
2643,64
2644,17
2645,23
2646,33
2647,8
2648,39
2649,93
2650,52
2651,27
2652,11
2653,21
2654,93
2655,8
2656,104
2657,17
2658,76
2659,89
2660,86
2661,77
2662,28
2663,58
2664,42
2665,18
2666,85
2667,8
2668,95
2669,18
2670,33
2671,37
2672,3
2673,82
2674,33
2675,19
2676,80
2677,96
2678,104
2679,24
2680,13
2681,47
2682,45
2683,84
2684,7
2685,16
2686,17
2687,27
2688,83
2689,3
2690,84
2691,32
2692,93
2693,81
2694,82
2695,10
2696,104
2697,16
2698,65
2699,27
2700,11
2701,86
2702,23
2703,12
2704,78
2705,52
2706,28
2707,82
2708,81
2709,24
2710,13
2711,45
2712,14
2713,13
2714,8
2715,105
2716,93
2717,18
2718,58
2719,86
2720,11
2721,22
2722,26
2723,7
2724,39
2725,77
2726,58
2727,85
2728,11
2729,104
2730,4
2731,51
2732,18
2733,88
2734,17
2735,23
2736,66
2737,73
2738,38
2739,51
2740,18
2741,39
2742,17
2743,95
2744,83
2745,101
2746,73
2747,15
2748,2
2749,23
2750,95
2751,57
2752,43
2753,76
2754,91
2755,19
2756,61
2757,52
2758,76
2759,3
2760,50
2761,95
2762,61
2763,2
2764,9
2765,48
2766,93
2767,32
2768,50
2769,2
2770,47
2771,3
2772,38
2773,29
2774,37
2775,8
2776,48
2777,57
2778,4
2779,47
2780,104
2781,78
2782,5
2783,15
2784,11
2785,104
2786,17
2787,18
2788,30
2789,33
2790,97
2791,11
2792,8
2793,30
2794,26
2795,11
2796,30
2797,14
2798,13
2799,101
2800,49
2801,39
2802,29
2803,78
2804,50
2805,16
2806,24
2807,39
2808,88
2809,39
2810,33
2811,105
2812,95
2813,104
2814,97
2815,7
2816,48
2817,2
2818,23
2819,10
2820,85
2821,70
2822,16
2823,39
2824,7
2825,66
2826,27
2827,35
2828,18
2829,84
2830,4
2831,65
2832,91
2833,7
2834,3
2835,98
2836,95
2837,42
2838,3
2839,31
2840,9
2841,98
2842,28
2843,27
2844,78
2845,95
2846,27
2847,26
2848,97
2849,82
2850,3
2851,43
2852,17
2853,11
2854,105
2855,26
2856,49
2857,9
2858,89
2859,95
2860,88
2861,11
2862,80
2863,29
2864,78
2865,52
2866,42
2867,86
2868,9
2869,70
2870,18
2871,82
2872,101
2873,44
2874,57
2875,97
2876,11
2877,104
2878,37
2879,13
2880,61
2881,32
2882,91
2883,57
2884,98
2885,31
2886,78
2887,8
2888,16
2889,93
2890,3
2891,57
2892,23
2893,48
2894,51
2895,23
2896,51
2897,33
2898,84
2899,78
2900,93
2901,58
2902,28
2903,21
2904,5
2905,28
2906,7
2907,18
2908,31
2909,76
2910,30
2911,27
2912,21
2913,9
2914,80
2915,8
2916,27
2917,27
2918,48
2919,24
2920,10
2921,93
2922,50
2923,33
2924,42
2925,78
2926,3
2927,22
2928,27
2929,61
2930,3
2931,3
2932,2
2933,32
2934,61
2935,86
2936,11
2937,88
2938,93
2939,97
2940,76
2941,16
2942,93
2943,28
2944,84
2945,16
2946,57
2947,58
2948,27
2949,35
2950,45
2951,39
2952,81
2953,33
2954,2
2955,13
2956,70
2957,91
2958,97
2959,22
2960,89
2961,97
2962,35
2963,7
2964,19
2965,19
2966,22
2967,98
2968,80
2969,17
2970,18
2971,61
2972,51
2973,2
2974,86
2975,29
2976,45
2977,3
2978,15
2979,39
2980,28
2981,80
2982,93
2983,11
2984,35
2985,78
2986,66
2987,58
2988,97
2989,83
2990,13
2991,48
2992,49
2993,27
2994,2
2995,24
2996,47
2997,3
2998,58
2999,45
3000,97
3001,104
3002,11
3003,78
3004,29
3005,84
3006,21
3007,105
3008,105
3009,97
3010,45
3011,48
3012,64
3013,58
3014,95
3015,66
3016,27
3017,77
3018,44
3019,81
3020,47
3021,104
3022,11
3023,44
3024,49
3025,47
3026,16
3027,51
3028,39
3029,58
3030,47
3031,66
3032,86
3033,93
3034,65
3035,47
3036,37
3037,11
3038,48
3039,41
3040,17
3041,93
3042,76
3043,80
3044,4
3045,78
3046,58
3047,16
3048,52
3049,43
3050,5
3051,58
3052,22
3053,27
3054,27
3055,51
3056,2
3057,104
3058,21
3059,88
3060,24
3061,47
3062,95
3063,32
3064,104
3065,47
3066,29
3067,33
3068,61
3069,47
3070,85
3071,81
3072,13
3073,18
3074,13
3075,35
3076,26
3077,47
3078,95
3079,98
3080,57
3081,45
3082,52
3083,2
3084,61
3085,76
3086,83
3087,48
3088,9
3089,3
3090,49
3091,47
3092,39
3093,93
3094,86
3095,91
3096,105
3097,23
3098,16
3099,76
3100,31
3101,78
3102,51
3103,4
3104,3
3105,2
3106,78
3107,30
3108,39
3109,24
3110,49
3111,41
3112,88
3113,18
3114,2
3115,85
3116,31
3117,26
3118,38
3119,86
3120,2
3121,48
3122,48
3123,24
3124,41
3125,8
3126,2
3127,16
3128,82
3129,39
3130,65
3131,13
3132,47
3133,78
3134,18
3135,95
3136,87
3137,11
3138,98
3139,2
3140,2
3141,97
3142,42
3143,17
3144,78
3145,95
3146,39
3147,19
3148,86
3149,64
3150,105
3151,52
3152,78
3153,104
3154,15
3155,81
3156,44
3157,2
3158,104
3159,24
3160,39
3161,64
3162,51
3163,27
3164,98
3165,31
3166,48
3167,29
3168,51
3169,97
3170,39
3171,18
3172,11
3173,98
3174,78
3175,104
3176,91
3177,4
3178,27
3179,14
3180,42
3181,22
3182,39
3183,86
3184,21
3185,104
3186,43
3187,57
3188,95
3189,33
3190,2
3191,48
3192,84
3193,45
3194,58
3195,97
3196,105
3197,31
3198,104
3199,2
3200,49
3201,49
3202,104
3203,7
3204,15
3205,86
3206,13
3207,88
3208,52
3209,104
3210,49
3211,64
3212,88
3213,13
3214,88
3215,22
3216,39
3217,7
3218,86
3219,17
3220,32
3221,39
3222,45
3223,16
3224,38
3225,81
3226,16
3227,22
3228,88
3229,76
3230,47
3231,52
3232,95
3233,80
3234,88
3235,2
3236,2
3237,15
3238,91
3239,61
3240,27
3241,18
3242,31
3243,105
3244,58
3245,17
3246,13
3247,88
3248,48
3249,5
3250,2
3251,84
3252,47
3253,24
3254,101
3255,9
3256,32
3257,24
3258,5
3259,98
3260,15
3261,39
3262,61
3263,98
3264,39
3265,14
3266,35
3267,78
3268,3
3269,16
3270,28
3271,24
3272,26
3273,76
3274,101
3275,45
3276,16
3277,93
3278,30
3279,9
3280,31
3281,80
3282,86
3283,27
3284,80
3285,14
3286,78
3287,2
3288,65
3289,52
3290,26
3291,93
3292,3
3293,18
3294,47
3295,65
3296,98
3297,93
3298,27
3299,4
3300,30
3301,104
3302,45
3303,88
3304,88
3305,17
3306,91
3307,91
3308,97
3309,39
3310,13
3311,42
3312,49
3313,65
3314,2
3315,8
3316,78
3317,93
3318,35
3319,93
3320,17
3321,82
3322,45
3323,52
3324,48
3325,98
3326,16
3327,48
3328,98
3329,98
3330,87
3331,78
3332,33
3333,22
3334,78
3335,65
3336,88
3337,5
3338,22
3339,78
3340,64
3341,58
3342,5
3343,33
3344,48
3345,2
3346,31
3347,11
3348,47
3349,18
3350,81
3351,88
3352,9
3353,15
3354,97
3355,88
3356,47
3357,47
3358,16
3359,13
3360,48
3361,45
3362,18
3363,7
3364,87
3365,26
3366,48
3367,65
3368,27
3369,16
3370,76
3371,38
3372,101
3373,88
3374,95
3375,48
3376,84
3377,22
3378,17
3379,87
3380,27
3381,3
3382,9
3383,101
3384,91
3385,98
3386,98
3387,64
3388,86
3389,78
3390,35
3391,24
3392,48
3393,31
3394,31
3395,11
3396,86
3397,32
3398,3
3399,39
3400,47
3401,78
3402,48
3403,17
3404,29
3405,8
3406,61
3407,31
3408,3
3409,11
3410,58
3411,47
3412,3
3413,35
3414,93
3415,27
3416,9
3417,64
3418,17
3419,95
3420,50
3421,27
3422,84
3423,13
3424,105
3425,11
3426,101
3427,42
3428,88
3429,29
3430,30
3431,64
3432,86
3433,47
3434,24
3435,86
3436,31
3437,52
3438,33
3439,45
3440,95
3441,104
3442,14
3443,81
3444,50
3445,8
3446,51
3447,81
3448,9
3449,32
3450,17
3451,5
3452,104
3453,84
3454,52
3455,33
3456,47
3457,7
3458,28
3459,80
3460,17
3461,65
3462,23
3463,45
3464,3
3465,80
3466,88
3467,38
3468,33
3469,33
3470,104
3471,93
3472,42
3473,61
3474,58
3475,5
3476,8
3477,9
3478,91
3479,30
3480,98
3481,11
3482,3
3483,3
3484,27
3485,86
3486,22
3487,26
3488,58
3489,58
3490,14
3491,7
3492,7
3493,27
3494,7
3495,105
3496,104
3497,9
3498,47
3499,98
3500,5
3501,17
3502,64
3503,65
3504,24
3505,104
3506,8
3507,39
3508,88
3509,28
3510,48
3511,84
3512,39
3513,18
3514,8
3515,78
3516,9
3517,11
3518,86
3519,58
3520,16
3521,80
3522,13
3523,28
3524,42
3525,27
3526,30
3527,11
3528,81
3529,50
3530,97
3531,91
3532,33
3533,76
3534,22
3535,104
3536,13
3537,95
3538,48
3539,22
3540,105
3541,58
3542,105
3543,7
3544,26
3545,47
3546,88
3547,45
3548,58
3549,104
3550,104
3551,93
3552,45
3553,26
3554,5
3555,49
3556,24
3557,23
3558,22
3559,51
3560,61
3561,8
3562,39
3563,48
3564,8
3565,61
3566,5
3567,91
3568,27
3569,17
3570,51
3571,47
3572,5
3573,17
3574,95
3575,29
3576,49
3577,38
3578,8
3579,27
3580,50
3581,5
3582,22
3583,93
3584,45
3585,8
3586,11
3587,3
3588,93
3589,42
3590,104
3591,27
3592,7
3593,32
3594,80
3595,51
3596,45
3597,48
3598,52
3599,32
3600,5
3601,26
3602,93
3603,11
3604,13
3605,2
3606,8
3607,5
3608,49
3609,78
3610,26
3611,30
3612,95
3613,9
3614,50
3615,48
3616,95
3617,49
3618,8
3619,31
3620,29
3621,31
3622,30
3623,81
3624,31
3625,50
3626,39
3627,11
3628,11
3629,18
3630,29
3631,5
3632,2
3633,51
3634,104
3635,91
3636,45
3637,49
3638,105
3639,104
3640,49
3641,105
3642,86
3643,2
3644,5
3645,45
3646,81
3647,16
3648,13
3649,3
3650,58
3651,38
3652,47
3653,22
3654,2
3655,45
3656,16
3657,65
3658,7
3659,42
3660,105
3661,32
3662,93
3663,78
3664,28
3665,45
3666,93
3667,61
3668,93
3669,49
3670,76
3671,88
3672,16
3673,38
3674,3
3675,32
3676,58
3677,97
3678,58
3679,3
3680,16
3681,2
3682,8
3683,105
3684,104
3685,47
3686,51
3687,49
3688,45
3689,47
3690,28
3691,24
3692,5
3693,13
3694,104
3695,51
3696,31
3697,105
3698,5
3699,58
3700,104
3701,5
3702,8
3703,88
3704,104
3705,32
3706,105
3707,45
3708,3
3709,17
3710,76
3711,9
3712,13
3713,48
3714,11
3715,16
3716,39
3717,31
3718,31
3719,98
3720,17
3721,86
3722,58
3723,27
3724,18
3725,35
3726,26
3727,45
3728,93
3729,8
3730,76
3731,27
3732,22
3733,86
3734,5
3735,95
3736,38
3737,45
3738,97
3739,88
3740,49
3741,30
3742,3
3743,7
3744,58
3745,49
3746,30
3747,78
3748,8
3749,17
3750,48
3751,98
3752,58
3753,49
3754,5
3755,17
3756,76
3757,98
3758,51
3759,51
3760,30
3761,95
3762,88
3763,95
3764,104
3765,39
3766,30
3767,95
3768,98
3769,27
3770,86
3771,16
3772,95
3773,27
3774,5
3775,58
3776,88
3777,88
3778,78
3779,3
3780,93
3781,16
3782,7
3783,5
3784,22
3785,17
3786,47
3787,17
3788,18
3789,58
3790,9
3791,13
3792,7
3793,24
3794,26
3795,81
3796,88
3797,104
3798,95
3799,48
3800,95
3801,78
3802,104
3803,97
3804,47
3805,45
3806,97
3807,18
3808,26
3809,104
3810,13
3811,26
3812,28
3813,27
3814,93
3815,22
3816,16
3817,105
3818,88
3819,24
3820,93
3821,97
3822,58
3823,93
3824,49
3825,47
3826,28
3827,3
3828,9
3829,86
3830,17
3831,58
3832,7
3833,24
3834,58
3835,47
3836,3
3837,30
3838,105
3839,31
3840,88
3841,27
3842,98
3843,16
3844,17
3845,47
3846,16
3847,3
3848,2
3849,78
3850,98
3851,5
3852,8
3853,104
3854,47
3855,95
3856,9
3857,22
3858,9
3859,28
3860,78
3861,27
3862,31
3863,104
3864,47
3865,49
3866,81
3867,104
3868,47
3869,31
3870,27
3871,5
3872,32
3873,31
3874,2
3875,48
3876,47
3877,16
3878,88
3879,5
3880,47
3881,78
3882,31
3883,2
3884,16
3885,93
3886,98
3887,3
3888,3
3889,93
3890,2
3891,22
3892,98
3893,95
3894,31
3895,3
3896,2
3897,78
3898,9
3899,9
3900,16
3901,5
3902,5
3903,97
3904,105
3905,31
3906,8
3907,104
3908,2
3909,105
3910,93
3911,11
3912,2
3913,95
3914,18
3915,8
3916,16
3917,8
3918,28
3919,16
3920,39
3921,8
3922,32
3923,49
3924,98
3925,88
3926,105
3927,18
3928,45
3929,3
3930,17
3931,88
3932,93
3933,27
3934,2
3935,78
3936,8
3937,49
3938,95
3939,31
3940,5
3941,16
3942,11
3943,86
3944,11
3945,49
3946,5
3947,18
3948,97
3949,93
3950,16
3951,11
3952,27
3953,3
3954,3
3955,78
3956,31
3957,48
3958,17
3959,9
3960,104
3961,98
3962,17
3963,31
3964,8
3965,47
3966,47
3967,17
3968,49
3969,58
3970,8
3971,27
3972,11
3973,9
3974,88
3975,78
3976,58
3977,47
3978,105
3979,31
3980,27
3981,104
3982,39
3983,45
3984,9
3985,47
3986,17
3987,28
3988,97
3989,5
3990,27
3991,13
3992,31
3993,17
3994,13
3995,11
3996,49
3997,5
3998,28
3999,98
4000,2
