1,15
2,13
3,15
4,19
5,17
6,17
7,4
8,17
9,9
10,13
11,3
12,10
13,1
14,5
15,15
16,7
17,15
18,19
19,4
20,1
21,16
22,14
23,4
24,4
25,13
26,17
27,17
28,1
29,3
30,1
31,1
32,19
33,2
34,17
35,4
36,12
37,11
38,18
39,4
40,18
41,1
42,16
43,17
44,4
45,17
46,19
47,9
48,12
49,4
50,16
51,6
52,12
53,14
54,17
55,4
56,16
57,5
58,12
59,10
60,7
61,1
62,18
63,19
64,7
65,20
66,15
67,4
68,5
69,4
70,11
71,8
72,4
73,18
74,1
75,13
76,3
77,3
78,4
79,14
80,6
81,2
82,8
83,1
84,18
85,9
86,4
87,5
88,13
89,18
90,10
91,4
92,9
93,18
94,4
95,13
96,20
97,20
98,17
99,12
100,15
101,1
102,9
103,15
104,5
105,6
106,12
107,6
108,12
109,15
110,18
111,19
112,15
113,18
114,8
115,1
116,14
117,4
118,18
119,15
120,4
121,5
122,19
123,10
124,5
125,12
126,6
127,18
128,12
129,12
130,8
131,14
132,13
133,4
134,15
135,4
136,13
137,17
138,11
139,2
140,9
141,13
142,9
143,2
144,15
145,4
146,19
147,4
148,19
149,3
150,13
151,9
152,16
153,20
154,1
155,5
156,3
157,19
158,10
159,10
160,18
161,13
162,6
163,1
164,11
165,18
166,3
167,6
168,13
169,15
170,8
171,4
172,13
173,17
174,13
175,19
176,1
177,17
178,15
179,5
180,5
181,11
182,1
183,9
184,11
185,12
186,14
187,12
188,16
189,19
190,13
191,11
192,19
193,9
194,2
195,6
196,4
197,5
198,5
199,4
200,15
201,18
202,3
203,11
204,13
205,5
206,13
207,7
208,13
209,3
210,18
211,5
212,18
213,3
214,9
215,15
216,14
217,18
218,6
219,2
220,19
221,2
222,2
223,12
224,18
225,7
226,17
227,1
228,3
229,20
230,17
231,6
232,14
233,5
234,11
235,18
236,14
237,7
238,16
239,11
240,13
241,18
242,4
243,18
244,1
245,4
246,13
247,3
248,19
249,19
250,13
251,2
252,3
253,15
254,8
255,3
256,5
257,2
258,17
259,2
260,6
261,13
262,18
263,19
264,20
265,13
266,1
267,17
268,19
269,13
270,6
271,18
272,4
273,16
274,15
275,1
276,15
277,11
278,5
279,17
280,1
281,4
282,18
283,3
284,12
285,11
286,10
287,2
288,13
289,10
290,6
291,11
292,18
293,4
294,19
295,20
296,18
297,2
298,11
299,17
300,1
301,19
302,13
303,8
304,5
305,19
306,17
307,15
308,3
309,14
310,2
311,1
312,4
313,15
314,11
315,2
316,6
317,19
318,4
319,5
320,19
321,5
322,18
323,16
324,6
325,17
326,8
327,19
328,17
329,15
330,5
331,15
332,17
333,18
334,14
335,18
336,1
337,15
338,2
339,5
340,17
341,13
342,7
343,7
344,17
345,4
346,16
347,5
348,17
349,8
350,20
351,4
352,12
353,6
354,6
355,14
356,5
357,12
358,19
359,5
360,4
361,1
362,8
363,10
364,5
365,18
366,3
367,18
368,5
369,18
370,11
371,6
372,4
373,3
374,18
375,19
376,18
377,12
378,12
379,2
380,18
381,7
382,14
383,13
384,8
385,8
386,18
387,12
388,9
389,5
390,4
391,5
392,18
393,11
394,20
395,6
396,17
397,4
398,4
399,4
400,13
401,8
402,13
403,9
404,3
405,11
406,10
407,6
408,18
409,19
410,15
411,3
412,5
413,5
414,15
415,13
416,13
417,3
418,4
419,13
420,15
421,16
422,4
423,17
424,19
425,5
426,4
427,20
428,5
429,5
430,6
431,2
432,8
433,18
434,5
435,4
436,7
437,1
438,18
439,12
440,13
441,14
442,7
443,19
444,15
445,5
446,1
447,13
448,5
449,1
450,2
451,4
452,10
453,15
454,10
455,7
456,5
457,6
458,18
459,2
460,18
461,17
462,18
463,4
464,5
465,1
466,18
467,4
468,17
469,4
470,19
471,2
472,12
473,17
474,3
475,11
476,15
477,12
478,3
479,5
480,6
481,6
482,15
483,17
484,13
485,15
486,18
487,9
488,17
489,5
490,5
491,12
492,7
493,9
494,11
495,18
496,4
497,5
498,4
499,10
500,15
501,6
502,5
503,18
504,11
505,17
506,18
507,1
508,15
509,8
510,10
511,5
512,3
513,5
514,4
515,12
516,18
517,14
518,15
519,18
520,12
521,7
522,1
523,1
524,13
525,18
526,12
527,8
528,20
529,10
530,10
531,13
532,15
533,14
534,12
535,18
536,2
537,19
538,13
539,13
540,20
541,18
542,2
543,5
544,19
545,17
546,17
547,13
548,4
549,13
550,4
551,10
552,17
553,15
554,3
555,2
556,19
557,11
558,15
559,5
560,10
561,9
562,17
563,2
564,2
565,4
566,4
567,13
568,2
569,19
570,5
571,18
572,1
573,4
574,12
575,6
576,13
577,14
578,20
579,7
580,1
581,4
582,5
583,4
584,7
585,14
586,18
587,12
588,18
589,2
590,4
591,3
592,5
593,15
594,13
595,20
596,4
597,2
598,3
599,18
600,4
601,7
602,13
603,5
604,12
605,13
606,9
607,18
608,4
609,20
610,12
611,1
612,9
613,5
614,11
615,4
616,5
617,8
618,10
619,11
620,5
621,15
622,1
623,20
624,11
625,17
626,2
627,2
628,6
629,2
630,20
631,4
632,8
633,10
634,1
635,15
636,14
637,18
638,10
639,1
640,12
641,3
642,6
643,6
644,5
645,11
646,14
647,18
648,8
649,8
650,18
651,17
652,2
653,14
654,7
655,15
656,19
657,13
658,18
659,11
660,10
661,5
662,1
663,1
664,19
665,15
666,15
667,4
668,15
669,2
670,5
671,18
672,15
673,1
674,10
675,2
676,19
677,3
678,5
679,7
680,10
681,17
682,12
683,13
684,12
685,7
686,18
687,18
688,15
689,5
690,5
691,1
692,7
693,6
694,19
695,7
696,14
697,18
698,3
699,12
700,18
701,13
702,15
703,15
704,12
705,5
706,1
707,15
708,17
709,13
710,15
711,18
712,7
713,4
714,7
715,5
716,15
717,15
718,3
719,6
720,11
721,8
722,7
723,13
724,5
725,17
726,5
727,9
728,5
729,1
730,4
731,13
732,3
733,18
734,1
735,10
736,6
737,12
738,18
739,18
740,6
741,3
742,13
743,6
744,13
745,7
746,13
747,19
748,5
749,18
750,11
751,4
752,4
753,17
754,9
755,5
756,14
757,4
758,5
759,20
760,13
761,20
762,18
763,5
764,11
765,4
766,2
767,19
768,1
769,8
770,2
771,7
772,8
773,15
774,17
775,19
776,9
777,18
778,3
779,12
780,4
781,3
782,17
783,9
784,6
785,15
786,12
787,20
788,17
789,4
790,4
791,18
792,3
793,18
794,1
795,3
796,9
797,13
798,13
799,11
800,4
801,1
802,17
803,18
804,5
805,17
806,13
807,15
808,1
809,11
810,4
811,5
812,17
813,18
814,18
815,11
816,7
817,2
818,1
819,18
820,3
821,13
822,19
823,4
824,6
825,15
826,5
827,1
828,4
829,19
830,18
831,8
832,18
833,6
834,17
835,17
836,4
837,9
838,11
839,13
840,15
841,15
842,15
843,2
844,19
845,4
846,17
847,4
848,1
849,12
850,5
851,19
852,15
853,11
854,2
855,6
856,17
857,2
858,17
859,15
860,18
861,13
862,14
863,6
864,17
865,19
866,19
867,18
868,15
869,19
870,15
871,6
872,18
873,18
874,20
875,7
876,12
877,15
878,5
879,17
880,4
881,8
882,1
883,15
884,13
885,6
886,6
887,7
888,13
889,4
890,3
891,8
892,2
893,14
894,3
895,5
896,4
897,4
898,6
899,11
900,4
901,7
902,13
903,5
904,17
905,8
906,1
907,2
908,17
909,4
910,13
911,17
912,10
913,13
914,11
915,19
916,15
917,19
918,7
919,2
920,5
921,3
922,18
923,7
924,2
925,8
926,17
927,5
928,13
929,15
930,15
931,18
932,6
933,3
934,5
935,18
936,1
937,13
938,2
939,18
940,7
941,1
942,4
943,5
944,1
945,5
946,4
947,15
948,13
949,17
950,5
951,19
952,2
953,12
954,6
955,4
956,15
957,2
958,5
959,5
960,15
961,11
962,19
963,11
964,3
965,18
966,18
967,7
968,5
969,19
970,6
971,4
972,5
973,18
974,2
975,1
976,1
977,17
978,3
979,15
980,15
981,6
982,5
983,19
984,7
985,3
986,2
987,18
988,6
989,6
990,1
991,13
992,15
993,4
994,1
995,19
996,12
997,5
998,5
999,6
1000,3
