1,10
2,6
3,13
4,10
5,10
6,24
7,20
8,10
9,24
10,8
11,22
12,10
13,16
14,26
15,14
16,13
17,20
18,13
19,20
20,11
21,23
22,26
23,26
24,2
25,24
26,7
27,23
28,23
29,11
30,13
31,21
32,23
33,13
34,25
35,21
36,10
37,12
38,8
39,11
40,2
41,10
42,14
43,13
44,13
45,17
46,19
47,19
48,4
49,26
50,7
51,9
52,20
53,21
54,26
55,24
56,9
57,23
58,13
59,16
60,26
61,11
62,2
63,13
64,20
65,23
66,25
67,18
68,15
69,20
70,3
71,18
72,6
73,23
74,1
75,17
76,26
77,14
78,22
79,17
80,24
81,9
82,3
83,11
84,22
85,5
86,24
87,12
88,22
89,10
90,22
91,20
92,10
93,17
94,21
95,5
96,13
97,24
98,14
99,25
100,11
101,26
102,12
103,15
104,16
105,21
106,6
107,2
108,17
109,4
110,21
111,21
112,3
113,23
114,26
115,23
116,13
117,7
118,13
119,21
120,17
121,11
122,18
123,20
124,18
125,10
126,7
127,26
128,16
129,1
130,23
131,23
132,3
133,23
134,12
135,17
136,21
137,10
138,10
139,25
140,12
141,25
142,15
143,13
144,1
145,4
146,21
147,23
148,14
149,23
150,13
151,8
152,16
153,4
154,3
155,26
156,17
157,26
158,10
159,12
160,14
161,26
162,10
163,19
164,13
165,13
166,10
167,2
168,17
169,13
170,13
171,19
172,13
173,23
174,4
175,21
176,20
177,17
178,17
179,22
180,4
181,17
182,20
183,3
184,13
185,2
186,12
187,7
188,1
189,6
190,10
191,19
192,9
193,26
194,19
195,20
196,26
197,14
198,24
199,14
200,11
201,10
202,13
203,10
204,22
205,10
206,25
207,23
208,16
209,13
210,26
211,11
212,16
213,15
214,10
215,10
216,23
217,6
218,26
219,23
220,23
221,10
222,17
223,20
224,24
225,23
226,20
227,16
228,26
229,20
230,12
231,4
232,11
233,10
234,17
235,25
236,17
237,9
238,5
239,26
240,21
241,12
242,2
243,23
244,23
245,13
246,23
247,3
248,26
249,26
250,5
251,14
252,13
253,16
254,19
255,20
256,24
257,20
258,26
259,23
260,26
261,20
262,2
263,1
264,26
265,26
266,20
267,23
268,26
269,21
270,4
271,17
272,24
273,10
274,14
275,26
276,23
277,12
278,22
279,21
280,17
281,23
282,21
283,5
284,17
285,21
286,11
287,20
288,26
289,12
290,21
291,5
292,14
293,5
294,18
295,21
296,15
297,14
298,23
299,25
300,21
301,21
302,24
303,11
304,17
305,26
306,15
307,11
308,26
309,17
310,16
311,24
312,21
313,22
314,15
315,10
316,25
317,23
318,11
319,17
320,14
321,6
322,26
323,10
324,1
325,5
326,17
327,13
328,10
329,3
330,14
331,24
332,20
333,5
334,19
335,23
336,13
337,19
338,10
339,3
340,25
341,26
342,17
343,9
344,3
345,22
346,24
347,8
348,10
349,22
350,8
351,12
352,21
353,19
354,12
355,21
356,14
357,22
358,25
359,24
360,12
361,20
362,26
363,26
364,10
365,14
366,19
367,9
368,19
369,17
370,9
371,13
372,4
373,17
374,26
375,5
376,23
377,10
378,7
379,20
380,16
381,20
382,26
383,5
384,19
385,12
386,8
387,22
388,17
389,8
390,22
391,25
392,20
393,3
394,16
395,24
396,6
397,20
398,14
399,25
400,10
401,12
402,4
403,22
404,10
405,3
406,12
407,10
408,10
409,26
410,18
411,21
412,23
413,14
414,12
415,12
416,19
417,23
418,9
419,10
420,21
421,20
422,17
423,14
424,23
425,20
426,15
427,6
428,10
429,17
430,17
431,22
432,14
433,1
434,24
435,10
436,3
437,22
438,26
439,11
440,21
441,11
442,26
443,5
444,14
445,14
446,23
447,26
448,12
449,14
450,14
451,3
452,13
453,18
454,22
455,25
456,10
457,12
458,12
459,3
460,14
461,20
462,13
463,20
464,21
465,21
466,26
467,13
468,13
469,4
470,23
471,17
472,24
473,22
474,10
475,20
476,12
477,10
478,7
479,23
480,3
481,11
482,17
483,7
484,8
485,14
486,26
487,20
488,16
489,1
490,23
491,4
492,11
493,10
494,26
495,21
496,21
497,5
498,6
499,25
500,26
501,24
502,15
503,22
504,23
505,14
506,5
507,16
508,11
509,25
510,2
511,26
512,17
513,23
514,26
515,26
516,1
517,24
518,13
519,20
520,24
521,24
522,10
523,26
524,23
525,26
526,11
527,21
528,13
529,3
530,9
531,14
532,26
533,20
534,3
535,25
536,17
537,3
538,23
539,10
540,26
541,19
542,10
543,10
544,3
545,20
546,2
547,18
548,9
549,6
550,2
551,12
552,22
553,10
554,21
555,17
556,13
557,5
558,21
559,1
560,22
561,10
562,23
563,21
564,20
565,20
566,4
567,12
568,16
569,12
570,5
571,23
572,13
573,21
574,21
575,12
576,12
577,10
578,7
579,23
580,16
581,10
582,26
583,23
584,22
585,10
586,20
587,23
588,3
589,24
590,14
591,10
592,22
593,4
594,24
595,14
596,10
597,26
598,5
599,22
600,13
601,16
602,26
603,23
604,7
605,10
606,22
607,13
608,16
609,18
610,12
611,22
612,18
613,21
614,12
615,18
616,23
617,1
618,17
619,17
620,1
621,16
622,10
623,22
624,23
625,26
626,12
627,11
628,20
629,15
630,10
631,11
632,23
633,17
634,23
635,8
636,15
637,6
638,20
639,20
640,11
641,10
642,5
643,18
644,19
645,21
646,25
647,23
648,8
649,10
650,10
651,6
652,12
653,3
654,16
655,23
656,14
657,9
658,15
659,10
660,12
661,22
662,10
663,26
664,12
665,13
666,3
667,18
668,12
669,10
670,26
671,9
672,12
673,22
674,9
675,25
676,21
677,19
678,20
679,17
680,13
681,26
682,11
683,18
684,12
685,16
686,9
687,10
688,25
689,24
690,23
691,8
692,14
693,12
694,26
695,17
696,26
697,13
698,22
699,19
700,23
701,13
702,12
703,10
704,7
705,17
706,23
707,21
708,10
709,12
710,26
711,10
712,26
713,17
714,21
715,14
716,8
717,3
718,10
719,12
720,14
721,23
722,17
723,18
724,23
725,4
726,8
727,26
728,13
729,5
730,14
731,3
732,20
733,10
734,20
735,3
736,15
737,22
738,17
739,13
740,2
741,24
742,26
743,5
744,22
745,12
746,25
747,14
748,12
749,10
750,23
751,10
752,13
753,11
754,14
755,23
756,23
757,5
758,10
759,13
760,10
761,5
762,17
763,16
764,18
765,26
766,23
767,16
768,9
769,21
770,18
771,12
772,21
773,10
774,23
775,16
776,17
777,3
778,26
779,10
780,1
781,22
782,20
783,17
784,23
785,26
786,16
787,26
788,3
789,22
790,24
791,26
792,14
793,1
794,12
795,23
796,4
797,22
798,17
799,16
800,26
801,21
802,9
803,22
804,24
805,6
806,22
807,21
808,21
809,25
810,10
811,17
812,23
813,26
814,20
815,4
816,23
817,9
818,10
819,21
820,17
821,24
822,10
823,11
824,12
825,24
826,5
827,16
828,20
829,21
830,5
831,23
832,13
833,22
834,26
835,16
836,3
837,1
838,13
839,20
840,11
841,4
842,24
843,24
844,23
845,25
846,9
847,20
848,10
849,13
850,5
851,23
852,24
853,20
854,22
855,17
856,23
857,26
858,10
859,20
860,24
861,20
862,14
863,10
864,20
865,10
866,26
867,23
868,21
869,22
870,22
871,23
872,24
873,21
874,10
875,26
876,22
877,24
878,22
879,24
880,17
881,16
882,22
883,23
884,18
885,5
886,26
887,24
888,26
889,23
890,12
891,21
892,5
893,26
894,10
895,21
896,22
897,14
898,11
899,26
900,26
901,24
902,24
903,14
904,3
905,5
906,10
907,24
908,10
909,10
910,16
911,13
912,16
913,22
914,25
915,26
916,17
917,23
918,13
919,3
920,3
921,17
922,22
923,10
924,23
925,19
926,16
927,9
928,5
929,24
930,17
931,10
932,21
933,10
934,14
935,13
936,5
937,10
938,16
939,26
940,17
941,26
942,10
943,23
944,24
945,9
946,17
947,24
948,25
949,3
950,25
951,13
952,13
953,25
954,22
955,22
956,17
957,21
958,14
959,13
960,9
961,26
962,5
963,23
964,22
965,20
966,21
967,16
968,20
969,22
970,14
971,17
972,14
973,13
974,10
975,24
976,10
977,26
978,25
979,24
980,16
981,17
982,26
983,21
984,26
985,21
986,20
987,23
988,21
989,26
990,14
991,22
992,26
993,17
994,23
995,17
996,10
997,16
998,14
999,26
1000,25
