1,26
2,18
3,4
4,20
5,4
6,21
7,24
8,2
9,16
10,24
11,24
12,13
13,6
14,1
15,4
16,2
17,6
18,10
19,15
20,10
21,10
22,13
23,10
24,1
25,14
26,16
27,14
28,23
29,12
30,16
31,15
32,22
33,3
34,12
35,4
36,5
37,17
38,9
39,3
40,9
41,19
42,13
43,10
44,7
45,12
46,18
47,9
48,24
49,12
50,2
51,19
52,19
53,16
54,2
55,2
56,13
57,13
58,23
59,16
60,19
61,6
62,16
63,5
64,13
65,7
66,20
67,2
68,7
69,16
70,13
71,25
72,21
73,24
74,4
75,7
76,4
77,8
78,6
79,16
80,11
81,22
82,23
83,22
84,24
85,15
86,7
87,5
88,4
89,5
90,26
91,22
92,16
93,9
94,15
95,9
96,17
97,1
98,24
99,22
100,9
101,7
102,18
103,6
104,12
105,2
106,20
107,10
108,9
109,24
110,17
111,19
112,23
113,10
114,18
115,12
116,10
117,3
118,16
119,26
120,19
121,16
122,1
123,14
124,16
125,7
126,20
127,8
128,9
129,13
130,6
131,16
132,9
133,21
134,2
135,12
136,14
137,14
138,18
139,16
140,24
141,9
142,26
143,7
144,5
145,18
146,16
147,9
148,16
149,2
150,20
151,5
152,1
153,10
154,5
155,24
156,24
157,11
158,10
159,8
160,16
161,12
162,18
163,2
164,23
165,26
166,20
167,2
168,9
169,10
170,18
171,10
172,16
173,2
174,4
175,19
176,6
177,10
178,5
179,1
180,17
181,9
182,22
183,13
184,24
185,25
186,10
187,1
188,10
189,10
190,22
191,13
192,19
193,2
194,9
195,6
196,16
197,19
198,6
199,9
200,4
201,1
202,2
203,23
204,6
205,22
206,22
207,5
208,9
209,8
210,9
211,10
212,10
213,3
214,3
215,5
216,6
217,9
218,13
219,22
220,18
221,5
222,6
223,20
224,16
225,16
226,9
227,1
228,20
229,12
230,2
231,9
232,16
233,12
234,11
235,20
236,5
237,2
238,19
239,25
240,19
241,10
242,9
243,14
244,16
245,15
246,16
247,13
248,10
249,4
250,25
251,9
252,21
253,21
254,18
255,5
256,5
257,16
258,15
259,1
260,7
261,13
262,1
263,24
264,16
265,16
266,10
267,1
268,13
269,12
270,3
271,25
272,9
273,10
274,9
275,10
276,9
277,26
278,26
279,25
280,17
281,10
282,8
283,9
284,19
285,1
286,19
287,14
288,12
289,3
290,24
291,16
292,12
293,3
294,9
295,15
296,11
297,22
298,13
299,2
300,22
301,22
302,2
303,23
304,6
305,8
306,21
307,5
308,20
309,20
310,9
311,10
312,5
313,4
314,18
315,2
316,4
317,23
318,10
319,23
320,15
321,7
322,19
323,6
324,13
325,7
326,21
327,6
328,8
329,11
330,1
331,13
332,2
333,22
334,26
335,11
336,26
337,2
338,2
339,20
340,17
341,2
342,6
343,8
344,3
345,15
346,21
347,11
348,20
349,16
350,5
351,17
352,20
353,20
354,19
355,4
356,6
357,5
358,2
359,5
360,15
361,5
362,18
363,21
364,2
365,2
366,18
367,20
368,16
369,25
370,3
371,7
372,26
373,19
374,2
375,18
376,23
377,17
378,19
379,4
380,16
381,9
382,9
383,7
384,25
385,20
386,18
387,21
388,16
389,10
390,4
391,9
392,10
393,8
394,4
395,1
396,3
397,6
398,16
399,4
400,12
401,9
402,25
403,13
404,18
405,16
406,2
407,25
408,11
409,6
410,6
411,1
412,14
413,3
414,16
415,9
416,19
417,14
418,2
419,12
420,9
421,12
422,18
423,13
424,7
425,25
426,5
427,8
428,9
429,26
430,3
431,21
432,4
433,26
434,10
435,19
436,6
437,7
438,13
439,15
440,21
441,14
442,5
443,10
444,9
445,10
446,9
447,7
448,1
449,26
450,22
451,19
452,21
453,12
454,21
455,12
456,18
457,13
458,4
459,3
460,25
461,22
462,9
463,10
464,17
465,16
466,9
467,2
468,6
469,2
470,20
471,6
472,26
473,4
474,4
475,26
476,17
477,1
478,9
479,11
480,22
481,6
482,12
483,18
484,14
485,17
486,14
487,16
488,7
489,17
490,9
491,3
492,17
493,1
494,20
495,10
496,16
497,16
498,6
499,24
500,16
501,2
502,23
503,10
504,5
505,3
506,3
507,26
508,20
509,20
510,24
511,21
512,12
513,6
514,19
515,5
516,12
517,17
518,17
519,6
520,2
521,9
522,5
523,10
524,4
525,9
526,18
527,5
528,13
529,20
530,8
531,2
532,16
533,17
534,12
535,2
536,5
537,9
538,14
539,24
540,1
541,18
542,9
543,15
544,15
545,22
546,9
547,11
548,15
549,19
550,9
551,20
552,1
553,15
554,5
555,5
556,12
557,13
558,12
559,9
560,19
561,9
562,15
563,17
564,1
565,7
566,20
567,24
568,26
569,10
570,10
571,11
572,23
573,16
574,4
575,6
576,15
577,7
578,16
579,10
580,12
581,5
582,6
583,9
584,16
585,19
586,11
587,20
588,9
589,3
590,6
591,6
592,7
593,3
594,2
595,2
596,10
597,9
598,13
599,10
600,15
601,21
602,9
603,8
604,17
605,19
606,10
607,18
608,17
609,22
610,26
611,10
612,9
613,3
614,12
615,9
616,24
617,22
618,22
619,9
620,16
621,9
622,14
623,20
624,21
625,2
626,25
627,8
628,2
629,19
630,10
631,3
632,9
633,16
634,10
635,21
636,16
637,16
638,17
639,16
640,26
641,3
642,5
643,4
644,2
645,2
646,12
647,10
648,2
649,20
650,10
651,16
652,22
653,20
654,9
655,26
656,17
657,10
658,9
659,5
660,8
661,9
662,7
663,9
664,15
665,5
666,10
667,7
668,13
669,22
670,18
671,10
672,22
673,16
674,2
675,5
676,17
677,20
678,19
679,21
680,22
681,10
682,4
683,15
684,22
685,2
686,6
687,21
688,3
689,2
690,2
691,16
692,7
693,2
694,6
695,6
696,12
697,8
698,2
699,18
700,2
701,5
702,12
703,15
704,1
705,6
706,7
707,10
708,20
709,9
710,10
711,24
712,9
713,20
714,9
715,5
716,16
717,2
718,18
719,4
720,19
721,7
722,10
723,7
724,21
725,19
726,16
727,6
728,19
729,3
730,3
731,10
732,10
733,9
734,2
735,9
736,16
737,2
738,9
739,15
740,18
741,17
742,20
743,5
744,9
745,3
746,18
747,6
748,26
749,18
750,22
751,12
752,22
753,12
754,3
755,9
756,2
757,20
758,8
759,7
760,6
761,9
762,13
763,12
764,7
765,26
766,6
767,2
768,4
769,18
770,4
771,16
772,2
773,2
774,20
775,4
776,9
777,9
778,3
779,12
780,16
781,16
782,22
783,6
784,22
785,6
786,20
787,17
788,9
789,18
790,16
791,18
792,24
793,16
794,20
795,20
796,12
797,16
798,21
799,4
800,13
801,5
802,9
803,2
804,19
805,9
806,10
807,22
808,21
809,15
810,7
811,12
812,2
813,12
814,15
815,4
816,17
817,21
818,9
819,13
820,17
821,22
822,2
823,2
824,22
825,5
826,12
827,5
828,21
829,3
830,21
831,24
832,1
833,12
834,5
835,19
836,17
837,10
838,9
839,24
840,16
841,17
842,6
843,9
844,7
845,12
846,10
847,10
848,16
849,12
850,2
851,17
852,3
853,4
854,22
855,3
856,17
857,9
858,10
859,15
860,10
861,22
862,17
863,2
864,19
865,26
866,2
867,10
868,9
869,22
870,26
871,18
872,10
873,22
874,2
875,2
876,4
877,20
878,24
879,10
880,6
881,12
882,6
883,16
884,4
885,16
886,19
887,6
888,10
889,9
890,18
891,12
892,16
893,4
894,16
895,3
896,10
897,6
898,5
899,3
900,19
901,17
902,6
903,7
904,2
905,3
906,18
907,21
908,4
909,21
910,12
911,5
912,17
913,9
914,9
915,9
916,17
917,22
918,9
919,10
920,4
921,9
922,4
923,5
924,19
925,6
926,18
927,16
928,20
929,20
930,9
931,5
932,17
933,10
934,12
935,9
936,6
937,19
938,9
939,16
940,20
941,9
942,17
943,5
944,9
945,18
946,10
947,10
948,16
949,9
950,22
951,4
952,9
953,6
954,16
955,10
956,6
957,6
958,22
959,6
960,10
961,6
962,20
963,4
964,19
965,10
966,16
967,12
968,2
969,22
970,3
971,17
972,3
973,22
974,12
975,3
976,19
977,9
978,16
979,12
980,22
981,22
982,6
983,2
984,10
985,16
986,2
987,2
988,10
989,20
990,9
991,10
992,16
993,10
994,9
995,2
996,12
997,5
998,4
999,9
1000,16
