1,4
2,14
3,24
4,14
5,8
6,20
7,6
8,18
9,7
10,26
11,7
12,26
13,8
14,8
15,16
16,11
17,17
18,22
19,4
20,10
21,7
22,15
23,5
24,14
25,26
26,20
27,6
28,18
29,10
30,4
31,24
32,4
33,13
34,17
35,8
36,24
37,11
38,16
39,8
40,20
41,22
42,1
43,12
44,24
45,4
46,18
47,20
48,22
49,10
50,1
51,9
52,8
53,13
54,7
55,4
56,7
57,20
58,13
59,5
60,8
61,14
62,12
63,25
64,26
65,19
66,16
67,18
68,16
69,10
70,12
71,15
72,25
73,20
74,16
75,16
76,11
77,25
78,21
79,22
80,3
81,13
82,1
83,15
84,8
85,5
86,18
87,21
88,1
89,7
90,4
91,10
92,11
93,3
94,10
95,19
96,13
97,9
98,5
99,1
100,12
101,8
102,8
103,4
104,22
105,3
106,12
107,24
108,21
109,5
110,18
111,4
112,8
113,23
114,20
115,19
116,19
117,11
118,26
119,13
120,8
121,22
122,19
123,16
124,25
125,14
126,20
127,8
128,22
129,9
130,23
131,10
132,11
133,17
134,4
135,9
136,15
137,15
138,19
139,7
140,13
141,20
142,1
143,11
144,8
145,20
146,20
147,2
148,16
149,7
150,22
151,16
152,19
153,9
154,14
155,25
156,25
157,22
158,20
159,11
160,1
161,13
162,15
163,5
164,23
165,24
166,24
167,25
168,15
169,23
170,22
171,2
172,17
173,20
174,14
175,8
176,11
177,17
178,9
179,9
180,21
181,21
182,7
183,7
184,17
185,23
186,5
187,23
188,1
189,5
190,4
191,1
192,20
193,17
194,24
195,2
196,20
197,17
198,19
199,5
200,10
201,10
202,3
203,10
204,1
205,13
206,15
207,22
208,17
209,2
210,1
211,23
212,12
213,15
214,11
215,4
216,26
217,6
218,2
219,9
220,26
221,21
222,16
223,12
224,5
225,15
226,20
227,25
228,10
229,25
230,23
231,3
232,17
233,5
234,25
235,7
236,19
237,25
238,12
239,3
240,3
241,25
242,16
243,18
244,17
245,25
246,12
247,8
248,8
249,16
250,20
251,19
252,26
253,18
254,7
255,20
256,16
257,24
258,3
259,3
260,3
261,3
262,20
263,18
264,25
265,7
266,20
267,12
268,26
269,19
270,6
271,12
272,9
273,2
274,4
275,5
276,2
277,14
278,19
279,9
280,7
281,3
282,20
283,9
284,7
285,3
286,14
287,6
288,2
289,12
290,23
291,12
292,19
293,23
294,20
295,2
296,5
297,24
298,3
299,13
300,2
301,18
302,5
303,7
304,13
305,25
306,13
307,23
308,3
309,13
310,26
311,5
312,8
313,20
314,13
315,25
316,3
317,8
318,25
319,20
320,5
321,25
322,23
323,24
324,4
325,5
326,23
327,26
328,5
329,7
330,12
331,23
332,16
333,8
334,6
335,9
336,12
337,3
338,20
339,23
340,26
341,3
342,6
343,18
344,13
345,25
346,20
347,14
348,16
349,23
350,20
351,7
352,2
353,3
354,20
355,25
356,12
357,23
358,12
359,25
360,18
361,16
362,8
363,21
364,21
365,4
366,9
367,12
368,23
369,8
370,12
371,3
372,3
373,24
374,12
375,23
376,25
377,8
378,25
379,6
380,3
381,13
382,13
383,4
384,24
385,9
386,16
387,4
388,12
389,26
390,16
391,12
392,23
393,18
394,8
395,14
396,4
397,8
398,25
399,3
400,16
401,16
402,20
403,20
404,3
405,16
406,21
407,25
408,12
409,9
410,20
411,5
412,12
413,25
414,5
415,9
416,6
417,21
418,25
419,3
420,7
421,16
422,23
423,4
424,4
425,21
426,4
427,16
428,14
429,16
430,24
431,20
432,8
433,24
434,8
435,3
436,16
437,9
438,13
439,16
440,2
441,9
442,6
443,23
444,20
445,4
446,25
447,7
448,4
449,20
450,20
451,25
452,4
453,3
454,25
455,7
456,20
457,12
458,16
459,23
460,6
461,8
462,8
463,8
464,5
465,14
466,3
467,25
468,25
469,23
470,20
471,8
472,13
473,12
474,12
475,13
476,2
477,5
478,14
479,9
480,8
481,5
482,23
483,20
484,5
485,14
486,25
487,7
488,6
489,12
490,20
491,4
492,25
493,23
494,3
495,24
496,24
497,13
498,4
499,8
500,13
501,7
502,5
503,12
504,2
505,3
506,14
507,25
508,20
509,20
510,21
511,8
512,14
513,24
514,7
515,8
516,13
517,21
518,3
519,8
520,25
521,4
522,23
523,16
524,3
525,4
526,23
527,13
528,23
529,4
530,12
531,13
532,20
533,23
534,12
535,2
536,4
537,24
538,8
539,12
540,20
541,9
542,12
543,8
544,8
545,25
546,9
547,4
548,23
549,20
550,14
551,3
552,21
553,20
554,4
555,3
556,12
557,8
558,4
559,24
560,8
561,6
562,21
563,7
564,4
565,3
566,21
567,21
568,20
569,8
570,7
571,8
572,14
573,20
574,23
575,4
576,8
577,3
578,5
579,3
580,9
581,6
582,20
583,6
584,12
585,7
586,7
587,21
588,3
589,16
590,21
591,12
592,25
593,13
594,9
595,8
596,20
597,20
598,7
599,13
600,4
601,12
602,23
603,23
604,20
605,16
606,25
607,16
608,20
609,5
610,16
611,8
612,9
613,8
614,8
615,25
616,6
617,13
618,24
619,21
620,8
621,21
622,14
623,8
624,4
625,3
626,8
627,4
628,21
629,14
630,8
631,9
632,16
633,5
634,4
635,13
636,8
637,20
638,4
639,21
640,7
641,12
642,4
643,21
644,4
645,25
646,25
647,5
648,12
649,12
650,8
651,13
652,23
653,12
654,6
655,3
656,23
657,9
658,21
659,4
660,14
661,25
662,14
663,20
664,25
665,4
666,12
667,3
668,8
669,5
670,7
671,4
672,13
673,7
674,16
675,20
676,8
677,20
678,7
679,6
680,21
681,6
682,13
683,9
684,13
685,16
686,16
687,3
688,23
689,4
690,20
691,13
692,8
693,16
694,14
695,7
696,24
697,8
698,7
699,8
700,14
701,4
702,21
703,20
704,16
705,4
706,4
707,4
708,5
709,5
710,14
711,23
712,4
713,4
714,25
715,23
716,9
717,12
718,5
719,20
720,20
721,12
722,13
723,4
724,4
725,8
726,21
727,20
728,20
729,12
730,16
731,16
732,9
733,5
734,14
735,21
736,7
737,9
738,4
739,5
740,16
741,24
742,12
743,25
744,20
745,14
746,14
747,8
748,25
749,7
750,25
751,25
752,23
753,8
754,4
755,8
756,12
757,23
758,5
759,12
760,5
761,14
762,13
763,20
764,4
765,4
766,9
767,8
768,5
769,3
770,13
771,5
772,25
773,20
774,3
775,20
776,20
777,8
778,8
779,12
780,3
781,8
782,8
783,8
784,3
785,21
786,12
787,3
788,20
789,8
790,25
791,5
792,14
793,20
794,25
795,5
796,3
797,13
798,21
799,9
800,8
801,3
802,8
803,23
804,3
805,23
806,20
807,4
808,23
809,21
810,13
811,16
812,8
813,20
814,14
815,3
816,20
817,12
818,14
819,16
820,25
821,23
822,5
823,12
824,13
825,13
826,13
827,20
828,8
829,23
830,8
831,5
832,20
833,13
834,12
835,13
836,8
837,9
838,8
839,7
840,21
841,5
842,13
843,12
844,7
845,16
846,7
847,20
848,23
849,5
850,5
851,8
852,23
853,4
854,8
855,13
856,3
857,16
858,4
859,21
860,3
861,21
862,25
863,20
864,25
865,13
866,20
867,23
868,25
869,13
870,25
871,8
872,3
873,5
874,21
875,16
876,13
877,16
878,25
879,12
880,16
881,12
882,13
883,8
884,13
885,16
886,7
887,7
888,7
889,23
890,4
891,4
892,7
893,3
894,4
895,8
896,5
897,7
898,13
899,3
900,4
901,23
902,3
903,25
904,8
905,4
906,23
907,20
908,4
909,4
910,16
911,5
912,23
913,4
914,8
915,25
916,3
917,23
918,3
919,16
920,12
921,7
922,13
923,25
924,20
925,12
926,25
927,3
928,25
929,4
930,12
931,23
932,3
933,16
934,13
935,20
936,20
937,8
938,4
939,12
940,16
941,20
942,7
943,8
944,16
945,13
946,3
947,23
948,3
949,25
950,16
951,20
952,8
953,23
954,16
955,8
956,20
957,5
958,8
959,23
960,8
961,13
962,4
963,4
964,4
965,3
966,8
967,3
968,20
969,4
970,13
971,12
972,23
973,8
974,3
975,8
976,16
977,8
978,3
979,13
980,13
981,12
982,16
983,20
984,4
985,20
986,20
987,23
988,8
989,8
990,8
991,8
992,20
993,8
994,8
995,4
996,20
997,16
998,4
999,23
1000,4
