1,14
2,5
3,9
4,2
5,14
6,20
7,7
8,14
9,17
10,7
11,11
12,14
13,10
14,11
15,1
16,14
17,14
18,17
19,6
20,18
21,7
22,13
23,14
24,6
25,19
26,9
27,1
28,7
29,16
30,19
31,11
32,3
33,10
34,6
35,17
36,2
37,8
38,6
39,4
40,16
41,7
42,1
43,21
44,14
45,2
46,6
47,12
48,6
49,1
50,6
51,1
52,12
53,11
54,19
55,14
56,11
57,1
58,1
59,15
60,1
61,1
62,14
63,3
64,11
65,10
66,11
67,16
68,1
69,14
70,18
71,12
72,13
73,1
74,1
75,6
76,19
77,11
78,9
79,6
80,12
81,1
82,19
83,10
84,2
85,6
86,7
87,11
88,1
89,1
90,13
91,6
92,1
93,2
94,8
95,4
96,17
97,17
98,4
99,2
100,1
101,1
102,10
103,3
104,4
105,10
106,4
107,15
108,14
109,8
110,6
111,14
112,15
113,2
114,1
115,1
116,17
117,17
118,5
119,11
120,14
121,8
122,18
123,13
124,19
125,18
126,11
127,1
128,15
129,1
130,2
131,13
132,1
133,14
134,8
135,14
136,17
137,7
138,14
139,16
140,2
141,14
142,5
143,2
144,21
145,15
146,17
147,11
148,6
149,19
150,20
151,2
152,1
153,12
154,15
155,20
156,14
157,9
158,6
159,9
160,17
161,2
162,11
163,11
164,13
165,15
166,9
167,3
168,14
169,2
170,16
171,1
172,17
173,15
174,2
175,2
176,17
177,17
178,21
179,13
180,21
181,10
182,17
183,6
184,9
185,5
186,3
187,19
188,11
189,14
190,17
191,2
192,1
193,17
194,6
195,4
196,9
197,9
198,6
199,20
200,19
201,15
202,1
203,14
204,11
205,13
206,2
207,2
208,19
209,5
210,17
211,2
212,6
213,18
214,1
215,12
216,2
217,19
218,1
219,1
220,2
221,1
222,14
223,7
224,19
225,15
226,14
227,21
228,11
229,12
230,1
231,17
232,5
233,21
234,8
235,17
236,12
237,12
238,13
239,12
240,7
241,1
242,14
243,10
244,13
245,14
246,17
247,9
248,14
249,13
250,12
251,2
252,11
253,4
254,13
255,7
256,9
257,17
258,18
259,7
260,17
261,7
262,15
263,4
264,14
265,16
266,20
267,8
268,12
269,10
270,14
271,8
272,12
273,6
274,16
275,20
276,8
277,17
278,2
279,12
280,1
281,11
282,2
283,15
284,14
285,17
286,17
287,20
288,7
289,6
290,12
291,6
292,6
293,16
294,19
295,11
296,12
297,1
298,3
299,8
300,7
301,6
302,1
303,11
304,2
305,12
306,8
307,17
308,6
309,7
310,1
311,1
312,17
313,14
314,21
315,1
316,6
317,18
318,7
319,8
320,14
321,12
322,19
323,13
324,15
325,4
326,21
327,16
328,3
329,1
330,11
331,11
332,18
333,11
334,6
335,11
336,2
337,1
338,19
339,18
340,3
341,11
342,14
343,6
344,20
345,11
346,17
347,1
348,6
349,2
350,19
351,1
352,6
353,19
354,6
355,19
356,9
357,15
358,13
359,4
360,14
361,1
362,6
363,12
364,6
365,17
366,11
367,13
368,20
369,4
370,11
371,11
372,15
373,4
374,1
375,14
376,1
377,6
378,3
379,19
380,19
381,12
382,9
383,12
384,9
385,12
386,14
387,18
388,3
389,7
390,7
391,14
392,5
393,18
394,4
395,17
396,4
397,16
398,10
399,21
400,6
401,19
402,1
403,12
404,2
405,12
406,6
407,8
408,1
409,12
410,17
411,10
412,10
413,10
414,6
415,1
416,20
417,17
418,4
419,8
420,8
421,14
422,14
423,12
424,6
425,1
426,5
427,19
428,2
429,19
430,19
431,14
432,17
433,17
434,1
435,3
436,2
437,19
438,14
439,7
440,1
441,19
442,11
443,5
444,21
445,11
446,6
447,2
448,6
449,7
450,15
451,17
452,7
453,16
454,11
455,14
456,6
457,14
458,15
459,2
460,14
461,15
462,12
463,18
464,15
465,17
466,11
467,11
468,17
469,1
470,20
471,6
472,19
473,12
474,1
475,21
476,17
477,19
478,4
479,16
480,13
481,6
482,3
483,7
484,7
485,8
486,7
487,7
488,14
489,7
490,17
491,6
492,13
493,4
494,12
495,4
496,1
497,2
498,6
499,16
500,14
501,6
502,12
503,1
504,20
505,7
506,11
507,7
508,20
509,14
510,1
511,6
512,2
513,3
514,8
515,2
516,9
517,1
518,17
519,5
520,17
521,7
522,10
523,1
524,11
525,2
526,9
527,6
528,11
529,21
530,12
531,11
532,3
533,3
534,13
535,17
536,21
537,14
538,14
539,7
540,13
541,15
542,9
543,6
544,14
545,13
546,7
547,7
548,6
549,15
550,10
551,6
552,17
553,17
554,14
555,3
556,17
557,10
558,5
559,1
560,11
561,2
562,12
563,12
564,14
565,11
566,12
567,11
568,21
569,14
570,15
571,14
572,21
573,2
574,13
575,3
576,1
577,8
578,19
579,2
580,9
581,4
582,1
583,6
584,1
585,11
586,15
587,13
588,14
589,9
590,6
591,6
592,11
593,12
594,5
595,1
596,5
597,17
598,19
599,1
600,8
601,7
602,14
603,6
604,6
605,7
606,4
607,7
608,17
609,13
610,19
611,7
612,15
613,3
614,19
615,14
616,2
617,13
618,3
619,11
620,5
621,19
622,10
623,10
624,7
625,12
626,7
627,12
628,17
629,10
630,4
631,17
632,7
633,19
634,7
635,11
636,17
637,2
638,17
639,11
640,14
641,21
642,7
643,4
644,5
645,10
646,5
647,14
648,2
649,17
650,3
651,2
652,17
653,1
654,17
655,12
656,3
657,16
658,7
659,6
660,12
661,4
662,11
663,11
664,6
665,19
666,16
667,8
668,12
669,19
670,10
671,14
672,3
673,1
674,13
675,21
676,15
677,4
678,12
679,12
680,9
681,16
682,9
683,16
684,21
685,7
686,7
687,12
688,1
689,5
690,16
691,2
692,13
693,14
694,17
695,19
696,11
697,12
698,14
699,17
700,6
701,14
702,11
703,2
704,14
705,15
706,10
707,2
708,2
709,15
710,21
711,7
712,7
713,16
714,12
715,10
716,17
717,19
718,8
719,6
720,6
721,3
722,14
723,7
724,3
725,9
726,21
727,1
728,16
729,6
730,12
731,11
732,9
733,8
734,19
735,7
736,14
737,7
738,6
739,14
740,10
741,19
742,11
743,11
744,6
745,14
746,17
747,3
748,14
749,7
750,12
751,2
752,17
753,13
754,7
755,16
756,6
757,12
758,13
759,5
760,6
761,19
762,5
763,16
764,9
765,11
766,14
767,4
768,17
769,17
770,15
771,16
772,15
773,14
774,19
775,2
776,14
777,3
778,2
779,12
780,11
781,14
782,11
783,14
784,15
785,1
786,1
787,14
788,7
789,12
790,2
791,8
792,7
793,2
794,12
795,17
796,8
797,6
798,19
799,9
800,13
801,12
802,14
803,3
804,14
805,15
806,19
807,17
808,1
809,2
810,17
811,16
812,12
813,4
814,4
815,1
816,4
817,14
818,12
819,9
820,2
821,19
822,1
823,1
824,10
825,19
826,17
827,2
828,7
829,7
830,11
831,14
832,1
833,15
834,2
835,11
836,7
837,6
838,6
839,7
840,17
841,11
842,6
843,14
844,4
845,15
846,7
847,14
848,3
849,14
850,14
851,11
852,1
853,13
854,6
855,9
856,1
857,13
858,2
859,11
860,2
861,16
862,2
863,4
864,2
865,1
866,4
867,1
868,1
869,2
870,2
871,3
872,15
873,17
874,1
875,1
876,11
877,7
878,11
879,14
880,17
881,6
882,1
883,2
884,14
885,9
886,6
887,7
888,15
889,13
890,17
891,2
892,6
893,9
894,19
895,1
896,15
897,17
898,6
899,17
900,1
901,2
902,11
903,4
904,14
905,17
906,4
907,17
908,12
909,14
910,6
911,6
912,7
913,6
914,7
915,17
916,2
917,12
918,19
919,14
920,11
921,1
922,6
923,14
924,19
925,11
926,13
927,2
928,11
929,6
930,15
931,15
932,14
933,13
934,6
935,11
936,19
937,15
938,1
939,17
940,13
941,17
942,12
943,6
944,13
945,17
946,7
947,14
948,6
949,1
950,2
951,17
952,6
953,11
954,12
955,15
956,14
957,17
958,15
959,2
960,1
961,11
962,19
963,11
964,1
965,19
966,11
967,17
968,17
969,19
970,1
971,11
972,17
973,7
974,11
975,1
976,11
977,17
978,6
979,17
980,11
981,1
982,14
983,7
984,6
985,11
986,11
987,2
988,17
989,7
990,6
991,19
992,14
993,17
994,19
995,14
996,19
997,2
998,11
999,17
1000,1
