1,38
2,63
3,41
4,56
5,73
6,32
7,45
8,67
9,69
10,34
11,1
12,22
13,47
14,67
15,57
16,53
17,70
18,13
19,64
20,24
21,7
22,63
23,37
24,31
25,7
26,37
27,73
28,65
29,55
30,71
31,19
32,55
33,22
34,5
35,66
36,59
37,64
38,48
39,40
40,49
41,65
42,37
43,24
44,65
45,65
46,64
47,37
48,37
49,71
50,45
51,48
52,49
53,10
54,43
55,69
56,48
57,66
58,64
59,13
60,43
61,44
62,55
63,13
64,33
65,23
66,63
67,2
68,19
69,48
70,61
71,41
72,54
73,14
74,11
75,64
76,37
77,43
78,66
79,19
80,50
81,58
82,12
83,53
84,8
85,40
86,72
87,56
88,10
89,12
90,62
91,40
92,30
93,27
94,3
95,69
96,55
97,49
98,24
99,35
100,6
101,72
102,7
103,14
104,49
105,38
106,46
107,9
108,42
109,13
110,26
111,35
112,23
113,38
114,38
115,53
116,38
117,56
118,66
119,55
120,22
121,12
122,24
123,68
124,7
125,59
126,34
127,19
128,45
129,64
130,7
131,36
132,21
133,51
134,59
135,54
136,27
137,18
138,58
139,37
140,62
141,61
142,7
143,55
144,35
145,52
146,53
147,69
148,24
149,50
150,34
151,55
152,60
153,9
154,22
155,23
156,40
157,7
158,63
159,15
160,65
161,40
162,7
163,48
164,11
165,10
166,13
167,20
168,72
169,67
170,39
171,60
172,71
173,13
174,35
175,57
176,34
177,53
178,51
179,25
180,30
181,10
182,63
183,67
184,35
185,14
186,47
187,30
188,69
189,22
190,13
191,59
192,55
193,33
194,73
195,4
196,31
197,10
198,57
199,74
200,34
201,72
202,62
203,69
204,61
205,29
206,17
207,40
208,59
209,13
210,53
211,17
212,53
213,69
214,1
215,50
216,31
217,68
218,43
219,37
220,21
221,69
222,22
223,35
224,27
225,4
226,35
227,22
228,65
229,58
230,13
231,42
232,64
233,54
234,66
235,15
236,60
237,29
238,30
239,48
240,35
241,20
242,33
243,30
244,24
245,16
246,46
247,61
248,18
249,9
250,62
251,3
252,25
253,51
254,45
255,35
256,7
257,30
258,36
259,41
260,70
261,8
262,19
263,22
264,11
265,5
266,67
267,74
268,55
269,69
270,59
271,18
272,37
273,61
274,19
275,61
276,20
277,66
278,61
279,23
280,12
281,65
282,66
283,58
284,63
285,47
286,7
287,18
288,66
289,45
290,72
291,29
292,38
293,74
294,12
295,66
296,28
297,7
298,21
299,41
300,40
301,55
302,24
303,55
304,4
305,35
306,48
307,2
308,20
309,37
310,44
311,12
312,29
313,8
314,35
315,24
316,41
317,20
318,13
319,53
320,72
321,61
322,66
323,60
324,28
325,70
326,30
327,73
328,40
329,54
330,2
331,59
332,72
333,9
334,35
335,9
336,24
337,69
338,29
339,2
340,66
341,29
342,73
343,13
344,12
345,16
346,69
347,73
348,69
349,34
350,32
351,61
352,17
353,15
354,55
355,45
356,37
357,48
358,60
359,38
360,56
361,71
362,72
363,58
364,30
365,35
366,73
367,72
368,65
369,24
370,41
371,41
372,46
373,34
374,37
375,16
376,1
377,10
378,38
379,29
380,12
381,22
382,41
383,70
384,16
385,66
386,36
387,65
388,62
389,11
390,24
391,55
392,2
393,40
394,37
395,38
396,70
397,60
398,13
399,41
400,66
401,51
402,59
403,9
404,71
405,72
406,49
407,58
408,70
409,67
410,12
411,58
412,58
413,9
414,14
415,30
416,21
417,55
418,60
419,68
420,10
421,43
422,14
423,27
424,61
425,40
426,22
427,58
428,12
429,6
430,29
431,16
432,24
433,35
434,8
435,12
436,27
437,49
438,72
439,38
440,72
441,31
442,13
443,35
444,37
445,57
446,67
447,2
448,30
449,58
450,20
451,41
452,66
453,11
454,42
455,7
456,20
457,66
458,22
459,4
460,6
461,34
462,40
463,24
464,37
465,12
466,41
467,38
468,20
469,14
470,36
471,7
472,12
473,7
474,61
475,62
476,10
477,22
478,67
479,45
480,61
481,43
482,47
483,27
484,39
485,41
486,55
487,49
488,28
489,47
490,16
491,8
492,34
493,22
494,39
495,13
496,67
497,24
498,66
499,24
500,27
501,9
502,8
503,58
504,55
505,7
506,61
507,59
508,38
509,61
510,63
511,14
512,20
513,28
514,1
515,4
516,68
517,36
518,49
519,7
520,1
521,43
522,7
523,22
524,22
525,26
526,64
527,63
528,4
529,59
530,3
531,49
532,6
533,64
534,19
535,37
536,10
537,24
538,62
539,5
540,55
541,51
542,23
543,16
544,52
545,38
546,20
547,40
548,65
549,30
550,5
551,44
552,35
553,46
554,63
555,72
556,37
557,46
558,35
559,34
560,27
561,53
562,36
563,39
564,41
565,53
566,57
567,24
568,38
569,46
570,35
571,58
572,70
573,10
574,45
575,1
576,66
577,70
578,20
579,40
580,43
581,36
582,33
583,38
584,53
585,13
586,41
587,22
588,24
589,3
590,23
591,30
592,50
593,19
594,5
595,23
596,49
597,12
598,24
599,5
600,30
601,10
602,12
603,53
604,65
605,55
606,17
607,9
608,73
609,37
610,66
611,22
612,27
613,22
614,43
615,63
616,37
617,67
618,29
619,17
620,8
621,55
622,3
623,55
624,69
625,16
626,45
627,51
628,66
629,22
630,40
631,25
632,67
633,61
634,34
635,43
636,18
637,30
638,28
639,37
640,73
641,35
642,53
643,64
644,7
645,74
646,53
647,40
648,26
649,6
650,45
651,4
652,28
653,34
654,18
655,66
656,41
657,68
658,10
659,36
660,17
661,12
662,53
663,41
664,41
665,37
666,26
667,19
668,22
669,41
670,55
671,11
672,69
673,9
674,18
675,45
676,68
677,70
678,63
679,64
680,53
681,1
682,50
683,10
684,33
685,22
686,8
687,33
688,42
689,63
690,53
691,44
692,57
693,47
694,13
695,30
696,13
697,34
698,30
699,22
700,53
701,72
702,65
703,25
704,25
705,56
706,21
707,20
708,18
709,69
710,58
711,38
712,7
713,69
714,26
715,69
716,61
717,50
718,58
719,14
720,74
721,67
722,12
723,6
724,6
725,54
726,37
727,17
728,50
729,35
730,71
731,62
732,45
733,29
734,52
735,13
736,67
737,9
738,67
739,37
740,19
741,15
742,72
743,13
744,43
745,47
746,12
747,72
748,24
749,58
750,66
751,53
752,55
753,69
754,40
755,12
756,22
757,55
758,24
759,9
760,24
761,36
762,65
763,63
764,65
765,57
766,40
767,35
768,40
769,31
770,8
771,17
772,72
773,24
774,19
775,65
776,38
777,50
778,7
779,22
780,28
781,40
782,10
783,74
784,22
785,26
786,9
787,72
788,67
789,50
790,50
791,19
792,59
793,45
794,19
795,57
796,20
797,66
798,69
799,34
800,69
801,30
802,21
803,65
804,21
805,67
806,37
807,16
808,11
809,7
810,47
811,59
812,45
813,33
814,34
815,21
816,15
817,15
818,25
819,32
820,41
821,53
822,19
823,1
824,10
825,72
826,47
827,63
828,42
829,3
830,47
831,59
832,9
833,42
834,22
835,55
836,26
837,22
838,45
839,16
840,66
841,44
842,61
843,55
844,67
845,61
846,68
847,57
848,72
849,58
850,45
851,55
852,34
853,25
854,53
855,10
856,65
857,66
858,51
859,20
860,57
861,72
862,24
863,20
864,9
865,13
866,74
867,40
868,55
869,28
870,41
871,49
872,59
873,69
874,53
875,13
876,61
877,58
878,12
879,24
880,61
881,10
882,6
883,31
884,19
885,64
886,30
887,32
888,18
889,52
890,22
891,55
892,21
893,65
894,24
895,21
896,53
897,18
898,29
899,18
900,9
901,56
902,51
903,39
904,14
905,33
906,3
907,40
908,63
909,46
910,69
911,40
912,40
913,66
914,11
915,28
916,64
917,12
918,58
919,44
920,45
921,27
922,12
923,72
924,24
925,34
926,51
927,58
928,20
929,69
930,69
931,13
932,49
933,65
934,10
935,6
936,13
937,53
938,63
939,37
940,31
941,29
942,7
943,37
944,41
945,23
946,40
947,7
948,74
949,13
950,55
951,35
952,72
953,22
954,41
955,41
956,72
957,19
958,73
959,54
960,33
961,45
962,51
963,64
964,71
965,30
966,41
967,43
968,13
969,2
970,73
971,71
972,35
973,57
974,65
975,49
976,66
977,63
978,41
979,45
980,55
981,35
982,41
983,49
984,66
985,10
986,19
987,40
988,38
989,68
990,55
991,55
992,63
993,67
994,64
995,38
996,60
997,59
998,34
999,41
1000,6
1001,44
1002,22
1003,37
1004,22
1005,39
1006,55
1007,58
1008,40
1009,7
1010,20
1011,15
1012,63
1013,62
1014,9
1015,7
1016,41
1017,47
1018,24
1019,67
1020,73
1021,71
1022,25
1023,2
1024,30
1025,51
1026,37
1027,41
1028,72
1029,28
1030,65
1031,34
1032,46
1033,13
1034,65
1035,33
1036,2
1037,1
1038,67
1039,63
1040,72
1041,44
1042,74
1043,20
1044,12
1045,40
1046,65
1047,35
1048,21
1049,41
1050,17
1051,55
1052,13
1053,43
1054,20
1055,9
1056,4
1057,49
1058,60
1059,48
1060,58
1061,20
1062,67
1063,59
1064,69
1065,40
1066,61
1067,34
1068,65
1069,36
1070,60
1071,48
1072,58
1073,4
1074,41
1075,24
1076,12
1077,66
1078,20
1079,42
1080,68
1081,54
1082,64
1083,41
1084,22
1085,10
1086,44
1087,46
1088,37
1089,37
1090,24
1091,20
1092,1
1093,9
1094,28
1095,30
1096,5
1097,45
1098,69
1099,70
1100,69
1101,71
1102,73
1103,33
1104,10
1105,52
1106,41
1107,63
1108,8
1109,66
1110,53
1111,55
1112,69
1113,65
1114,58
1115,14
1116,65
1117,17
1118,69
1119,22
1120,1
1121,63
1122,32
1123,49
1124,42
1125,52
1126,66
1127,24
1128,15
1129,5
1130,12
1131,60
1132,41
1133,32
1134,46
1135,57
1136,56
1137,64
1138,10
1139,26
1140,24
1141,37
1142,20
1143,54
1144,58
1145,51
1146,8
1147,72
1148,68
1149,41
1150,24
1151,38
1152,45
1153,12
1154,69
1155,34
1156,5
1157,10
1158,34
1159,72
1160,53
1161,58
1162,11
1163,20
1164,59
1165,68
1166,12
1167,32
1168,23
1169,30
1170,39
1171,41
1172,61
1173,36
1174,39
1175,32
1176,25
1177,13
1178,13
1179,65
1180,66
1181,8
1182,66
1183,63
1184,11
1185,57
1186,58
1187,57
1188,38
1189,25
1190,11
1191,12
1192,61
1193,38
1194,30
1195,60
1196,60
1197,27
1198,53
1199,26
1200,33
1201,30
1202,58
1203,74
1204,56
1205,10
1206,53
1207,22
1208,62
1209,55
1210,23
1211,65
1212,62
1213,45
1214,5
1215,10
1216,50
1217,33
1218,43
1219,40
1220,53
1221,68
1222,3
1223,53
1224,41
1225,59
1226,22
1227,3
1228,43
1229,56
1230,42
1231,25
1232,58
1233,39
1234,71
1235,69
1236,21
1237,29
1238,65
1239,41
1240,12
1241,58
1242,56
1243,2
1244,62
1245,61
1246,63
1247,57
1248,55
1249,35
1250,32
1251,12
1252,69
1253,60
1254,3
1255,14
1256,50
1257,61
1258,30
1259,45
1260,33
1261,57
1262,19
1263,56
1264,68
1265,49
1266,73
1267,24
1268,52
1269,28
1270,66
1271,5
1272,44
1273,60
1274,20
1275,42
1276,40
1277,69
1278,52
1279,4
1280,65
1281,39
1282,40
1283,16
1284,22
1285,43
1286,68
1287,60
1288,72
1289,29
1290,72
1291,22
1292,62
1293,9
1294,22
1295,41
1296,61
1297,58
1298,72
1299,9
1300,37
1301,67
1302,37
1303,54
1304,51
1305,25
1306,66
1307,60
1308,36
1309,26
1310,52
1311,64
1312,65
1313,51
1314,59
1315,15
1316,51
1317,72
1318,19
1319,41
1320,37
1321,58
1322,46
1323,60
1324,24
1325,68
1326,12
1327,22
1328,37
1329,35
1330,8
1331,63
1332,66
1333,6
1334,63
1335,7
1336,27
1337,43
1338,65
1339,61
1340,56
1341,32
1342,57
1343,63
1344,66
1345,18
1346,63
1347,37
1348,37
1349,65
1350,56
1351,41
1352,24
1353,65
1354,20
1355,30
1356,40
1357,37
1358,69
1359,49
1360,64
1361,56
1362,20
1363,66
1364,20
1365,66
1366,55
1367,40
1368,67
1369,69
1370,55
1371,57
1372,52
1373,51
1374,46
1375,63
1376,63
1377,65
1378,55
1379,67
1380,70
1381,67
1382,59
1383,40
1384,33
1385,67
1386,66
1387,37
1388,34
1389,9
1390,65
1391,12
1392,24
1393,23
1394,58
1395,4
1396,53
1397,24
1398,23
1399,41
1400,43
1401,45
1402,48
1403,37
1404,42
1405,73
1406,17
1407,30
1408,23
1409,9
1410,40
1411,66
1412,54
1413,50
1414,9
1415,19
1416,65
1417,23
1418,41
1419,31
1420,31
1421,3
1422,48
1423,19
1424,30
1425,20
1426,59
1427,13
1428,20
1429,24
1430,68
1431,69
1432,39
1433,69
1434,22
1435,37
1436,38
1437,33
1438,63
1439,35
1440,33
1441,22
1442,35
1443,58
1444,27
1445,29
1446,31
1447,7
1448,6
1449,55
1450,69
1451,8
1452,15
1453,53
1454,49
1455,4
1456,40
1457,3
1458,69
1459,59
1460,20
1461,56
1462,66
1463,49
1464,13
1465,69
1466,69
1467,7
1468,55
1469,59
1470,53
1471,41
1472,19
1473,67
1474,2
1475,69
1476,63
1477,7
1478,57
1479,10
1480,72
1481,55
1482,49
1483,41
1484,51
1485,54
1486,2
1487,24
1488,65
1489,66
1490,22
1491,33
1492,12
1493,39
1494,35
1495,22
1496,61
1497,57
1498,61
1499,32
1500,13
1501,6
1502,64
1503,13
1504,69
1505,57
1506,21
1507,32
1508,9
1509,30
1510,30
1511,56
1512,10
1513,55
1514,58
1515,20
1516,29
1517,28
1518,9
1519,66
1520,67
1521,52
1522,70
1523,31
1524,32
1525,19
1526,37
1527,41
1528,69
1529,22
1530,63
1531,49
1532,26
1533,63
1534,45
1535,65
1536,39
1537,30
1538,56
1539,15
1540,55
1541,65
1542,35
1543,9
1544,64
1545,69
1546,68
1547,12
1548,59
1549,22
1550,35
1551,57
1552,2
1553,25
1554,51
1555,4
1556,27
1557,48
1558,11
1559,57
1560,62
1561,57
1562,30
1563,32
1564,73
1565,7
1566,51
1567,53
1568,12
1569,70
1570,63
1571,5
1572,53
1573,37
1574,61
1575,40
1576,27
1577,20
1578,51
1579,41
1580,63
1581,35
1582,17
1583,40
1584,11
1585,62
1586,67
1587,57
1588,41
1589,38
1590,65
1591,20
1592,30
1593,40
1594,25
1595,32
1596,58
1597,50
1598,22
1599,41
1600,63
1601,5
1602,33
1603,15
1604,63
1605,65
1606,52
1607,35
1608,43
1609,52
1610,66
1611,20
1612,23
1613,24
1614,73
1615,62
1616,15
1617,55
1618,12
1619,37
1620,53
1621,55
1622,49
1623,39
1624,63
1625,12
1626,2
1627,72
1628,69
1629,7
1630,53
1631,72
1632,13
1633,61
1634,26
1635,11
1636,66
1637,30
1638,19
1639,49
1640,24
1641,19
1642,36
1643,20
1644,61
1645,42
1646,41
1647,32
1648,54
1649,12
1650,58
1651,57
1652,51
1653,63
1654,65
1655,50
1656,72
1657,19
1658,39
1659,41
1660,66
1661,29
1662,37
1663,66
1664,55
1665,38
1666,22
1667,30
1668,36
1669,43
1670,7
1671,10
1672,42
1673,22
1674,13
1675,58
1676,53
1677,20
1678,53
1679,35
1680,41
1681,5
1682,57
1683,41
1684,4
1685,45
1686,42
1687,39
1688,24
1689,68
1690,48
1691,23
1692,62
1693,12
1694,40
1695,41
1696,38
1697,35
1698,34
1699,9
1700,55
1701,7
1702,55
1703,34
1704,54
1705,20
1706,61
1707,25
1708,64
1709,37
1710,12
1711,23
1712,65
1713,61
1714,30
1715,45
1716,32
1717,60
1718,7
1719,37
1720,41
1721,65
1722,73
1723,70
1724,42
1725,66
1726,72
1727,20
1728,52
1729,37
1730,69
1731,68
1732,59
1733,38
1734,7
1735,70
1736,24
1737,63
1738,66
1739,34
1740,72
1741,70
1742,19
1743,50
1744,57
1745,65
1746,7
1747,61
1748,53
1749,66
1750,65
1751,12
1752,13
1753,61
1754,35
1755,38
1756,7
1757,65
1758,41
1759,31
1760,37
1761,57
1762,65
1763,73
1764,51
1765,50
1766,53
1767,67
1768,30
1769,10
1770,30
1771,17
1772,36
1773,37
1774,9
1775,66
1776,69
1777,6
1778,51
1779,55
1780,58
1781,7
1782,42
1783,7
1784,15
1785,59
1786,13
1787,67
1788,49
1789,73
1790,37
1791,22
1792,66
1793,48
1794,35
1795,40
1796,37
1797,37
1798,58
1799,38
1800,63
1801,40
1802,72
1803,2
1804,38
1805,61
1806,7
1807,12
1808,20
1809,19
1810,45
1811,40
1812,11
1813,24
1814,39
1815,34
1816,7
1817,69
1818,57
1819,13
1820,64
1821,72
1822,66
1823,12
1824,5
1825,24
1826,66
1827,24
1828,68
1829,20
1830,12
1831,50
1832,17
1833,62
1834,10
1835,22
1836,34
1837,72
1838,9
1839,59
1840,30
1841,41
1842,30
1843,63
1844,31
1845,48
1846,42
1847,53
1848,41
1849,2
1850,53
1851,58
1852,72
1853,12
1854,24
1855,67
1856,22
1857,65
1858,24
1859,15
1860,11
1861,7
1862,51
1863,68
1864,73
1865,55
1866,40
1867,57
1868,63
1869,40
1870,15
1871,34
1872,13
1873,49
1874,65
1875,11
1876,27
1877,13
1878,70
1879,32
1880,10
1881,37
1882,30
1883,59
1884,19
1885,35
1886,40
1887,4
1888,45
1889,9
1890,52
1891,34
1892,68
1893,73
1894,37
1895,58
1896,13
1897,20
1898,13
1899,55
1900,45
1901,43
1902,10
1903,60
1904,54
1905,69
1906,64
1907,24
1908,12
1909,55
1910,41
1911,22
1912,59
1913,23
1914,12
1915,62
1916,32
1917,31
1918,69
1919,10
1920,48
1921,61
1922,52
1923,65
1924,12
1925,72
1926,4
1927,43
1928,70
1929,20
1930,32
1931,53
1932,35
1933,30
1934,61
1935,30
1936,9
1937,59
1938,54
1939,22
1940,38
1941,6
1942,40
1943,59
1944,26
1945,7
1946,59
1947,38
1948,58
1949,26
1950,63
1951,6
1952,53
1953,55
1954,70
1955,20
1956,9
1957,68
1958,26
1959,20
1960,43
1961,22
1962,70
1963,4
1964,41
1965,7
1966,31
1967,40
1968,30
1969,40
1970,73
1971,60
1972,40
1973,58
1974,55
1975,59
1976,65
1977,53
1978,55
1979,27
1980,63
1981,31
1982,30
1983,19
1984,37
1985,55
1986,34
1987,45
1988,56
1989,9
1990,19
1991,37
1992,61
1993,69
1994,63
1995,41
1996,61
1997,43
1998,40
1999,20
2000,63
2001,64
2002,39
2003,12
2004,39
2005,12
2006,66
2007,62
2008,53
2009,10
2010,57
2011,72
2012,51
2013,58
2014,9
2015,66
2016,63
2017,49
2018,34
2019,12
2020,45
2021,60
2022,60
2023,43
2024,45
2025,13
2026,72
2027,9
2028,65
2029,32
2030,15
2031,63
2032,41
2033,42
2034,37
2035,61
2036,53
2037,30
2038,60
2039,13
2040,72
2041,36
2042,4
2043,59
2044,20
2045,65
2046,10
2047,64
2048,68
2049,50
2050,63
2051,63
2052,65
2053,69
2054,7
2055,69
2056,39
2057,67
2058,66
2059,13
2060,53
2061,33
2062,59
2063,55
2064,19
2065,55
2066,45
2067,22
2068,12
2069,39
2070,64
2071,55
2072,67
2073,7
2074,58
2075,23
2076,26
2077,65
2078,15
2079,12
2080,24
2081,65
2082,48
2083,5
2084,42
2085,5
2086,69
2087,52
2088,57
2089,55
2090,55
2091,64
2092,57
2093,42
2094,20
2095,37
2096,62
2097,38
2098,72
2099,48
2100,43
2101,63
2102,63
2103,20
2104,70
2105,61
2106,41
2107,35
2108,72
2109,55
2110,12
2111,68
2112,53
2113,37
2114,66
2115,61
2116,64
2117,43
2118,41
2119,26
2120,34
2121,66
2122,67
2123,24
2124,55
2125,63
2126,51
2127,43
2128,41
2129,22
2130,19
2131,12
2132,50
2133,59
2134,24
2135,35
2136,37
2137,55
2138,50
2139,72
2140,12
2141,32
2142,15
2143,22
2144,55
2145,50
2146,41
2147,58
2148,49
2149,45
2150,20
2151,30
2152,45
2153,53
2154,36
2155,29
2156,37
2157,52
2158,43
2159,37
2160,23
2161,7
2162,65
2163,38
2164,60
2165,19
2166,57
2167,40
2168,63
2169,66
2170,22
2171,61
2172,59
2173,37
2174,33
2175,11
2176,63
2177,49
2178,40
2179,58
2180,62
2181,11
2182,56
2183,30
2184,11
2185,61
2186,59
2187,68
2188,48
2189,69
2190,69
2191,12
2192,12
2193,35
2194,72
2195,45
2196,50
2197,69
2198,42
2199,66
2200,50
2201,72
2202,57
2203,40
2204,22
2205,53
2206,5
2207,26
2208,5
2209,9
2210,24
2211,39
2212,42
2213,13
2214,22
2215,53
2216,49
2217,53
2218,22
2219,22
2220,55
2221,22
2222,43
2223,35
2224,19
2225,45
2226,49
2227,49
2228,53
2229,9
2230,48
2231,55
2232,31
2233,34
2234,64
2235,32
2236,72
2237,60
2238,57
2239,62
2240,35
2241,39
2242,7
2243,35
2244,60
2245,32
2246,65
2247,4
2248,48
2249,45
2250,31
2251,53
2252,69
2253,40
2254,26
2255,13
2256,65
2257,43
2258,41
2259,20
2260,24
2261,35
2262,23
2263,34
2264,11
2265,65
2266,70
2267,43
2268,63
2269,45
2270,72
2271,19
2272,56
2273,69
2274,68
2275,29
2276,55
2277,30
2278,52
2279,67
2280,70
2281,64
2282,13
2283,9
2284,55
2285,20
2286,22
2287,41
2288,20
2289,37
2290,66
2291,24
2292,12
2293,69
2294,73
2295,58
2296,72
2297,10
2298,58
2299,68
2300,41
2301,72
2302,19
2303,53
2304,50
2305,41
2306,45
2307,45
2308,58
2309,42
2310,24
2311,35
2312,20
2313,30
2314,53
2315,62
2316,34
2317,40
2318,63
2319,66
2320,20
2321,20
2322,41
2323,41
2324,66
2325,67
2326,11
2327,66
2328,39
2329,59
2330,26
2331,59
2332,69
2333,37
2334,73
2335,45
2336,45
2337,26
2338,58
2339,57
2340,69
2341,41
2342,5
2343,34
2344,49
2345,45
2346,10
2347,48
2348,4
2349,45
2350,10
2351,53
2352,66
2353,68
2354,40
2355,65
2356,58
2357,38
2358,45
2359,42
2360,73
2361,52
2362,72
2363,30
2364,12
2365,41
2366,41
2367,41
2368,32
2369,10
2370,55
2371,23
2372,37
2373,40
2374,55
2375,24
2376,12
2377,68
2378,35
2379,13
2380,63
2381,61
2382,61
2383,67
2384,24
2385,43
2386,63
2387,12
2388,59
2389,65
2390,58
2391,70
2392,48
2393,37
2394,42
2395,45
2396,58
2397,69
2398,53
2399,55
2400,12
2401,57
2402,33
2403,41
2404,66
2405,66
2406,12
2407,69
2408,55
2409,58
2410,65
2411,13
2412,13
2413,37
2414,7
2415,50
2416,38
2417,61
2418,7
2419,59
2420,50
2421,63
2422,69
2423,72
2424,24
2425,19
2426,35
2427,45
2428,70
2429,51
2430,72
2431,72
2432,38
2433,38
2434,12
2435,53
2436,62
2437,32
2438,69
2439,7
2440,49
2441,70
2442,37
2443,37
2444,37
2445,35
2446,41
2447,10
2448,12
2449,58
2450,20
2451,45
2452,12
2453,64
2454,24
2455,60
2456,32
2457,51
2458,51
2459,13
2460,51
2461,7
2462,58
2463,57
2464,41
2465,55
2466,24
2467,32
2468,72
2469,69
2470,35
2471,57
2472,53
2473,62
2474,59
2475,64
2476,57
2477,51
2478,11
2479,10
2480,66
2481,59
2482,10
2483,7
2484,24
2485,69
2486,12
2487,38
2488,40
2489,13
2490,32
2491,48
2492,63
2493,53
2494,55
2495,13
2496,60
2497,22
2498,49
2499,72
2500,57
2501,37
2502,41
2503,69
2504,7
2505,58
2506,12
2507,48
2508,49
2509,58
2510,68
2511,59
2512,67
2513,49
2514,34
2515,66
2516,11
2517,13
2518,43
2519,59
2520,24
2521,13
2522,62
2523,49
2524,24
2525,20
2526,37
2527,41
2528,11
2529,48
2530,57
2531,60
2532,67
2533,12
2534,12
2535,7
2536,60
2537,24
2538,58
2539,67
2540,57
2541,63
2542,37
2543,58
2544,51
2545,59
2546,72
2547,61
2548,58
2549,55
2550,24
2551,19
2552,66
2553,35
2554,66
2555,34
2556,35
2557,59
2558,55
2559,43
2560,49
2561,22
2562,64
2563,49
2564,72
2565,12
2566,34
2567,22
2568,37
2569,30
2570,72
2571,49
2572,22
2573,57
2574,69
2575,65
2576,68
2577,66
2578,64
2579,48
2580,67
2581,69
2582,40
2583,35
2584,37
2585,63
2586,12
2587,64
2588,41
2589,73
2590,34
2591,45
2592,57
2593,10
2594,66
2595,67
2596,72
2597,69
2598,35
2599,42
2600,32
2601,58
2602,12
2603,72
2604,24
2605,35
2606,60
2607,65
2608,42
2609,41
2610,58
2611,40
2612,12
2613,48
2614,69
2615,63
2616,22
2617,57
2618,12
2619,53
2620,41
2621,10
2622,68
2623,24
2624,55
2625,9
2626,69
2627,65
2628,22
2629,24
2630,68
2631,65
2632,59
2633,9
2634,49
2635,68
2636,73
2637,41
2638,69
2639,58
2640,13
2641,63
2642,53
2643,45
2644,30
2645,19
2646,35
2647,60
2648,10
2649,38
2650,63
2651,45
2652,45
2653,65
2654,72
2655,42
2656,13
2657,7
2658,60
2659,50
2660,70
2661,72
2662,37
2663,12
2664,58
2665,42
2666,65
2667,72
2668,42
2669,65
2670,51
2671,40
2672,35
2673,7
2674,45
2675,73
2676,37
2677,35
2678,60
2679,45
2680,37
2681,19
2682,24
2683,53
2684,49
2685,9
2686,59
2687,65
2688,41
2689,57
2690,55
2691,43
2692,53
2693,72
2694,49
2695,59
2696,22
2697,12
2698,41
2699,59
2700,37
2701,59
2702,12
2703,32
2704,35
2705,22
2706,32
2707,22
2708,37
2709,45
2710,61
2711,20
2712,12
2713,65
2714,64
2715,41
2716,73
2717,13
2718,55
2719,66
2720,69
2721,24
2722,59
2723,64
2724,65
2725,10
2726,55
2727,32
2728,35
2729,20
2730,58
2731,13
2732,13
2733,58
2734,7
2735,24
2736,72
2737,48
2738,30
2739,30
2740,59
2741,38
2742,7
2743,69
2744,12
2745,55
2746,66
2747,35
2748,53
2749,24
2750,68
2751,53
2752,51
2753,35
2754,13
2755,57
2756,63
2757,73
2758,43
2759,30
2760,43
2761,7
2762,65
2763,64
2764,49
2765,65
2766,51
2767,32
2768,19
2769,60
2770,59
2771,63
2772,30
2773,65
2774,41
2775,58
2776,51
2777,35
2778,9
2779,24
2780,43
2781,41
2782,43
2783,10
2784,61
2785,43
2786,68
2787,64
2788,37
2789,38
2790,65
2791,68
2792,9
2793,7
2794,30
2795,53
2796,53
2797,37
2798,63
2799,58
2800,35
2801,41
2802,45
2803,64
2804,10
2805,35
2806,7
2807,57
2808,72
2809,22
2810,45
2811,19
2812,63
2813,61
2814,45
2815,41
2816,66
2817,10
2818,69
2819,57
2820,59
2821,61
2822,58
2823,22
2824,49
2825,13
2826,72
2827,45
2828,45
2829,53
2830,37
2831,69
2832,45
2833,32
2834,63
2835,35
2836,35
2837,24
2838,55
2839,9
2840,38
2841,43
2842,37
2843,38
2844,55
2845,65
2846,57
2847,58
2848,9
2849,63
2850,67
2851,9
2852,9
2853,65
2854,55
2855,58
2856,65
2857,58
2858,20
2859,35
2860,32
2861,30
2862,38
2863,35
2864,49
2865,24
2866,13
2867,22
2868,41
2869,24
2870,72
2871,66
2872,22
2873,45
2874,40
2875,65
2876,59
2877,38
2878,40
2879,20
2880,55
2881,22
2882,7
2883,34
2884,59
2885,63
2886,63
2887,32
2888,35
2889,13
2890,61
2891,58
2892,37
2893,20
2894,22
2895,66
2896,68
2897,32
2898,38
2899,53
2900,67
2901,49
2902,37
2903,7
2904,35
2905,19
2906,40
2907,68
2908,65
2909,35
2910,58
2911,35
2912,45
2913,41
2914,35
2915,61
2916,59
2917,67
2918,63
2919,45
2920,53
2921,43
2922,72
2923,66
2924,10
2925,61
2926,55
2927,40
2928,58
2929,10
2930,22
2931,43
2932,24
2933,20
2934,49
2935,64
2936,66
2937,37
2938,59
2939,37
2940,57
2941,57
2942,37
2943,69
2944,45
2945,10
2946,72
2947,63
2948,64
2949,43
2950,63
2951,58
2952,69
2953,53
2954,22
2955,64
2956,24
2957,66
2958,55
2959,41
2960,41
2961,38
2962,41
2963,69
2964,37
2965,43
2966,24
2967,65
2968,55
2969,65
2970,55
2971,13
2972,69
2973,30
2974,61
2975,59
2976,24
2977,65
2978,55
2979,55
2980,20
2981,43
2982,12
2983,58
2984,55
2985,35
2986,66
2987,59
2988,37
2989,9
2990,30
2991,12
2992,24
2993,58
2994,12
2995,65
2996,65
2997,72
2998,69
2999,12
3000,38
