1,15
2,70
3,57
4,46
5,1
6,96
7,56
8,101
9,48
10,93
11,71
12,72
13,104
14,57
15,78
16,57
17,3
18,34
19,90
20,26
21,63
22,11
23,48
24,57
25,94
26,76
27,32
28,81
29,32
30,21
31,6
32,47
33,77
34,98
35,18
36,71
37,11
38,62
39,28
40,36
41,61
42,82
43,48
44,10
45,7
46,30
47,43
48,61
49,85
50,77
51,72
52,10
53,11
54,43
55,9
56,4
57,30
58,84
59,6
60,77
61,51
62,61
63,57
64,11
65,86
66,57
67,71
68,71
69,85
70,72
71,96
72,98
73,48
74,6
75,31
76,73
77,89
78,97
79,5
80,31
81,4
82,90
83,45
84,10
85,57
86,95
87,48
88,43
89,27
90,96
91,66
92,24
93,20
94,65
95,72
96,98
97,32
98,72
99,57
100,10
101,26
102,27
103,78
104,14
105,56
106,88
107,65
108,63
109,60
110,60
111,12
112,78
113,80
114,27
115,8
116,23
117,20
118,39
119,63
120,20
121,95
122,94
123,89
124,28
125,47
126,11
127,57
128,87
129,18
130,75
131,60
132,87
133,36
134,66
135,48
136,63
137,84
138,97
139,104
140,86
141,48
142,86
143,48
144,44
145,5
146,95
147,85
148,13
149,29
150,13
151,102
152,2
153,101
154,104
155,20
156,64
157,63
158,97
159,8
160,61
161,59
162,70
163,63
164,79
165,73
166,85
167,86
168,70
169,102
170,75
171,5
172,51
173,71
174,61
175,20
176,5
177,78
178,24
179,24
180,46
181,79
182,57
183,61
184,70
185,81
186,61
187,21
188,61
189,38
190,43
191,10
192,8
193,47
194,104
195,7
196,83
197,71
198,8
199,7
200,22
201,68
202,96
203,1
204,98
205,14
206,93
207,86
208,56
209,65
210,58
211,3
212,62
213,73
214,36
215,61
216,8
217,104
218,18
219,57
220,57
221,34
222,32
223,48
224,101
225,39
226,35
227,10
228,81
229,52
230,85
231,22
232,69
233,16
234,72
235,101
236,75
237,65
238,62
239,26
240,78
241,68
242,8
243,20
244,91
245,39
246,8
247,71
248,21
249,60
250,50
251,16
252,104
253,75
254,91
255,70
256,61
257,92
258,8
259,35
260,28
261,97
262,93
263,70
264,63
265,99
266,18
267,61
268,50
269,7
270,57
271,10
272,93
273,77
274,89
275,61
276,37
277,61
278,35
279,53
280,61
281,16
282,89
283,93
284,104
285,21
286,15
287,51
288,30
289,73
290,92
291,79
292,24
293,78
294,23
295,95
296,61
297,60
298,11
299,26
300,28
301,17
302,90
303,103
304,37
305,41
306,19
307,59
308,85
309,15
310,58
311,57
312,2
313,1
314,82
315,6
316,71
317,10
318,61
319,52
320,2
321,48
322,99
323,98
324,99
325,99
326,17
327,59
328,104
329,104
330,72
331,11
332,73
333,20
334,57
335,63
336,56
337,74
338,57
339,11
340,58
341,66
342,103
343,85
344,95
345,46
346,20
347,78
348,95
349,79
350,44
351,33
352,4
353,77
354,76
355,8
356,10
357,88
358,16
359,95
360,31
361,26
362,87
363,91
364,90
365,61
366,79
367,90
368,71
369,97
370,90
371,13
372,94
373,99
374,88
375,8
376,23
377,26
378,24
379,95
380,73
381,46
382,61
383,98
384,65
385,32
386,7
387,79
388,20
389,48
390,11
391,1
392,48
393,19
394,30
395,77
396,8
397,8
398,53
399,34
400,80
401,69
402,5
403,104
404,72
405,4
406,90
407,62
408,45
409,102
410,90
411,90
412,19
413,87
414,71
415,60
416,82
417,37
418,57
419,59
420,26
421,43
422,75
423,33
424,71
425,19
426,36
427,30
428,17
429,18
430,10
431,104
432,73
433,90
434,28
435,26
436,5
437,79
438,57
439,67
440,20
441,32
442,95
443,71
444,71
445,8
446,43
447,102
448,90
449,98
450,5
451,56
452,77
453,71
454,23
455,90
456,101
457,87
458,28
459,70
460,37
461,20
462,15
463,26
464,33
465,30
466,59
467,87
468,27
469,90
470,20
471,62
472,46
473,38
474,6
475,11
476,61
477,94
478,85
479,37
480,31
481,8
482,32
483,36
484,50
485,63
486,8
487,79
488,12
489,30
490,99
491,81
492,71
493,99
494,72
495,104
496,47
497,23
498,18
499,97
500,71
501,25
502,30
503,32
504,48
505,26
506,95
507,82
508,57
509,103
510,71
511,32
512,85
513,73
514,52
515,57
516,79
517,15
518,71
519,48
520,35
521,89
522,65
523,47
524,26
525,95
526,36
527,15
528,66
529,65
530,61
531,74
532,8
533,76
534,81
535,20
536,14
537,47
538,6
539,17
540,72
541,29
542,10
543,52
544,27
545,41
546,92
547,60
548,66
549,72
550,96
551,77
552,17
553,65
554,41
555,13
556,65
557,80
558,82
559,14
560,84
561,12
562,21
563,79
564,22
565,8
566,77
567,104
568,34
569,70
570,2
571,31
572,8
573,73
574,26
575,48
576,41
577,20
578,63
579,20
580,58
581,25
582,30
583,20
584,20
585,6
586,62
587,83
588,77
589,36
590,77
591,65
592,72
593,93
594,13
595,34
596,5
597,104
598,77
599,72
600,19
601,48
602,73
603,53
604,45
605,57
606,87
607,12
608,54
609,92
610,89
611,99
612,7
613,4
614,25
615,10
616,103
617,80
618,99
619,43
620,56
621,21
622,20
623,13
624,70
625,102
626,78
627,48
628,73
629,71
630,80
631,104
632,11
633,8
634,65
635,65
636,11
637,58
638,26
639,57
640,97
641,79
642,63
643,20
644,28
645,29
646,102
647,11
648,47
649,34
650,73
651,20
652,87
653,13
654,45
655,50
656,90
657,102
658,43
659,83
660,23
661,42
662,82
663,99
664,26
665,64
666,48
667,86
668,23
669,43
670,33
671,42
672,61
673,102
674,71
675,95
676,78
677,11
678,62
679,57
680,30
681,87
682,24
683,62
684,103
685,57
686,102
687,38
688,37
689,86
690,2
691,74
692,55
693,83
694,34
695,56
696,65
697,27
698,27
699,70
700,20
701,20
702,3
703,45
704,5
705,75
706,58
707,20
708,20
709,51
710,46
711,93
712,8
713,75
714,85
715,55
716,87
717,6
718,24
719,9
720,8
721,4
722,5
723,16
724,87
725,73
726,4
727,18
728,93
729,70
730,81
731,33
732,20
733,73
734,22
735,86
736,55
737,74
738,47
739,103
740,20
741,102
742,99
743,9
744,30
745,71
746,54
747,79
748,71
749,6
750,93
751,63
752,102
753,39
754,60
755,102
756,93
757,6
758,35
759,75
760,65
761,47
762,1
763,33
764,33
765,93
766,63
767,2
768,100
769,77
770,98
771,91
772,41
773,82
774,73
775,75
776,99
777,71
778,82
779,20
780,86
781,8
782,104
783,21
784,24
785,71
786,24
787,71
788,104
789,47
790,82
791,73
792,53
793,23
794,51
795,77
796,25
797,20
798,69
799,73
800,90
801,87
802,72
803,73
804,61
805,100
806,24
807,38
808,44
809,9
810,68
811,30
812,72
813,18
814,97
815,62
816,103
817,59
818,56
819,26
820,61
821,62
822,48
823,63
824,102
825,56
826,26
827,69
828,12
829,78
830,78
831,90
832,69
833,67
834,71
835,30
836,20
837,34
838,84
839,27
840,57
841,93
842,76
843,79
844,16
845,2
846,36
847,93
848,64
849,82
850,71
851,101
852,73
853,30
854,78
855,46
856,10
857,26
858,97
859,28
860,17
861,20
862,93
863,28
864,19
865,98
866,91
867,48
868,101
869,14
870,78
871,32
872,34
873,57
874,94
875,8
876,61
877,75
878,24
879,38
880,80
881,62
882,25
883,83
884,32
885,61
886,97
887,23
888,104
889,94
890,92
891,24
892,2
893,93
894,23
895,69
896,90
897,6
898,52
899,1
900,104
901,13
902,78
903,32
904,59
905,42
906,32
907,90
908,35
909,89
910,82
911,102
912,48
913,63
914,44
915,49
916,30
917,90
918,96
919,87
920,77
921,36
922,13
923,29
924,104
925,104
926,68
927,93
928,61
929,78
930,98
931,1
932,50
933,34
934,63
935,27
936,23
937,17
938,99
939,26
940,22
941,60
942,104
943,82
944,9
945,71
946,73
947,40
948,1
949,75
950,71
951,63
952,38
953,44
954,26
955,38
956,53
957,91
958,11
959,83
960,32
961,104
962,61
963,7
964,79
965,104
966,32
967,93
968,24
969,10
970,56
971,10
972,91
973,97
974,11
975,104
976,65
977,47
978,10
979,2
980,67
981,75
982,43
983,103
984,90
985,82
986,95
987,90
988,3
989,92
990,6
991,24
992,48
993,20
994,27
995,99
996,9
997,24
998,56
999,56
1000,71
1001,85
1002,85
1003,30
1004,2
1005,52
1006,54
1007,6
1008,6
1009,62
1010,104
1011,90
1012,95
1013,90
1014,70
1015,46
1016,104
1017,93
1018,16
1019,48
1020,24
1021,78
1022,95
1023,60
1024,61
1025,33
1026,70
1027,20
1028,71
1029,77
1030,3
1031,101
1032,87
1033,8
1034,61
1035,102
1036,81
1037,52
1038,28
1039,85
1040,9
1041,90
1042,73
1043,71
1044,54
1045,98
1046,56
1047,55
1048,71
1049,50
1050,85
1051,90
1052,100
1053,65
1054,80
1055,99
1056,101
1057,48
1058,65
1059,89
1060,38
1061,46
1062,95
1063,1
1064,27
1065,47
1066,24
1067,29
1068,20
1069,39
1070,45
1071,71
1072,87
1073,32
1074,11
1075,73
1076,90
1077,87
1078,85
1079,39
1080,24
1081,43
1082,61
1083,49
1084,95
1085,90
1086,51
1087,96
1088,16
1089,48
1090,95
1091,34
1092,73
1093,78
1094,75
1095,57
1096,84
1097,26
1098,76
1099,46
1100,1
1101,18
1102,87
1103,93
1104,16
1105,63
1106,87
1107,30
1108,104
1109,46
1110,35
1111,93
1112,64
1113,70
1114,71
1115,71
1116,40
1117,54
1118,87
1119,78
1120,2
1121,104
1122,85
1123,101
1124,26
1125,76
1126,86
1127,86
1128,4
1129,8
1130,6
1131,57
1132,41
1133,87
1134,43
1135,64
1136,48
1137,79
1138,60
1139,30
1140,10
1141,78
1142,33
1143,28
1144,70
1145,26
1146,98
1147,95
1148,9
1149,60
1150,71
1151,20
1152,96
1153,93
1154,75
1155,4
1156,24
1157,77
1158,25
1159,18
1160,48
1161,14
1162,75
1163,9
1164,38
1165,56
1166,19
1167,12
1168,87
1169,24
1170,104
1171,8
1172,103
1173,98
1174,90
1175,23
1176,38
1177,48
1178,80
1179,16
1180,102
1181,8
1182,63
1183,97
1184,9
1185,70
1186,1
1187,101
1188,51
1189,104
1190,99
1191,57
1192,58
1193,33
1194,48
1195,36
1196,48
1197,102
1198,63
1199,24
1200,44
1201,38
1202,56
1203,48
1204,61
1205,90
1206,12
1207,70
1208,43
1209,87
1210,71
1211,70
1212,93
1213,75
1214,38
1215,93
1216,57
1217,71
1218,104
1219,77
1220,33
1221,72
1222,66
1223,46
1224,30
1225,97
1226,86
1227,60
1228,25
1229,86
1230,77
1231,62
1232,6
1233,26
1234,87
1235,57
1236,30
1237,31
1238,61
1239,74
1240,95
1241,97
1242,73
1243,61
1244,78
1245,71
1246,57
1247,98
1248,31
1249,42
1250,10
1251,104
1252,32
1253,70
1254,30
1255,88
1256,32
1257,48
1258,53
1259,60
1260,101
1261,27
1262,95
1263,8
1264,66
1265,85
1266,91
1267,72
1268,73
1269,5
1270,61
1271,65
1272,1
1273,57
1274,10
1275,93
1276,93
1277,20
1278,99
1279,17
1280,8
1281,82
1282,77
1283,27
1284,35
1285,91
1286,60
1287,71
1288,63
1289,78
1290,48
1291,71
1292,91
1293,49
1294,81
1295,71
1296,24
1297,24
1298,79
1299,90
1300,9
1301,57
1302,43
1303,24
1304,96
1305,11
1306,95
1307,104
1308,33
1309,72
1310,63
1311,20
1312,86
1313,72
1314,23
1315,6
1316,27
1317,94
1318,97
1319,93
1320,94
1321,57
1322,30
1323,76
1324,73
1325,65
1326,24
1327,34
1328,31
1329,95
1330,43
1331,17
1332,26
1333,4
1334,102
1335,49
1336,99
1337,104
1338,93
1339,27
1340,16
1341,90
1342,98
1343,71
1344,69
1345,93
1346,90
1347,33
1348,29
1349,20
1350,95
1351,1
1352,55
1353,101
1354,3
1355,70
1356,57
1357,30
1358,73
1359,57
1360,67
1361,70
1362,79
1363,78
1364,86
1365,84
1366,12
1367,17
1368,24
1369,32
1370,34
1371,26
1372,84
1373,4
1374,8
1375,43
1376,70
1377,55
1378,88
1379,82
1380,82
1381,57
1382,86
1383,100
1384,79
1385,32
1386,77
1387,99
1388,73
1389,62
1390,51
1391,48
1392,66
1393,61
1394,93
1395,46
1396,10
1397,20
1398,66
1399,20
1400,93
1401,93
1402,77
1403,94
1404,20
1405,43
1406,71
1407,95
1408,93
1409,35
1410,101
1411,73
1412,26
1413,30
1414,97
1415,78
1416,17
1417,57
1418,23
1419,36
1420,35
1421,82
1422,30
1423,59
1424,39
1425,71
1426,100
1427,26
1428,30
1429,61
1430,98
1431,19
1432,85
1433,65
1434,65
1435,14
1436,2
1437,60
1438,30
1439,5
1440,71
1441,87
1442,2
1443,74
1444,14
1445,54
1446,5
1447,26
1448,16
1449,16
1450,24
1451,16
1452,4
1453,97
1454,100
1455,74
1456,56
1457,13
1458,10
1459,63
1460,20
1461,46
1462,70
1463,65
1464,77
1465,97
1466,30
1467,78
1468,48
1469,53
1470,51
1471,65
1472,6
1473,104
1474,33
1475,46
1476,95
1477,17
1478,59
1479,97
1480,72
1481,35
1482,95
1483,97
1484,43
1485,54
1486,90
1487,43
1488,91
1489,87
1490,13
1491,24
1492,8
1493,33
1494,70
1495,48
1496,9
1497,8
1498,42
1499,15
1500,49
1501,73
1502,95
1503,52
1504,50
1505,61
1506,69
1507,52
1508,64
1509,73
1510,78
1511,95
1512,23
1513,51
1514,30
1515,61
1516,75
1517,83
1518,61
1519,95
1520,104
1521,90
1522,35
1523,26
1524,17
1525,57
1526,78
1527,30
1528,30
1529,21
1530,27
1531,20
1532,57
1533,65
1534,101
1535,20
1536,15
1537,65
1538,87
1539,32
1540,73
1541,35
1542,72
1543,60
1544,70
1545,57
1546,78
1547,48
1548,12
1549,68
1550,30
1551,77
1552,48
1553,48
1554,84
1555,72
1556,10
1557,79
1558,103
1559,2
1560,81
1561,29
1562,26
1563,77
1564,87
1565,34
1566,4
1567,10
1568,94
1569,94
1570,72
1571,34
1572,33
1573,93
1574,63
1575,61
1576,39
1577,99
1578,48
1579,27
1580,8
1581,21
1582,71
1583,28
1584,99
1585,99
1586,93
1587,48
1588,43
1589,6
1590,69
1591,48
1592,12
1593,87
1594,36
1595,61
1596,61
1597,64
1598,31
1599,18
1600,90
1601,86
1602,83
1603,61
1604,44
1605,42
1606,46
1607,26
1608,70
1609,63
1610,93
1611,83
1612,48
1613,13
1614,77
1615,6
1616,81
1617,97
1618,77
1619,65
1620,95
1621,102
1622,57
1623,102
1624,86
1625,8
1626,13
1627,98
1628,40
1629,73
1630,70
1631,32
1632,12
1633,16
1634,61
1635,60
1636,98
1637,24
1638,90
1639,34
1640,85
1641,23
1642,31
1643,9
1644,65
1645,34
1646,100
1647,82
1648,63
1649,30
1650,61
1651,94
1652,67
1653,66
1654,86
1655,48
1656,95
1657,71
1658,65
1659,95
1660,61
1661,43
1662,30
1663,20
1664,54
1665,85
1666,20
1667,23
1668,30
1669,104
1670,60
1671,72
1672,101
1673,60
1674,100
1675,55
1676,57
1677,49
1678,63
1679,32
1680,95
1681,51
1682,93
1683,104
1684,41
1685,2
1686,96
1687,69
1688,95
1689,72
1690,75
1691,23
1692,95
1693,70
1694,48
1695,104
1696,76
1697,63
1698,21
1699,87
1700,89
1701,1
1702,69
1703,77
1704,61
1705,93
1706,14
1707,90
1708,87
1709,84
1710,70
1711,65
1712,51
1713,64
1714,21
1715,73
1716,59
1717,51
1718,10
1719,23
1720,10
1721,64
1722,98
1723,11
1724,102
1725,40
1726,61
1727,99
1728,63
1729,75
1730,87
1731,24
1732,104
1733,55
1734,99
1735,37
1736,86
1737,60
1738,102
1739,5
1740,70
1741,63
1742,71
1743,6
1744,76
1745,69
1746,78
1747,7
1748,95
1749,47
1750,11
1751,72
1752,99
1753,31
1754,73
1755,63
1756,57
1757,65
1758,57
1759,10
1760,88
1761,77
1762,97
1763,23
1764,16
1765,103
1766,74
1767,51
1768,90
1769,51
1770,82
1771,2
1772,73
1773,71
1774,102
1775,70
1776,73
1777,93
1778,21
1779,63
1780,103
1781,10
1782,5
1783,95
1784,99
1785,100
1786,97
1787,69
1788,8
1789,27
1790,35
1791,41
1792,72
1793,41
1794,33
1795,20
1796,79
1797,41
1798,80
1799,57
1800,60
1801,73
1802,24
1803,60
1804,48
1805,95
1806,70
1807,61
1808,48
1809,79
1810,44
1811,6
1812,97
1813,94
1814,10
1815,65
1816,69
1817,69
1818,69
1819,65
1820,55
1821,65
1822,77
1823,75
1824,14
1825,24
1826,34
1827,56
1828,47
1829,93
1830,3
1831,101
1832,34
1833,73
1834,43
1835,87
1836,24
1837,99
1838,30
1839,30
1840,102
1841,5
1842,34
1843,6
1844,5
1845,57
1846,69
1847,37
1848,58
1849,69
1850,104
1851,83
1852,27
1853,7
1854,42
1855,84
1856,18
1857,33
1858,48
1859,33
1860,78
1861,57
1862,34
1863,93
1864,104
1865,23
1866,60
1867,102
1868,65
1869,16
1870,54
1871,11
1872,77
1873,27
1874,102
1875,46
1876,84
1877,68
1878,104
1879,94
1880,77
1881,99
1882,30
1883,82
1884,97
1885,46
1886,94
1887,30
1888,72
1889,87
1890,93
1891,101
1892,8
1893,82
1894,43
1895,64
1896,102
1897,92
1898,48
1899,8
1900,95
1901,34
1902,6
1903,2
1904,95
1905,86
1906,11
1907,73
1908,102
1909,73
1910,20
1911,57
1912,73
1913,25
1914,45
1915,65
1916,48
1917,6
1918,72
1919,94
1920,77
1921,97
1922,35
1923,20
1924,26
1925,37
1926,77
1927,89
1928,28
1929,73
1930,67
1931,33
1932,77
1933,83
1934,57
1935,90
1936,61
1937,85
1938,10
1939,62
1940,23
1941,19
1942,99
1943,77
1944,46
1945,82
1946,52
1947,20
1948,71
1949,77
1950,93
1951,94
1952,97
1953,98
1954,96
1955,56
1956,63
1957,85
1958,26
1959,8
1960,72
1961,93
1962,104
1963,71
1964,11
1965,54
1966,70
1967,104
1968,71
1969,63
1970,104
1971,17
1972,5
1973,87
1974,20
1975,74
1976,63
1977,71
1978,45
1979,56
1980,96
1981,33
1982,94
1983,10
1984,51
1985,24
1986,63
1987,11
1988,68
1989,28
1990,102
1991,4
1992,101
1993,61
1994,2
1995,62
1996,53
1997,41
1998,48
1999,2
2000,50
2001,14
2002,33
2003,65
2004,86
2005,2
2006,10
2007,89
2008,96
2009,66
2010,48
2011,34
2012,24
2013,49
2014,53
2015,86
2016,25
2017,71
2018,9
2019,63
2020,97
2021,72
2022,37
2023,61
2024,71
2025,6
2026,86
2027,18
2028,87
2029,71
2030,8
2031,56
2032,46
2033,8
2034,44
2035,70
2036,99
2037,77
2038,72
2039,86
2040,93
2041,43
2042,71
2043,85
2044,27
2045,102
2046,65
2047,71
2048,82
2049,48
2050,24
2051,63
2052,13
2053,35
2054,32
2055,97
2056,9
2057,101
2058,30
2059,83
2060,60
2061,48
2062,75
2063,87
2064,2
2065,63
2066,77
2067,16
2068,37
2069,94
2070,89
2071,20
2072,95
2073,63
2074,61
2075,49
2076,86
2077,70
2078,11
2079,56
2080,15
2081,34
2082,18
2083,40
2084,100
2085,21
2086,11
2087,69
2088,87
2089,63
2090,33
2091,51
2092,65
2093,78
2094,63
2095,97
2096,61
2097,93
2098,93
2099,28
2100,57
2101,84
2102,93
2103,58
2104,22
2105,17
2106,61
2107,1
2108,65
2109,6
2110,95
2111,85
2112,102
2113,68
2114,75
2115,16
2116,85
2117,61
2118,35
2119,8
2120,3
2121,95
2122,39
2123,78
2124,48
2125,98
2126,87
2127,93
2128,55
2129,85
2130,82
2131,90
2132,20
2133,5
2134,26
2135,17
2136,73
2137,47
2138,73
2139,99
2140,82
2141,30
2142,72
2143,78
2144,38
2145,23
2146,96
2147,1
2148,87
2149,101
2150,57
2151,56
2152,97
2153,26
2154,29
2155,72
2156,26
2157,102
2158,82
2159,101
2160,75
2161,62
2162,87
2163,28
2164,4
2165,16
2166,61
2167,25
2168,85
2169,16
2170,38
2171,57
2172,61
2173,19
2174,60
2175,93
2176,65
2177,11
2178,57
2179,45
2180,34
2181,8
2182,71
2183,61
2184,95
2185,74
2186,77
2187,68
2188,47
2189,82
2190,72
2191,48
2192,87
2193,103
2194,71
2195,93
2196,55
2197,33
2198,60
2199,17
2200,97
2201,20
2202,63
2203,10
2204,102
2205,30
2206,80
2207,78
2208,79
2209,2
2210,53
2211,61
2212,27
2213,42
2214,22
2215,64
2216,97
2217,83
2218,83
2219,71
2220,6
2221,26
2222,26
2223,96
2224,61
2225,65
2226,50
2227,48
2228,82
2229,76
2230,85
2231,95
2232,13
2233,86
2234,104
2235,75
2236,16
2237,68
2238,55
2239,2
2240,43
2241,93
2242,71
2243,24
2244,13
2245,30
2246,40
2247,45
2248,30
2249,72
2250,8
2251,72
2252,9
2253,96
2254,61
2255,98
2256,24
2257,17
2258,98
2259,95
2260,27
2261,85
2262,1
2263,99
2264,26
2265,80
2266,77
2267,92
2268,55
2269,11
2270,99
2271,10
2272,39
2273,34
2274,71
2275,20
2276,102
2277,46
2278,102
2279,63
2280,55
2281,2
2282,27
2283,60
2284,47
2285,95
2286,104
2287,47
2288,3
2289,48
2290,20
2291,80
2292,22
2293,96
2294,65
2295,87
2296,72
2297,103
2298,16
2299,103
2300,70
2301,72
2302,37
2303,61
2304,30
2305,47
2306,24
2307,40
2308,84
2309,70
2310,86
2311,20
2312,27
2313,68
2314,69
2315,104
2316,83
2317,94
2318,65
2319,24
2320,23
2321,8
2322,90
2323,57
2324,26
2325,8
2326,104
2327,36
2328,11
2329,50
2330,73
2331,63
2332,86
2333,79
2334,72
2335,18
2336,6
2337,70
2338,96
2339,82
2340,34
2341,23
2342,101
2343,65
2344,11
2345,93
2346,65
2347,73
2348,13
2349,61
2350,79
2351,43
2352,70
2353,99
2354,34
2355,30
2356,28
2357,62
2358,3
2359,93
2360,34
2361,99
2362,88
2363,47
2364,99
2365,82
2366,61
2367,75
2368,65
2369,97
2370,87
2371,40
2372,12
2373,83
2374,51
2375,32
2376,70
2377,20
2378,38
2379,15
2380,86
2381,65
2382,42
2383,32
2384,95
2385,23
2386,53
2387,71
2388,104
2389,59
2390,42
2391,73
2392,101
2393,99
2394,34
2395,10
2396,99
2397,63
2398,51
2399,98
2400,16
2401,5
2402,1
2403,93
2404,35
2405,65
2406,34
2407,93
2408,30
2409,102
2410,97
2411,16
2412,101
2413,99
2414,8
2415,43
2416,96
2417,101
2418,63
2419,6
2420,32
2421,25
2422,104
2423,84
2424,32
2425,70
2426,51
2427,20
2428,56
2429,43
2430,97
2431,86
2432,8
2433,72
2434,71
2435,34
2436,23
2437,20
2438,86
2439,73
2440,72
2441,71
2442,71
2443,71
2444,98
2445,17
2446,26
2447,94
2448,56
2449,13
2450,56
2451,101
2452,101
2453,53
2454,14
2455,43
2456,23
2457,21
2458,70
2459,32
2460,73
2461,43
2462,27
2463,4
2464,11
2465,96
2466,57
2467,88
2468,48
2469,74
2470,38
2471,94
2472,65
2473,46
2474,33
2475,20
2476,71
2477,57
2478,36
2479,57
2480,51
2481,34
2482,104
2483,83
2484,43
2485,47
2486,13
2487,25
2488,26
2489,43
2490,90
2491,54
2492,36
2493,26
2494,82
2495,77
2496,73
2497,98
2498,56
2499,77
2500,68
2501,77
2502,71
2503,76
2504,6
2505,38
2506,104
2507,86
2508,61
2509,11
2510,60
2511,46
2512,96
2513,57
2514,32
2515,27
2516,99
2517,104
2518,73
2519,90
2520,94
2521,97
2522,1
2523,30
2524,34
2525,93
2526,60
2527,65
2528,48
2529,99
2530,40
2531,57
2532,95
2533,63
2534,16
2535,33
2536,89
2537,25
2538,88
2539,69
2540,92
2541,17
2542,58
2543,51
2544,38
2545,79
2546,81
2547,99
2548,35
2549,57
2550,34
2551,95
2552,104
2553,19
2554,53
2555,98
2556,63
2557,65
2558,14
2559,48
2560,85
2561,48
2562,40
2563,101
2564,24
2565,57
2566,95
2567,61
2568,93
2569,73
2570,65
2571,65
2572,24
2573,48
2574,104
2575,93
2576,56
2577,94
2578,79
2579,37
2580,84
2581,24
2582,104
2583,21
2584,83
2585,10
2586,24
2587,59
2588,98
2589,95
2590,75
2591,6
2592,32
2593,98
2594,103
2595,99
2596,94
2597,24
2598,63
2599,43
2600,18
2601,2
2602,65
2603,93
2604,104
2605,7
2606,19
2607,61
2608,57
2609,32
2610,9
2611,26
2612,27
2613,104
2614,46
2615,60
2616,90
2617,97
2618,86
2619,73
2620,59
2621,27
2622,94
2623,48
2624,54
2625,28
2626,61
2627,51
2628,82
2629,60
2630,41
2631,23
2632,71
2633,73
2634,52
2635,10
2636,63
2637,30
2638,62
2639,77
2640,95
2641,58
2642,8
2643,29
2644,50
2645,47
2646,81
2647,27
2648,41
2649,77
2650,3
2651,72
2652,56
2653,95
2654,11
2655,53
2656,6
2657,61
2658,61
2659,18
2660,104
2661,92
2662,27
2663,96
2664,57
2665,56
2666,23
2667,84
2668,66
2669,67
2670,95
2671,60
2672,35
2673,39
2674,56
2675,88
2676,8
2677,47
2678,35
2679,21
2680,93
2681,86
2682,2
2683,87
2684,87
2685,97
2686,20
2687,6
2688,9
2689,48
2690,101
2691,98
2692,65
2693,74
2694,40
2695,48
2696,87
2697,72
2698,73
2699,60
2700,71
2701,69
2702,57
2703,87
2704,26
2705,63
2706,104
2707,28
2708,97
2709,91
2710,102
2711,101
2712,1
2713,98
2714,25
2715,85
2716,56
2717,46
2718,42
2719,93
2720,95
2721,66
2722,70
2723,24
2724,70
2725,79
2726,87
2727,46
2728,24
2729,65
2730,69
2731,22
2732,46
2733,67
2734,20
2735,102
2736,41
2737,44
2738,73
2739,102
2740,62
2741,72
2742,5
2743,32
2744,18
2745,104
2746,69
2747,20
2748,27
2749,55
2750,6
2751,98
2752,59
2753,39
2754,95
2755,60
2756,98
2757,71
2758,33
2759,4
2760,15
2761,56
2762,74
2763,38
2764,11
2765,28
2766,70
2767,73
2768,65
2769,103
2770,61
2771,73
2772,30
2773,98
2774,34
2775,56
2776,24
2777,94
2778,95
2779,42
2780,72
2781,35
2782,67
2783,48
2784,71
2785,104
2786,2
2787,18
2788,20
2789,9
2790,32
2791,30
2792,61
2793,40
2794,47
2795,87
2796,63
2797,60
2798,87
2799,30
2800,83
2801,32
2802,65
2803,78
2804,15
2805,52
2806,73
2807,87
2808,30
2809,2
2810,8
2811,23
2812,60
2813,25
2814,8
2815,44
2816,29
2817,8
2818,37
2819,101
2820,67
2821,56
2822,54
2823,34
2824,20
2825,72
2826,101
2827,68
2828,68
2829,72
2830,60
2831,20
2832,7
2833,48
2834,81
2835,65
2836,63
2837,65
2838,90
2839,48
2840,26
2841,101
2842,73
2843,23
2844,33
2845,89
2846,29
2847,30
2848,70
2849,71
2850,85
2851,77
2852,77
2853,95
2854,32
2855,51
2856,10
2857,99
2858,97
2859,56
2860,101
2861,85
2862,102
2863,99
2864,21
2865,70
2866,59
2867,65
2868,23
2869,32
2870,104
2871,61
2872,45
2873,30
2874,70
2875,67
2876,48
2877,51
2878,95
2879,86
2880,71
2881,95
2882,85
2883,48
2884,26
2885,30
2886,30
2887,70
2888,90
2889,96
2890,61
2891,95
2892,47
2893,67
2894,59
2895,30
2896,72
2897,90
2898,26
2899,58
2900,95
2901,89
2902,64
2903,44
2904,49
2905,79
2906,71
2907,63
2908,46
2909,51
2910,82
2911,81
2912,20
2913,72
2914,61
2915,46
2916,28
2917,70
2918,10
2919,65
2920,49
2921,87
2922,6
2923,8
2924,84
2925,9
2926,99
2927,69
2928,3
2929,9
2930,73
2931,75
2932,61
2933,90
2934,48
2935,90
2936,73
2937,41
2938,74
2939,73
2940,44
2941,51
2942,20
2943,20
2944,33
2945,2
2946,73
2947,38
2948,94
2949,27
2950,90
2951,14
2952,79
2953,90
2954,26
2955,34
2956,12
2957,61
2958,98
2959,47
2960,90
2961,17
2962,79
2963,87
2964,85
2965,10
2966,46
2967,25
2968,56
2969,26
2970,33
2971,20
2972,73
2973,73
2974,73
2975,32
2976,32
2977,22
2978,10
2979,71
2980,93
2981,49
2982,71
2983,97
2984,78
2985,5
2986,26
2987,40
2988,60
2989,31
2990,26
2991,38
2992,94
2993,102
2994,10
2995,8
2996,77
2997,86
2998,32
2999,63
3000,43
3001,91
3002,104
3003,26
3004,90
3005,79
3006,92
3007,57
3008,30
3009,48
3010,2
3011,57
3012,70
3013,14
3014,72
3015,97
3016,59
3017,57
3018,32
3019,90
3020,32
3021,88
3022,77
3023,83
3024,78
3025,24
3026,38
3027,42
3028,23
3029,34
3030,92
3031,93
3032,30
3033,2
3034,26
3035,26
3036,35
3037,61
3038,35
3039,33
3040,70
3041,71
3042,102
3043,46
3044,78
3045,77
3046,63
3047,27
3048,86
3049,53
3050,43
3051,93
3052,39
3053,10
3054,28
3055,4
3056,70
3057,24
3058,33
3059,77
3060,62
3061,87
3062,85
3063,65
3064,102
3065,87
3066,98
3067,6
3068,79
3069,22
3070,27
3071,71
3072,69
3073,59
3074,104
3075,23
3076,66
3077,10
3078,20
3079,39
3080,101
3081,35
3082,104
3083,6
3084,12
3085,53
3086,20
3087,87
3088,11
3089,52
3090,87
3091,89
3092,57
3093,63
3094,62
3095,43
3096,57
3097,87
3098,26
3099,54
3100,11
3101,104
3102,74
3103,65
3104,38
3105,22
3106,60
3107,62
3108,26
3109,57
3110,6
3111,43
3112,26
3113,69
3114,56
3115,79
3116,71
3117,77
3118,71
3119,49
3120,103
3121,68
3122,43
3123,26
3124,93
3125,48
3126,51
3127,39
3128,102
3129,16
3130,76
3131,87
3132,98
3133,90
3134,15
3135,46
3136,39
3137,14
3138,57
3139,95
3140,16
3141,71
3142,33
3143,63
3144,44
3145,17
3146,90
3147,10
3148,35
3149,26
3150,93
3151,77
3152,99
3153,11
3154,73
3155,42
3156,94
3157,57
3158,17
3159,65
3160,95
3161,93
3162,40
3163,56
3164,87
3165,68
3166,102
3167,48
3168,20
3169,101
3170,65
3171,65
3172,57
3173,16
3174,5
3175,30
3176,65
3177,25
3178,84
3179,22
3180,57
3181,99
3182,39
3183,79
3184,67
3185,77
3186,77
3187,99
3188,68
3189,85
3190,56
3191,98
3192,70
3193,95
3194,60
3195,65
3196,1
3197,63
3198,63
3199,52
3200,20
3201,73
3202,90
3203,103
3204,23
3205,91
3206,102
3207,73
3208,28
3209,30
3210,34
3211,55
3212,35
3213,82
3214,39
3215,60
3216,77
3217,35
3218,81
3219,5
3220,57
3221,36
3222,61
3223,77
3224,23
3225,23
3226,36
3227,77
3228,99
3229,92
3230,60
3231,87
3232,86
3233,20
3234,30
3235,28
3236,33
3237,77
3238,34
3239,57
3240,78
3241,87
3242,9
3243,8
3244,28
3245,55
3246,99
3247,9
3248,20
3249,103
3250,61
3251,102
3252,87
3253,15
3254,34
3255,78
3256,61
3257,82
3258,53
3259,43
3260,47
3261,20
3262,26
3263,104
3264,36
3265,61
3266,73
3267,79
3268,70
3269,91
3270,11
3271,24
3272,56
3273,101
3274,93
3275,48
3276,11
3277,72
3278,35
3279,48
3280,17
3281,39
3282,92
3283,8
3284,27
3285,11
3286,33
3287,85
3288,69
3289,2
3290,73
3291,16
3292,55
3293,16
3294,103
3295,90
3296,78
3297,85
3298,54
3299,99
3300,102
3301,85
3302,70
3303,57
3304,75
3305,72
3306,23
3307,65
3308,77
3309,17
3310,8
3311,27
3312,82
3313,77
3314,102
3315,56
3316,71
3317,73
3318,22
3319,47
3320,9
3321,78
3322,21
3323,102
3324,33
3325,63
3326,93
3327,46
3328,48
3329,39
3330,33
3331,90
3332,17
3333,70
3334,32
3335,54
3336,51
3337,60
3338,1
3339,43
3340,78
3341,65
3342,94
3343,46
3344,77
3345,72
3346,13
3347,103
3348,57
3349,90
3350,77
3351,61
3352,79
3353,30
3354,9
3355,16
3356,26
3357,77
3358,95
3359,84
3360,72
3361,86
3362,9
3363,97
3364,68
3365,24
3366,13
3367,6
3368,14
3369,8
3370,61
3371,57
3372,20
3373,44
3374,99
3375,39
3376,8
3377,82
3378,83
3379,97
3380,21
3381,55
3382,104
3383,43
3384,70
3385,30
3386,98
3387,71
3388,65
3389,56
3390,52
3391,30
3392,20
3393,36
3394,87
3395,30
3396,22
3397,8
3398,38
3399,95
3400,20
3401,46
3402,63
3403,70
3404,57
3405,87
3406,104
3407,22
3408,34
3409,73
3410,73
3411,96
3412,73
3413,32
3414,93
3415,63
3416,55
3417,73
3418,73
3419,94
3420,16
3421,62
3422,94
3423,93
3424,27
3425,98
3426,54
3427,72
3428,30
3429,82
3430,30
3431,24
3432,16
3433,8
3434,14
3435,93
3436,51
3437,25
3438,30
3439,37
3440,48
3441,47
3442,30
3443,93
3444,21
3445,87
3446,8
3447,95
3448,90
3449,96
3450,34
3451,92
3452,27
3453,92
3454,40
3455,99
3456,21
3457,11
3458,102
3459,99
3460,25
3461,75
3462,95
3463,87
3464,10
3465,62
3466,93
3467,70
3468,11
3469,5
3470,101
3471,99
3472,103
3473,69
3474,48
3475,70
3476,6
3477,104
3478,95
3479,9
3480,24
3481,77
3482,43
3483,70
3484,10
3485,46
3486,66
3487,43
3488,11
3489,102
3490,30
3491,104
3492,17
3493,18
3494,54
3495,99
3496,97
3497,53
3498,10
3499,6
3500,28
3501,48
3502,63
3503,11
3504,104
3505,75
3506,5
3507,71
3508,86
3509,95
3510,82
3511,102
3512,65
3513,95
3514,94
3515,93
3516,89
3517,73
3518,70
3519,11
3520,28
3521,78
3522,30
3523,30
3524,40
3525,104
3526,44
3527,32
3528,25
3529,61
3530,48
3531,28
3532,89
3533,39
3534,20
3535,96
3536,20
3537,52
3538,10
3539,30
3540,104
3541,97
3542,24
3543,95
3544,70
3545,70
3546,78
3547,102
3548,90
3549,87
3550,70
3551,104
3552,9
3553,93
3554,22
3555,70
3556,57
3557,14
3558,75
3559,94
3560,22
3561,102
3562,33
3563,87
3564,75
3565,72
3566,89
3567,1
3568,65
3569,84
3570,71
3571,59
3572,65
3573,46
3574,87
3575,95
3576,32
3577,48
3578,57
3579,104
3580,98
3581,39
3582,48
3583,43
3584,24
3585,86
3586,61
3587,73
3588,23
3589,56
3590,11
3591,17
3592,17
3593,93
3594,77
3595,26
3596,16
3597,89
3598,104
3599,16
3600,24
3601,93
3602,38
3603,8
3604,47
3605,43
3606,11
3607,70
3608,27
3609,85
3610,72
3611,78
3612,90
3613,81
3614,93
3615,73
3616,30
3617,20
3618,28
3619,38
3620,24
3621,35
3622,69
3623,48
3624,84
3625,8
3626,62
3627,99
3628,70
3629,28
3630,24
3631,70
3632,70
3633,26
3634,5
3635,6
3636,54
3637,10
3638,103
3639,59
3640,102
3641,57
3642,85
3643,9
3644,65
3645,102
3646,2
3647,90
3648,56
3649,1
3650,28
3651,8
3652,77
3653,71
3654,99
3655,70
3656,20
3657,86
3658,98
3659,48
3660,8
3661,61
3662,71
3663,10
3664,13
3665,95
3666,55
3667,21
3668,62
3669,71
3670,59
3671,81
3672,61
3673,24
3674,8
3675,30
3676,61
3677,75
3678,102
3679,33
3680,102
3681,20
3682,68
3683,24
3684,77
3685,35
3686,8
3687,71
3688,97
3689,54
3690,87
3691,84
3692,20
3693,20
3694,28
3695,93
3696,72
3697,81
3698,63
3699,69
3700,26
3701,79
3702,36
3703,18
3704,65
3705,99
3706,81
3707,17
3708,84
3709,61
3710,69
3711,82
3712,34
3713,61
3714,30
3715,26
3716,79
3717,103
3718,24
3719,85
3720,16
3721,23
3722,57
3723,18
3724,23
3725,61
3726,87
3727,20
3728,9
3729,103
3730,77
3731,93
3732,75
3733,48
3734,96
3735,93
3736,65
3737,18
3738,61
3739,24
3740,60
3741,30
3742,8
3743,11
3744,87
3745,33
3746,86
3747,21
3748,60
3749,85
3750,34
3751,34
3752,102
3753,90
3754,56
3755,11
3756,93
3757,81
3758,93
3759,60
3760,93
3761,93
3762,43
3763,93
3764,65
3765,33
3766,20
3767,23
3768,97
3769,104
3770,98
3771,104
3772,83
3773,20
3774,11
3775,16
3776,35
3777,102
3778,23
3779,2
3780,27
3781,51
3782,79
3783,48
3784,57
3785,65
3786,57
3787,94
3788,84
3789,26
3790,99
3791,85
3792,102
3793,65
3794,51
3795,43
3796,94
3797,48
3798,9
3799,28
3800,6
3801,43
3802,93
3803,71
3804,10
3805,25
3806,87
3807,78
3808,27
3809,20
3810,9
3811,102
3812,25
3813,60
3814,77
3815,94
3816,93
3817,78
3818,57
3819,81
3820,61
3821,65
3822,34
3823,73
3824,35
3825,70
3826,16
3827,32
3828,51
3829,98
3830,94
3831,2
3832,18
3833,5
3834,71
3835,84
3836,97
3837,16
3838,93
3839,104
3840,47
3841,59
3842,79
3843,63
3844,79
3845,73
3846,62
3847,20
3848,33
3849,65
3850,51
3851,48
3852,102
3853,71
3854,75
3855,97
3856,8
3857,93
3858,30
3859,90
3860,102
3861,11
3862,60
3863,65
3864,71
3865,85
3866,8
3867,46
3868,10
3869,63
3870,99
3871,70
3872,28
3873,70
3874,18
3875,104
3876,10
3877,27
3878,98
3879,30
3880,65
3881,34
3882,77
3883,70
3884,8
3885,38
3886,5
3887,61
3888,51
3889,85
3890,51
3891,84
3892,97
3893,11
3894,65
3895,6
3896,70
3897,78
3898,8
3899,39
3900,85
3901,73
3902,61
3903,86
3904,34
3905,20
3906,23
3907,38
3908,32
3909,77
3910,56
3911,72
3912,26
3913,57
3914,102
3915,61
3916,10
3917,26
3918,95
3919,70
3920,65
3921,82
3922,65
3923,96
3924,72
3925,48
3926,96
3927,102
3928,35
3929,43
3930,72
3931,85
3932,78
3933,102
3934,65
3935,70
3936,93
3937,99
3938,48
3939,8
3940,90
3941,72
3942,27
3943,77
3944,39
3945,63
3946,26
3947,61
3948,87
3949,99
3950,8
3951,48
3952,98
3953,77
3954,65
3955,20
3956,93
3957,99
3958,77
3959,51
3960,63
3961,10
3962,63
3963,27
3964,33
3965,71
3966,8
3967,78
3968,97
3969,48
3970,99
3971,10
3972,57
3973,51
3974,32
3975,87
3976,51
3977,98
3978,26
3979,77
3980,56
3981,47
3982,30
3983,17
3984,65
3985,57
3986,73
3987,102
3988,24
3989,11
3990,93
3991,61
3992,6
3993,60
3994,73
3995,30
3996,85
3997,93
3998,65
3999,30
4000,93
