1,77
2,52
3,50
4,43
5,90
6,85
7,91
8,79
9,53
10,42
11,36
12,62
13,42
14,72
15,20
16,85
17,31
18,11
19,24
20,25
21,86
22,41
23,54
24,45
25,51
26,23
27,64
28,61
29,41
30,82
31,85
32,24
33,41
34,5
35,82
36,31
37,82
38,67
39,56
40,87
41,23
42,87
43,11
44,3
45,84
46,22
47,54
48,48
49,66
50,43
51,37
52,2
53,63
54,2
55,31
56,5
57,82
58,75
59,23
60,86
61,77
62,65
63,37
64,87
65,75
66,93
67,57
68,43
69,30
70,47
71,10
72,34
73,19
74,5
75,56
76,56
77,5
78,102
79,76
80,46
81,1
82,64
83,35
84,35
85,13
86,5
87,86
88,23
89,25
90,49
91,12
92,66
93,24
94,23
95,98
96,83
97,6
98,20
99,73
100,87
101,50
102,64
103,12
104,42
105,15
106,64
107,72
108,95
109,20
110,16
111,13
112,42
113,82
114,18
115,40
116,56
117,85
118,32
119,25
120,85
121,2
122,98
123,86
124,31
125,77
126,37
127,19
128,51
129,63
130,82
131,20
132,20
133,46
134,80
135,37
136,31
137,30
138,5
139,14
140,39
141,13
142,56
143,11
144,18
145,50
146,99
147,102
148,85
149,81
150,23
151,39
152,72
153,72
154,86
155,31
156,3
157,94
158,78
159,5
160,77
161,25
162,82
163,2
164,41
165,35
166,20
167,5
168,47
169,85
170,39
171,15
172,72
173,50
174,38
175,84
176,20
177,12
178,84
179,92
180,82
181,31
182,11
183,13
184,32
185,31
186,85
187,47
188,70
189,47
190,28
191,36
192,80
193,82
194,34
195,1
196,25
197,57
198,19
199,101
200,38
201,21
202,85
203,36
204,77
205,19
206,70
207,65
208,33
209,45
210,99
211,96
212,83
213,13
214,9
215,73
216,56
217,42
218,41
219,38
220,42
221,70
222,20
223,46
224,85
225,77
226,2
227,90
228,57
229,77
230,72
231,11
232,49
233,86
234,39
235,30
236,75
237,96
238,43
239,56
240,92
241,22
242,58
243,11
244,46
245,12
246,32
247,9
248,31
249,38
250,16
251,49
252,64
253,85
254,65
255,73
256,34
257,47
258,19
259,48
260,37
261,84
262,43
263,43
264,33
265,45
266,37
267,7
268,26
269,35
270,40
271,100
272,12
273,65
274,85
275,46
276,85
277,23
278,92
279,12
280,13
281,55
282,24
283,43
284,27
285,21
286,43
287,80
288,28
289,52
290,49
291,19
292,80
293,20
294,57
295,25
296,5
297,6
298,72
299,73
300,26
301,40
302,25
303,79
304,102
305,72
306,85
307,18
308,48
309,29
310,95
311,12
312,8
313,56
314,94
315,73
316,40
317,21
318,20
319,25
320,36
321,41
322,64
323,71
324,86
325,54
326,31
327,16
328,19
329,34
330,40
331,1
332,46
333,29
334,82
335,20
336,102
337,37
338,80
339,5
340,62
341,20
342,11
343,87
344,47
345,35
346,43
347,29
348,87
349,84
350,42
351,28
352,57
353,83
354,42
355,73
356,16
357,88
358,72
359,99
360,27
361,5
362,47
363,13
364,62
365,32
366,102
367,19
368,68
369,32
370,3
371,71
372,61
373,17
374,27
375,74
376,20
377,20
378,12
379,94
380,77
381,50
382,56
383,102
384,25
385,98
386,17
387,32
388,5
389,44
390,38
391,50
392,102
393,24
394,81
395,33
396,4
397,68
398,16
399,88
400,102
401,80
402,24
403,60
404,12
405,86
406,65
407,60
408,41
409,39
410,4
411,93
412,29
413,5
414,63
415,46
416,100
417,12
418,1
419,46
420,2
421,8
422,16
423,44
424,30
425,20
426,32
427,53
428,72
429,11
430,31
431,20
432,51
433,52
434,26
435,61
436,64
437,48
438,91
439,85
440,34
441,20
442,52
443,20
444,82
445,64
446,72
447,62
448,74
449,55
450,45
451,25
452,55
453,64
454,66
455,77
456,92
457,72
458,72
459,73
460,41
461,63
462,49
463,51
464,48
465,2
466,2
467,64
468,85
469,100
470,72
471,42
472,11
473,32
474,72
475,82
476,68
477,64
478,72
479,58
480,64
481,71
482,83
483,82
484,38
485,42
486,16
487,27
488,53
489,30
490,35
491,47
492,13
493,86
494,42
495,93
496,67
497,66
498,31
499,62
500,94
501,19
502,25
503,77
504,43
505,20
506,65
507,22
508,28
509,61
510,96
511,48
512,47
513,97
514,37
515,62
516,20
517,35
518,14
519,21
520,5
521,46
522,102
523,82
524,39
525,52
526,69
527,77
528,57
529,91
530,102
531,80
532,50
533,52
534,83
535,84
536,100
537,28
538,77
539,86
540,86
541,47
542,26
543,65
544,63
545,5
546,68
547,62
548,6
549,17
550,29
551,67
552,77
553,31
554,2
555,31
556,82
557,85
558,22
559,42
560,34
561,42
562,59
563,102
564,84
565,94
566,35
567,71
568,81
569,29
570,20
571,92
572,56
573,80
574,11
575,30
576,58
577,32
578,65
579,84
580,72
581,10
582,77
583,20
584,29
585,41
586,37
587,82
588,44
589,5
590,79
591,90
592,51
593,92
594,72
595,37
596,64
597,11
598,23
599,89
600,62
601,80
602,50
603,38
604,38
605,91
606,66
607,32
608,19
609,42
610,16
611,67
612,3
613,56
614,34
615,2
616,12
617,47
618,38
619,85
620,27
621,84
622,100
623,19
624,18
625,46
626,85
627,85
628,76
629,20
630,40
631,35
632,102
633,93
634,102
635,44
636,20
637,41
638,87
639,29
640,48
641,5
642,24
643,20
644,55
645,65
646,31
647,85
648,37
649,73
650,34
651,82
652,35
653,7
654,7
655,82
656,88
657,58
658,80
659,90
660,10
661,43
662,19
663,41
664,84
665,90
666,25
667,40
668,64
669,94
670,57
671,15
672,2
673,59
674,79
675,22
676,25
677,12
678,64
679,26
680,57
681,66
682,3
683,16
684,37
685,69
686,90
687,39
688,20
689,66
690,46
691,65
692,15
693,94
694,31
695,19
696,30
697,40
698,102
699,71
700,73
701,85
702,37
703,96
704,62
705,91
706,5
707,35
708,35
709,73
710,22
711,87
712,82
713,47
714,79
715,38
716,77
717,77
718,43
719,51
720,1
721,65
722,98
723,42
724,102
725,96
726,80
727,5
728,56
729,74
730,61
731,35
732,3
733,102
734,19
735,58
736,2
737,50
738,69
739,66
740,100
741,26
742,63
743,12
744,64
745,83
746,30
747,52
748,35
749,67
750,65
751,24
752,59
753,19
754,52
755,43
756,48
757,5
758,101
759,6
760,31
761,37
762,92
763,20
764,76
765,20
766,101
767,67
768,29
769,65
770,4
771,56
772,4
773,25
774,53
775,12
776,13
777,65
778,80
779,1
780,35
781,91
782,80
783,85
784,5
785,3
786,56
787,25
788,32
789,68
790,89
791,21
792,32
793,63
794,102
795,77
796,57
797,49
798,59
799,102
800,8
801,15
802,90
803,57
804,85
805,91
806,3
807,65
808,102
809,90
810,23
811,56
812,1
813,54
814,38
815,100
816,7
817,11
818,20
819,58
820,39
821,5
822,44
823,11
824,79
825,72
826,50
827,85
828,35
829,55
830,20
831,2
832,12
833,5
834,35
835,73
836,84
837,31
838,14
839,90
840,19
841,72
842,20
843,46
844,80
845,65
846,41
847,82
848,35
849,7
850,92
851,37
852,94
853,98
854,66
855,42
856,102
857,27
858,34
859,100
860,41
861,34
862,61
863,11
864,71
865,19
866,46
867,77
868,68
869,65
870,88
871,75
872,2
873,51
874,100
875,67
876,4
877,102
878,91
879,50
880,50
881,102
882,94
883,14
884,102
885,56
886,32
887,91
888,88
889,55
890,51
891,23
892,31
893,16
894,82
895,84
896,56
897,77
898,49
899,84
900,19
901,71
902,42
903,37
904,56
905,64
906,2
907,64
908,56
909,23
910,37
911,56
912,4
913,73
914,32
915,77
916,82
917,64
918,77
919,24
920,102
921,62
922,77
923,39
924,65
925,65
926,57
927,5
928,24
929,70
930,5
931,60
932,23
933,24
934,34
935,39
936,82
937,39
938,18
939,97
940,55
941,22
942,73
943,57
944,3
945,2
946,39
947,48
948,70
949,46
950,12
951,95
952,14
953,48
954,94
955,25
956,90
957,40
958,46
959,100
960,44
961,52
962,80
963,30
964,65
965,76
966,50
967,32
968,13
969,39
970,84
971,52
972,21
973,51
974,51
975,57
976,16
977,74
978,70
979,60
980,92
981,59
982,75
983,91
984,37
985,37
986,94
987,92
988,46
989,25
990,45
991,37
992,31
993,23
994,5
995,72
996,43
997,11
998,46
999,12
1000,82
1001,77
1002,15
1003,26
1004,67
1005,92
1006,30
1007,102
1008,89
1009,5
1010,32
1011,17
1012,82
1013,48
1014,94
1015,46
1016,19
1017,84
1018,50
1019,43
1020,86
1021,48
1022,56
1023,94
1024,4
1025,29
1026,52
1027,48
1028,34
1029,62
1030,65
1031,38
1032,80
1033,56
1034,90
1035,9
1036,92
1037,70
1038,95
1039,19
1040,74
1041,23
1042,38
1043,35
1044,39
1045,91
1046,19
1047,91
1048,47
1049,81
1050,102
1051,18
1052,17
1053,66
1054,37
1055,12
1056,35
1057,73
1058,51
1059,56
1060,62
1061,49
1062,58
1063,30
1064,18
1065,25
1066,35
1067,80
1068,91
1069,72
1070,12
1071,72
1072,72
1073,78
1074,21
1075,35
1076,82
1077,26
1078,33
1079,80
1080,85
1081,99
1082,5
1083,79
1084,13
1085,57
1086,13
1087,32
1088,37
1089,82
1090,85
1091,21
1092,98
1093,26
1094,92
1095,68
1096,1
1097,72
1098,44
1099,25
1100,9
1101,66
1102,75
1103,35
1104,102
1105,21
1106,35
1107,85
1108,55
1109,82
1110,86
1111,41
1112,91
1113,66
1114,62
1115,88
1116,80
1117,58
1118,82
1119,50
1120,42
1121,22
1122,6
1123,21
1124,94
1125,68
1126,85
1127,100
1128,13
1129,100
1130,27
1131,20
1132,88
1133,73
1134,22
1135,65
1136,41
1137,68
1138,35
1139,61
1140,24
1141,9
1142,95
1143,49
1144,19
1145,51
1146,10
1147,5
1148,35
1149,20
1150,61
1151,90
1152,63
1153,82
1154,72
1155,70
1156,88
1157,35
1158,82
1159,24
1160,72
1161,31
1162,57
1163,61
1164,5
1165,52
1166,37
1167,61
1168,91
1169,42
1170,2
1171,95
1172,100
1173,59
1174,14
1175,62
1176,2
1177,41
1178,22
1179,52
1180,32
1181,73
1182,39
1183,36
1184,100
1185,30
1186,86
1187,43
1188,12
1189,17
1190,31
1191,65
1192,39
1193,102
1194,43
1195,65
1196,66
1197,48
1198,18
1199,87
1200,93
1201,101
1202,16
1203,57
1204,100
1205,43
1206,52
1207,33
1208,102
1209,72
1210,24
1211,32
1212,40
1213,13
1214,101
1215,86
1216,77
1217,19
1218,84
1219,20
1220,102
1221,35
1222,12
1223,64
1224,5
1225,8
1226,11
1227,46
1228,97
1229,73
1230,26
1231,37
1232,35
1233,31
1234,28
1235,62
1236,37
1237,96
1238,65
1239,77
1240,35
1241,15
1242,97
1243,32
1244,35
1245,31
1246,91
1247,18
1248,49
1249,83
1250,29
1251,81
1252,34
1253,31
1254,57
1255,95
1256,2
1257,17
1258,42
1259,72
1260,31
1261,24
1262,1
1263,102
1264,35
1265,61
1266,29
1267,13
1268,25
1269,38
1270,32
1271,30
1272,85
1273,30
1274,78
1275,22
1276,21
1277,30
1278,88
1279,4
1280,21
1281,83
1282,25
1283,12
1284,62
1285,81
1286,83
1287,95
1288,41
1289,35
1290,19
1291,95
1292,83
1293,51
1294,47
1295,59
1296,19
1297,82
1298,75
1299,52
1300,43
1301,65
1302,36
1303,86
1304,21
1305,25
1306,24
1307,96
1308,92
1309,5
1310,85
1311,48
1312,71
1313,85
1314,73
1315,20
1316,100
1317,41
1318,41
1319,48
1320,31
1321,14
1322,32
1323,38
1324,72
1325,48
1326,46
1327,50
1328,6
1329,73
1330,50
1331,100
1332,43
1333,12
1334,23
1335,102
1336,7
1337,12
1338,73
1339,12
1340,81
1341,19
1342,20
1343,16
1344,84
1345,30
1346,62
1347,61
1348,29
1349,22
1350,25
1351,30
1352,21
1353,51
1354,11
1355,19
1356,24
1357,52
1358,68
1359,16
1360,99
1361,41
1362,84
1363,100
1364,39
1365,34
1366,50
1367,85
1368,102
1369,87
1370,75
1371,85
1372,48
1373,95
1374,82
1375,56
1376,34
1377,47
1378,50
1379,86
1380,48
1381,81
1382,95
1383,11
1384,41
1385,37
1386,45
1387,31
1388,3
1389,69
1390,57
1391,71
1392,24
1393,67
1394,71
1395,31
1396,52
1397,23
1398,93
1399,34
1400,82
1401,41
1402,46
1403,102
1404,75
1405,47
1406,16
1407,77
1408,15
1409,72
1410,41
1411,47
1412,100
1413,57
1414,69
1415,64
1416,12
1417,82
1418,77
1419,69
1420,8
1421,85
1422,102
1423,38
1424,18
1425,53
1426,43
1427,65
1428,19
1429,57
1430,54
1431,31
1432,3
1433,56
1434,78
1435,59
1436,1
1437,23
1438,98
1439,19
1440,6
1441,11
1442,59
1443,19
1444,99
1445,43
1446,11
1447,75
1448,71
1449,1
1450,42
1451,97
1452,80
1453,82
1454,65
1455,37
1456,4
1457,54
1458,23
1459,77
1460,3
1461,80
1462,5
1463,5
1464,82
1465,85
1466,47
1467,89
1468,47
1469,95
1470,88
1471,40
1472,19
1473,25
1474,20
1475,83
1476,19
1477,45
1478,75
1479,50
1480,36
1481,57
1482,35
1483,98
1484,46
1485,64
1486,91
1487,65
1488,34
1489,73
1490,64
1491,13
1492,72
1493,51
1494,14
1495,46
1496,85
1497,47
1498,7
1499,85
1500,73
1501,46
1502,58
1503,100
1504,5
1505,59
1506,76
1507,72
1508,35
1509,45
1510,29
1511,1
1512,35
1513,23
1514,85
1515,52
1516,2
1517,85
1518,24
1519,100
1520,68
1521,68
1522,56
1523,74
1524,34
1525,32
1526,60
1527,85
1528,50
1529,92
1530,86
1531,91
1532,38
1533,13
1534,88
1535,86
1536,21
1537,52
1538,38
1539,64
1540,92
1541,16
1542,70
1543,58
1544,28
1545,73
1546,94
1547,6
1548,43
1549,50
1550,34
1551,52
1552,25
1553,79
1554,25
1555,94
1556,54
1557,77
1558,23
1559,102
1560,11
1561,102
1562,2
1563,13
1564,5
1565,59
1566,37
1567,43
1568,87
1569,5
1570,20
1571,41
1572,22
1573,35
1574,42
1575,57
1576,75
1577,39
1578,18
1579,1
1580,74
1581,77
1582,82
1583,17
1584,86
1585,77
1586,94
1587,20
1588,5
1589,5
1590,34
1591,12
1592,91
1593,51
1594,77
1595,26
1596,2
1597,82
1598,5
1599,85
1600,42
1601,80
1602,50
1603,9
1604,3
1605,86
1606,27
1607,65
1608,56
1609,100
1610,82
1611,77
1612,57
1613,92
1614,20
1615,34
1616,23
1617,36
1618,87
1619,59
1620,89
1621,25
1622,80
1623,43
1624,93
1625,49
1626,59
1627,40
1628,47
1629,83
1630,102
1631,78
1632,61
1633,38
1634,48
1635,84
1636,11
1637,85
1638,65
1639,85
1640,63
1641,35
1642,39
1643,38
1644,100
1645,61
1646,50
1647,34
1648,51
1649,84
1650,94
1651,27
1652,46
1653,82
1654,77
1655,63
1656,14
1657,11
1658,64
1659,84
1660,7
1661,46
1662,37
1663,47
1664,11
1665,34
1666,34
1667,91
1668,42
1669,75
1670,99
1671,37
1672,34
1673,37
1674,61
1675,41
1676,61
1677,73
1678,83
1679,62
1680,48
1681,3
1682,85
1683,74
1684,42
1685,19
1686,62
1687,25
1688,80
1689,26
1690,73
1691,102
1692,34
1693,98
1694,16
1695,37
1696,41
1697,52
1698,87
1699,46
1700,18
1701,48
1702,62
1703,48
1704,55
1705,46
1706,72
1707,45
1708,95
1709,5
1710,102
1711,94
1712,82
1713,53
1714,11
1715,48
1716,34
1717,2
1718,20
1719,52
1720,90
1721,19
1722,16
1723,46
1724,30
1725,5
1726,42
1727,27
1728,41
1729,19
1730,20
1731,62
1732,22
1733,75
1734,89
1735,39
1736,55
1737,32
1738,72
1739,51
1740,94
1741,4
1742,50
1743,98
1744,44
1745,48
1746,10
1747,30
1748,25
1749,102
1750,31
1751,85
1752,41
1753,95
1754,80
1755,27
1756,71
1757,30
1758,60
1759,23
1760,35
1761,25
1762,41
1763,73
1764,31
1765,62
1766,67
1767,22
1768,98
1769,87
1770,19
1771,93
1772,27
1773,32
1774,97
1775,35
1776,64
1777,58
1778,82
1779,25
1780,40
1781,40
1782,45
1783,48
1784,42
1785,53
1786,50
1787,88
1788,34
1789,34
1790,85
1791,86
1792,42
1793,50
1794,61
1795,89
1796,20
1797,2
1798,76
1799,5
1800,21
1801,19
1802,52
1803,77
1804,30
1805,42
1806,52
1807,41
1808,19
1809,20
1810,14
1811,48
1812,34
1813,49
1814,101
1815,89
1816,35
1817,12
1818,68
1819,60
1820,23
1821,35
1822,19
1823,45
1824,102
1825,39
1826,51
1827,36
1828,71
1829,24
1830,65
1831,37
1832,101
1833,94
1834,25
1835,48
1836,31
1837,2
1838,50
1839,50
1840,27
1841,42
1842,72
1843,84
1844,16
1845,85
1846,63
1847,91
1848,30
1849,67
1850,2
1851,90
1852,85
1853,34
1854,70
1855,47
1856,19
1857,67
1858,56
1859,82
1860,67
1861,26
1862,52
1863,51
1864,60
1865,48
1866,1
1867,43
1868,28
1869,1
1870,77
1871,97
1872,25
1873,67
1874,100
1875,76
1876,91
1877,102
1878,40
1879,9
1880,34
1881,60
1882,34
1883,33
1884,53
1885,82
1886,41
1887,34
1888,71
1889,16
1890,1
1891,78
1892,53
1893,23
1894,6
1895,98
1896,48
1897,18
1898,90
1899,85
1900,61
1901,22
1902,94
1903,72
1904,78
1905,34
1906,11
1907,65
1908,50
1909,98
1910,95
1911,61
1912,38
1913,72
1914,8
1915,76
1916,60
1917,65
1918,35
1919,53
1920,24
1921,14
1922,11
1923,27
1924,94
1925,62
1926,99
1927,35
1928,72
1929,91
1930,25
1931,42
1932,12
1933,69
1934,36
1935,56
1936,75
1937,46
1938,48
1939,91
1940,98
1941,2
1942,56
1943,86
1944,14
1945,57
1946,93
1947,94
1948,25
1949,100
1950,11
1951,33
1952,51
1953,11
1954,56
1955,30
1956,48
1957,82
1958,43
1959,3
1960,43
1961,69
1962,42
1963,20
1964,21
1965,14
1966,102
1967,49
1968,2
1969,75
1970,42
1971,94
1972,46
1973,64
1974,15
1975,19
1976,50
1977,100
1978,73
1979,35
1980,31
1981,18
1982,95
1983,5
1984,10
1985,13
1986,36
1987,72
1988,55
1989,102
1990,94
1991,38
1992,84
1993,23
1994,85
1995,16
1996,3
1997,51
1998,25
1999,7
2000,80
2001,38
2002,66
2003,102
2004,97
2005,38
2006,80
2007,96
2008,100
2009,42
2010,15
2011,86
2012,32
2013,80
2014,42
2015,70
2016,62
2017,59
2018,72
2019,21
2020,3
2021,22
2022,51
2023,90
2024,85
2025,61
2026,77
2027,80
2028,8
2029,26
2030,32
2031,23
2032,6
2033,17
2034,12
2035,20
2036,42
2037,24
2038,42
2039,99
2040,25
2041,69
2042,52
2043,77
2044,19
2045,11
2046,49
2047,43
2048,2
2049,3
2050,72
2051,75
2052,4
2053,43
2054,19
2055,89
2056,76
2057,2
2058,2
2059,93
2060,34
2061,16
2062,25
2063,52
2064,39
2065,49
2066,46
2067,100
2068,69
2069,64
2070,32
2071,19
2072,42
2073,37
2074,61
2075,94
2076,102
2077,49
2078,51
2079,35
2080,84
2081,77
2082,50
2083,68
2084,80
2085,101
2086,58
2087,1
2088,85
2089,35
2090,22
2091,5
2092,34
2093,82
2094,72
2095,80
2096,48
2097,82
2098,37
2099,86
2100,61
2101,8
2102,41
2103,35
2104,2
2105,56
2106,3
2107,41
2108,23
2109,72
2110,96
2111,49
2112,64
2113,35
2114,19
2115,25
2116,21
2117,80
2118,49
2119,38
2120,11
2121,94
2122,61
2123,20
2124,72
2125,12
2126,26
2127,56
2128,11
2129,23
2130,39
2131,23
2132,8
2133,82
2134,78
2135,20
2136,92
2137,13
2138,70
2139,77
2140,68
2141,80
2142,82
2143,22
2144,85
2145,32
2146,32
2147,49
2148,94
2149,100
2150,52
2151,3
2152,37
2153,67
2154,93
2155,91
2156,41
2157,96
2158,89
2159,64
2160,51
2161,25
2162,10
2163,31
2164,40
2165,44
2166,53
2167,95
2168,16
2169,12
2170,2
2171,79
2172,92
2173,73
2174,32
2175,19
2176,25
2177,31
2178,96
2179,94
2180,20
2181,49
2182,91
2183,10
2184,21
2185,64
2186,16
2187,100
2188,48
2189,84
2190,15
2191,23
2192,51
2193,5
2194,24
2195,102
2196,65
2197,42
2198,10
2199,24
2200,28
2201,5
2202,71
2203,27
2204,19
2205,30
2206,33
2207,89
2208,19
2209,5
2210,39
2211,97
2212,90
2213,33
2214,20
2215,58
2216,42
2217,64
2218,81
2219,53
2220,50
2221,72
2222,46
2223,2
2224,94
2225,5
2226,102
2227,38
2228,64
2229,2
2230,102
2231,80
2232,25
2233,51
2234,65
2235,84
2236,34
2237,86
2238,70
2239,56
2240,60
2241,14
2242,50
2243,60
2244,84
2245,30
2246,5
2247,50
2248,31
2249,91
2250,19
2251,55
2252,29
2253,65
2254,87
2255,20
2256,80
2257,24
2258,82
2259,57
2260,33
2261,18
2262,20
2263,84
2264,47
2265,72
2266,52
2267,82
2268,11
2269,64
2270,29
2271,61
2272,94
2273,13
2274,17
2275,50
2276,50
2277,12
2278,87
2279,89
2280,42
2281,65
2282,7
2283,35
2284,67
2285,101
2286,20
2287,45
2288,5
2289,46
2290,23
2291,37
2292,5
2293,31
2294,51
2295,2
2296,95
2297,86
2298,34
2299,35
2300,82
2301,16
2302,43
2303,22
2304,9
2305,37
2306,82
2307,62
2308,78
2309,2
2310,100
2311,46
2312,82
2313,22
2314,55
2315,100
2316,35
2317,39
2318,36
2319,6
2320,37
2321,35
2322,18
2323,27
2324,72
2325,68
2326,36
2327,16
2328,51
2329,5
2330,46
2331,80
2332,85
2333,19
2334,19
2335,24
2336,64
2337,25
2338,102
2339,71
2340,66
2341,86
2342,28
2343,31
2344,80
2345,72
2346,23
2347,16
2348,13
2349,54
2350,64
2351,46
2352,19
2353,35
2354,90
2355,2
2356,80
2357,12
2358,10
2359,32
2360,29
2361,85
2362,68
2363,65
2364,16
2365,65
2366,39
2367,17
2368,48
2369,71
2370,76
2371,16
2372,72
2373,38
2374,23
2375,20
2376,91
2377,35
2378,77
2379,61
2380,8
2381,3
2382,74
2383,73
2384,91
2385,74
2386,94
2387,72
2388,36
2389,101
2390,2
2391,90
2392,19
2393,65
2394,80
2395,21
2396,64
2397,48
2398,94
2399,55
2400,86
2401,11
2402,40
2403,62
2404,2
2405,29
2406,17
2407,2
2408,72
2409,65
2410,57
2411,77
2412,11
2413,50
2414,95
2415,19
2416,57
2417,1
2418,50
2419,35
2420,72
2421,50
2422,77
2423,20
2424,20
2425,30
2426,22
2427,72
2428,32
2429,95
2430,5
2431,35
2432,64
2433,11
2434,57
2435,66
2436,12
2437,100
2438,78
2439,66
2440,41
2441,68
2442,42
2443,43
2444,61
2445,2
2446,102
2447,5
2448,36
2449,47
2450,63
2451,34
2452,32
2453,25
2454,32
2455,12
2456,35
2457,44
2458,79
2459,102
2460,23
2461,46
2462,37
2463,65
2464,74
2465,56
2466,37
2467,24
2468,50
2469,56
2470,22
2471,22
2472,56
2473,60
2474,22
2475,39
2476,79
2477,31
2478,42
2479,21
2480,44
2481,100
2482,10
2483,29
2484,30
2485,62
2486,93
2487,14
2488,21
2489,16
2490,57
2491,52
2492,41
2493,30
2494,81
2495,77
2496,50
2497,3
2498,49
2499,2
2500,62
2501,9
2502,94
2503,72
2504,31
2505,82
2506,35
2507,98
2508,19
2509,77
2510,75
2511,20
2512,34
2513,85
2514,5
2515,12
2516,77
2517,80
2518,86
2519,68
2520,66
2521,77
2522,49
2523,17
2524,97
2525,25
2526,65
2527,20
2528,32
2529,62
2530,18
2531,8
2532,2
2533,12
2534,12
2535,3
2536,89
2537,84
2538,90
2539,80
2540,39
2541,11
2542,48
2543,83
2544,85
2545,73
2546,8
2547,34
2548,34
2549,35
2550,21
2551,38
2552,66
2553,76
2554,25
2555,102
2556,34
2557,43
2558,42
2559,5
2560,39
2561,95
2562,8
2563,85
2564,56
2565,20
2566,2
2567,57
2568,2
2569,43
2570,7
2571,20
2572,77
2573,84
2574,68
2575,11
2576,2
2577,86
2578,38
2579,72
2580,49
2581,84
2582,11
2583,11
2584,35
2585,42
2586,31
2587,63
2588,28
2589,20
2590,10
2591,29
2592,23
2593,19
2594,56
2595,72
2596,56
2597,22
2598,63
2599,29
2600,31
2601,35
2602,43
2603,56
2604,88
2605,60
2606,57
2607,20
2608,2
2609,91
2610,87
2611,97
2612,77
2613,102
2614,71
2615,19
2616,31
2617,62
2618,12
2619,62
2620,25
2621,97
2622,9
2623,64
2624,3
2625,25
2626,32
2627,100
2628,101
2629,75
2630,84
2631,12
2632,5
2633,48
2634,27
2635,35
2636,77
2637,12
2638,54
2639,48
2640,73
2641,81
2642,39
2643,2
2644,78
2645,35
2646,25
2647,9
2648,85
2649,28
2650,50
2651,102
2652,12
2653,78
2654,16
2655,84
2656,29
2657,20
2658,76
2659,62
2660,18
2661,77
2662,49
2663,48
2664,35
2665,95
2666,62
2667,56
2668,71
2669,62
2670,13
2671,19
2672,54
2673,23
2674,2
2675,35
2676,38
2677,36
2678,13
2679,46
2680,17
2681,37
2682,89
2683,52
2684,91
2685,26
2686,30
2687,70
2688,89
2689,54
2690,43
2691,2
2692,24
2693,19
2694,38
2695,12
2696,3
2697,51
2698,30
2699,63
2700,46
2701,28
2702,100
2703,45
2704,38
2705,98
2706,43
2707,32
2708,35
2709,42
2710,31
2711,87
2712,37
2713,39
2714,25
2715,30
2716,77
2717,72
2718,23
2719,56
2720,24
2721,56
2722,52
2723,35
2724,85
2725,59
2726,85
2727,19
2728,61
2729,37
2730,24
2731,66
2732,20
2733,67
2734,34
2735,91
2736,39
2737,2
2738,64
2739,60
2740,95
2741,38
2742,87
2743,99
2744,85
2745,102
2746,83
2747,33
2748,9
2749,56
2750,12
2751,35
2752,56
2753,99
2754,92
2755,25
2756,65
2757,102
2758,8
2759,85
2760,38
2761,85
2762,53
2763,61
2764,11
2765,8
2766,47
2767,62
2768,34
2769,34
2770,73
2771,74
2772,84
2773,85
2774,30
2775,92
2776,92
2777,24
2778,52
2779,98
2780,102
2781,38
2782,46
2783,46
2784,53
2785,80
2786,46
2787,56
2788,52
2789,73
2790,32
2791,80
2792,39
2793,56
2794,12
2795,23
2796,14
2797,94
2798,91
2799,84
2800,9
2801,86
2802,65
2803,39
2804,63
2805,35
2806,30
2807,92
2808,56
2809,37
2810,80
2811,22
2812,2
2813,94
2814,82
2815,92
2816,9
2817,2
2818,81
2819,85
2820,82
2821,77
2822,32
2823,80
2824,22
2825,82
2826,31
2827,65
2828,85
2829,56
2830,34
2831,64
2832,53
2833,25
2834,38
2835,82
2836,3
2837,73
2838,22
2839,86
2840,64
2841,65
2842,77
2843,24
2844,19
2845,83
2846,12
2847,39
2848,49
2849,73
2850,56
2851,25
2852,27
2853,84
2854,11
2855,34
2856,46
2857,85
2858,35
2859,64
2860,39
2861,77
2862,42
2863,13
2864,20
2865,65
2866,25
2867,88
2868,28
2869,29
2870,51
2871,73
2872,46
2873,65
2874,46
2875,80
2876,29
2877,9
2878,16
2879,16
2880,12
2881,20
2882,65
2883,80
2884,19
2885,18
2886,100
2887,86
2888,41
2889,68
2890,19
2891,89
2892,61
2893,30
2894,48
2895,85
2896,34
2897,21
2898,13
2899,84
2900,99
2901,75
2902,3
2903,19
2904,98
2905,46
2906,38
2907,57
2908,56
2909,84
2910,57
2911,71
2912,72
2913,52
2914,12
2915,95
2916,53
2917,91
2918,91
2919,5
2920,57
2921,58
2922,60
2923,3
2924,42
2925,18
2926,91
2927,26
2928,73
2929,42
2930,51
2931,19
2932,40
2933,102
2934,98
2935,45
2936,5
2937,51
2938,84
2939,89
2940,32
2941,84
2942,92
2943,43
2944,61
2945,11
2946,35
2947,63
2948,25
2949,63
2950,73
2951,17
2952,12
2953,83
2954,5
2955,11
2956,85
2957,33
2958,88
2959,81
2960,73
2961,5
2962,35
2963,25
2964,42
2965,46
2966,80
2967,42
2968,42
2969,20
2970,19
2971,77
2972,46
2973,46
2974,5
2975,71
2976,42
2977,34
2978,74
2979,66
2980,91
2981,14
2982,92
2983,56
2984,42
2985,48
2986,51
2987,12
2988,51
2989,34
2990,22
2991,92
2992,61
2993,65
2994,39
2995,92
2996,84
2997,24
2998,65
2999,19
3000,25
3001,83
3002,21
3003,43
3004,53
3005,25
3006,19
3007,13
3008,3
3009,58
3010,36
3011,43
3012,77
3013,42
3014,30
3015,83
3016,77
3017,34
3018,92
3019,49
3020,33
3021,85
3022,98
3023,46
3024,5
3025,35
3026,59
3027,48
3028,54
3029,5
3030,102
3031,22
3032,18
3033,21
3034,32
3035,16
3036,5
3037,37
3038,52
3039,49
3040,65
3041,24
3042,102
3043,25
3044,94
3045,45
3046,50
3047,5
3048,52
3049,31
3050,98
3051,13
3052,77
3053,24
3054,89
3055,23
3056,21
3057,56
3058,80
3059,37
3060,87
3061,65
3062,102
3063,50
3064,34
3065,100
3066,29
3067,100
3068,77
3069,12
3070,37
3071,41
3072,73
3073,9
3074,25
3075,71
3076,84
3077,5
3078,102
3079,51
3080,36
3081,52
3082,31
3083,12
3084,80
3085,32
3086,22
3087,50
3088,35
3089,54
3090,41
3091,72
3092,61
3093,61
3094,72
3095,21
3096,72
3097,82
3098,5
3099,73
3100,37
3101,12
3102,31
3103,64
3104,81
3105,35
3106,12
3107,34
3108,19
3109,39
3110,37
3111,46
3112,3
3113,31
3114,46
3115,5
3116,65
3117,25
3118,31
3119,35
3120,88
3121,12
3122,56
3123,24
3124,61
3125,56
3126,2
3127,54
3128,83
3129,5
3130,47
3131,75
3132,33
3133,35
3134,39
3135,41
3136,11
3137,36
3138,40
3139,80
3140,12
3141,62
3142,84
3143,24
3144,59
3145,28
3146,50
3147,72
3148,65
3149,24
3150,22
3151,65
3152,39
3153,19
3154,42
3155,54
3156,25
3157,39
3158,82
3159,72
3160,46
3161,62
3162,50
3163,16
3164,87
3165,50
3166,31
3167,99
3168,72
3169,53
3170,31
3171,61
3172,62
3173,85
3174,19
3175,68
3176,32
3177,64
3178,65
3179,12
3180,94
3181,94
3182,2
3183,34
3184,40
3185,82
3186,65
3187,21
3188,45
3189,9
3190,86
3191,16
3192,90
3193,11
3194,13
3195,82
3196,58
3197,43
3198,25
3199,94
3200,89
3201,87
3202,5
3203,25
3204,38
3205,50
3206,37
3207,75
3208,60
3209,102
3210,80
3211,1
3212,26
3213,56
3214,72
3215,77
3216,47
3217,95
3218,61
3219,11
3220,12
3221,99
3222,34
3223,33
3224,24
3225,5
3226,65
3227,84
3228,19
3229,33
3230,24
3231,46
3232,30
3233,5
3234,21
3235,5
3236,72
3237,87
3238,5
3239,18
3240,46
3241,30
3242,73
3243,72
3244,19
3245,48
3246,32
3247,46
3248,72
3249,9
3250,2
3251,34
3252,30
3253,20
3254,84
3255,92
3256,46
3257,99
3258,41
3259,27
3260,46
3261,72
3262,61
3263,23
3264,82
3265,53
3266,19
3267,26
3268,92
3269,12
3270,51
3271,71
3272,100
3273,77
3274,2
3275,90
3276,98
3277,102
3278,80
3279,92
3280,91
3281,32
3282,102
3283,3
3284,41
3285,85
3286,45
3287,80
3288,102
3289,72
3290,84
3291,46
3292,34
3293,99
3294,19
3295,61
3296,62
3297,16
3298,65
3299,47
3300,26
3301,50
3302,82
3303,31
3304,2
3305,25
3306,98
3307,19
3308,33
3309,60
3310,42
3311,16
3312,57
3313,82
3314,25
3315,35
3316,66
3317,61
3318,30
3319,45
3320,5
3321,77
3322,64
3323,82
3324,84
3325,19
3326,61
3327,38
3328,63
3329,100
3330,34
3331,35
3332,39
3333,42
3334,52
3335,58
3336,5
3337,102
3338,19
3339,85
3340,37
3341,18
3342,5
3343,22
3344,25
3345,25
3346,64
3347,35
3348,41
3349,85
3350,91
3351,85
3352,12
3353,92
3354,94
3355,40
3356,63
3357,82
3358,92
3359,45
3360,61
3361,5
3362,19
3363,9
3364,11
3365,2
3366,22
3367,90
3368,57
3369,52
3370,71
3371,2
3372,60
3373,22
3374,83
3375,80
3376,19
3377,11
3378,61
3379,68
3380,85
3381,25
3382,56
3383,35
3384,41
3385,21
3386,86
3387,48
3388,99
3389,49
3390,19
3391,82
3392,18
3393,13
3394,51
3395,48
3396,12
3397,48
3398,21
3399,41
3400,36
3401,100
3402,75
3403,1
3404,50
3405,5
3406,85
3407,16
3408,25
3409,102
3410,86
3411,19
3412,56
3413,37
3414,58
3415,49
3416,31
3417,85
3418,89
3419,46
3420,31
3421,51
3422,2
3423,56
3424,46
3425,31
3426,87
3427,34
3428,12
3429,49
3430,34
3431,21
3432,20
3433,38
3434,94
3435,62
3436,5
3437,102
3438,2
3439,67
3440,20
3441,68
3442,5
3443,95
3444,37
3445,65
3446,14
3447,19
3448,52
3449,72
3450,34
3451,64
3452,82
3453,98
3454,82
3455,31
3456,72
3457,51
3458,61
3459,82
3460,91
3461,48
3462,65
3463,39
3464,19
3465,12
3466,56
3467,37
3468,34
3469,39
3470,56
3471,36
3472,31
3473,43
3474,47
3475,77
3476,21
3477,49
3478,80
3479,51
3480,18
3481,91
3482,86
3483,11
3484,29
3485,85
3486,12
3487,68
3488,57
3489,31
3490,34
3491,31
3492,34
3493,20
3494,30
3495,57
3496,31
3497,23
3498,63
3499,56
3500,72
3501,68
3502,67
3503,12
3504,91
3505,29
3506,24
3507,51
3508,82
3509,19
3510,29
3511,12
3512,34
3513,67
3514,2
3515,63
3516,19
3517,72
3518,34
3519,20
3520,18
3521,85
3522,11
3523,50
3524,77
3525,62
3526,85
3527,38
3528,19
3529,94
3530,31
3531,29
3532,21
3533,85
3534,75
3535,2
3536,82
3537,84
3538,34
3539,20
3540,5
3541,43
3542,41
3543,20
3544,72
3545,47
3546,3
3547,37
3548,64
3549,57
3550,20
3551,61
3552,9
3553,42
3554,83
3555,27
3556,72
3557,24
3558,52
3559,5
3560,94
3561,37
3562,57
3563,43
3564,21
3565,16
3566,20
3567,82
3568,64
3569,61
3570,98
3571,42
3572,9
3573,40
3574,12
3575,46
3576,82
3577,42
3578,95
3579,24
3580,56
3581,12
3582,35
3583,94
3584,5
3585,82
3586,38
3587,22
3588,41
3589,25
3590,29
3591,12
3592,32
3593,66
3594,72
3595,102
3596,5
3597,42
3598,41
3599,42
3600,92
3601,100
3602,19
3603,42
3604,20
3605,72
3606,12
3607,57
3608,35
3609,24
3610,48
3611,77
3612,71
3613,25
3614,43
3615,62
3616,30
3617,27
3618,80
3619,42
3620,100
3621,80
3622,89
3623,12
3624,35
3625,86
3626,20
3627,57
3628,2
3629,84
3630,61
3631,43
3632,50
3633,42
3634,20
3635,19
3636,85
3637,84
3638,18
3639,42
3640,86
3641,42
3642,89
3643,71
3644,41
3645,42
3646,18
3647,51
3648,82
3649,50
3650,56
3651,23
3652,38
3653,20
3654,86
3655,2
3656,82
3657,86
3658,64
3659,18
3660,20
3661,43
3662,73
3663,80
3664,19
3665,102
3666,98
3667,11
3668,21
3669,2
3670,66
3671,12
3672,72
3673,85
3674,57
3675,34
3676,11
3677,64
3678,5
3679,92
3680,18
3681,41
3682,25
3683,63
3684,73
3685,51
3686,43
3687,64
3688,85
3689,23
3690,38
3691,73
3692,38
3693,82
3694,82
3695,57
3696,66
3697,85
3698,2
3699,85
3700,57
3701,2
3702,87
3703,77
3704,29
3705,64
3706,61
3707,52
3708,82
3709,41
3710,2
3711,12
3712,85
3713,82
3714,49
3715,65
3716,13
3717,100
3718,77
3719,84
3720,25
3721,86
3722,56
3723,3
3724,12
3725,5
3726,39
3727,46
3728,3
3729,56
3730,77
3731,12
3732,38
3733,64
3734,34
3735,22
3736,102
3737,80
3738,23
3739,31
3740,41
3741,92
3742,30
3743,38
3744,31
3745,22
3746,32
3747,11
3748,85
3749,91
3750,5
3751,72
3752,38
3753,57
3754,72
3755,94
3756,37
3757,25
3758,102
3759,68
3760,52
3761,39
3762,62
3763,19
3764,12
3765,32
3766,61
3767,31
3768,61
3769,82
3770,19
3771,51
3772,42
3773,35
3774,85
3775,85
3776,50
3777,41
3778,46
3779,47
3780,23
3781,49
3782,19
3783,62
3784,25
3785,66
3786,20
3787,94
3788,92
3789,47
3790,46
3791,52
3792,31
3793,64
3794,16
3795,3
3796,47
3797,3
3798,29
3799,5
3800,92
3801,21
3802,18
3803,91
3804,16
3805,16
3806,22
3807,34
3808,68
3809,48
3810,85
3811,43
3812,84
3813,19
3814,16
3815,51
3816,21
3817,80
3818,94
3819,50
3820,2
3821,57
3822,65
3823,73
3824,2
3825,94
3826,56
3827,57
3828,56
3829,43
3830,3
3831,48
3832,35
3833,47
3834,77
3835,43
3836,41
3837,61
3838,31
3839,32
3840,46
3841,5
3842,13
3843,20
3844,20
3845,34
3846,80
3847,16
3848,31
3849,32
3850,32
3851,85
3852,51
3853,47
3854,31
3855,35
3856,57
3857,19
3858,38
3859,24
3860,48
3861,5
3862,11
3863,38
3864,72
3865,82
3866,2
3867,72
3868,77
3869,46
3870,64
3871,42
3872,35
3873,22
3874,31
3875,30
3876,24
3877,91
3878,84
3879,80
3880,42
3881,102
3882,72
3883,25
3884,46
3885,72
3886,100
3887,39
3888,102
3889,18
3890,43
3891,11
3892,72
3893,80
3894,43
3895,41
3896,73
3897,11
3898,94
3899,22
3900,38
3901,22
3902,56
3903,12
3904,39
3905,18
3906,50
3907,41
3908,25
3909,22
3910,102
3911,102
3912,42
3913,12
3914,52
3915,37
3916,12
3917,72
3918,20
3919,64
3920,23
3921,22
3922,2
3923,2
3924,42
3925,62
3926,56
3927,85
3928,72
3929,91
3930,50
3931,94
3932,2
3933,65
3934,16
3935,42
3936,94
3937,19
3938,2
3939,19
3940,50
3941,25
3942,13
3943,18
3944,100
3945,22
3946,85
3947,23
3948,77
3949,82
3950,24
3951,73
3952,35
3953,20
3954,64
3955,42
3956,48
3957,35
3958,61
3959,91
3960,35
3961,23
3962,56
3963,39
3964,82
3965,92
3966,72
3967,39
3968,20
3969,19
3970,50
3971,72
3972,102
3973,3
3974,34
3975,21
3976,92
3977,18
3978,37
3979,50
3980,57
3981,64
3982,56
3983,82
3984,19
3985,80
3986,65
3987,20
3988,22
3989,82
3990,100
3991,91
3992,72
3993,43
3994,82
3995,25
3996,18
3997,56
3998,46
3999,37
4000,94
