1,26
2,51
3,66
4,105
5,7
6,48
7,91
8,25
9,71
10,90
11,8
12,8
13,32
14,28
15,70
16,87
17,111
18,30
19,109
20,110
21,11
22,82
23,16
24,57
25,2
26,91
27,74
28,83
29,90
30,34
31,29
32,64
33,97
34,41
35,47
36,68
37,40
38,100
39,100
40,54
41,54
42,84
43,81
44,73
45,46
46,73
47,74
48,2
49,6
50,37
51,7
52,25
53,72
54,36
55,112
56,95
57,81
58,25
59,34
60,114
61,81
62,39
63,33
64,102
65,44
66,96
67,28
68,47
69,57
70,73
71,12
72,3
73,98
74,36
75,102
76,102
77,25
78,9
79,6
80,1
81,104
82,31
83,93
84,60
85,49
86,17
87,65
88,1
89,21
90,75
91,19
92,34
93,10
94,96
95,54
96,25
97,82
98,78
99,95
100,94
101,50
102,47
103,4
104,46
105,72
106,40
107,28
108,55
109,52
110,47
111,76
112,20
113,30
114,7
115,28
116,36
117,31
118,7
119,75
120,108
121,95
122,59
123,72
124,66
125,10
126,54
127,76
128,66
129,74
130,60
131,52
132,87
133,27
134,90
135,19
136,15
137,16
138,54
139,94
140,68
141,85
142,12
143,29
144,85
145,55
146,51
147,44
148,84
149,48
150,30
151,82
152,86
153,8
154,98
155,95
156,48
157,32
158,60
159,33
160,20
161,72
162,13
163,114
164,13
165,104
166,3
167,10
168,98
169,93
170,35
171,39
172,85
173,30
174,5
175,89
176,73
177,54
178,115
179,3
180,31
181,52
182,113
183,16
184,85
185,14
186,47
187,38
188,5
189,82
190,75
191,41
192,18
193,11
194,17
195,26
196,113
197,84
198,27
199,33
200,36
201,26
202,52
203,14
204,82
205,22
206,66
207,106
208,23
209,48
210,98
211,110
212,55
213,100
214,1
215,108
216,9
217,3
218,6
219,78
220,76
221,14
222,56
223,52
224,102
225,68
226,44
227,26
228,29
229,75
230,11
231,10
232,109
233,93
234,21
235,81
236,98
237,114
238,57
239,42
240,39
241,55
242,10
243,65
244,71
245,77
246,50
247,57
248,61
249,82
250,32
251,74
252,101
253,30
254,48
255,8
256,68
257,107
258,57
259,59
260,55
261,15
262,53
263,67
264,43
265,7
266,78
267,31
268,101
269,47
270,79
271,10
272,113
273,90
274,7
275,89
276,38
277,24
278,25
279,30
280,26
281,106
282,9
283,91
284,99
285,50
286,71
287,112
288,113
289,76
290,104
291,80
292,57
293,58
294,109
295,56
296,74
297,15
298,65
299,9
300,57
301,92
302,70
303,20
304,10
305,81
306,114
307,45
308,12
309,66
310,81
311,48
312,52
313,7
314,7
315,91
316,15
317,73
318,97
319,80
320,37
321,24
322,103
323,78
324,85
325,38
326,28
327,33
328,100
329,61
330,17
331,80
332,38
333,114
334,55
335,91
336,54
337,72
338,71
339,111
340,85
341,39
342,31
343,111
344,8
345,56
346,55
347,25
348,48
349,94
350,71
351,90
352,61
353,16
354,10
355,74
356,84
357,84
358,85
359,99
360,102
361,7
362,83
363,85
364,90
365,48
366,36
367,7
368,48
369,17
370,57
371,98
372,84
373,111
374,82
375,28
376,63
377,83
378,59
379,56
380,48
381,23
382,108
383,43
384,1
385,13
386,114
387,3
388,46
389,82
390,1
391,100
392,79
393,94
394,66
395,51
396,54
397,65
398,53
399,10
400,61
401,115
402,67
403,46
404,60
405,47
406,61
407,107
408,69
409,64
410,49
411,49
412,38
413,58
414,86
415,38
416,107
417,35
418,81
419,37
420,49
421,30
422,68
423,99
424,37
425,49
426,58
427,37
428,53
429,89
430,29
431,98
432,67
433,64
434,104
435,70
436,19
437,29
438,79
439,26
440,47
441,106
442,69
443,12
444,19
445,12
446,7
447,21
448,30
449,67
450,8
451,104
452,106
453,43
454,13
455,85
456,16
457,28
458,61
459,60
460,20
461,110
462,112
463,53
464,85
465,55
466,77
467,27
468,73
469,21
470,2
471,29
472,4
473,33
474,34
475,31
476,101
477,42
478,2
479,53
480,54
481,67
482,89
483,62
484,89
485,101
486,50
487,55
488,67
489,56
490,74
491,1
492,10
493,52
494,47
495,3
496,70
497,81
498,10
499,26
500,5
501,18
502,83
503,68
504,45
505,111
506,106
507,105
508,33
509,82
510,48
511,58
512,28
513,24
514,71
515,77
516,6
517,10
518,17
519,58
520,98
521,37
522,61
523,1
524,91
525,20
526,53
527,2
528,38
529,97
530,2
531,65
532,37
533,112
534,52
535,7
536,11
537,106
538,77
539,75
540,37
541,112
542,35
543,89
544,5
545,100
546,74
547,103
548,83
549,111
550,115
551,36
552,2
553,44
554,98
555,10
556,106
557,35
558,34
559,33
560,64
561,111
562,11
563,60
564,30
565,51
566,39
567,89
568,61
569,5
570,39
571,19
572,39
573,54
574,90
575,61
576,18
577,37
578,21
579,7
580,56
581,13
582,16
583,49
584,25
585,48
586,65
587,74
588,21
589,110
590,48
591,93
592,105
593,14
594,111
595,39
596,92
597,58
598,56
599,49
600,42
601,28
602,28
603,11
604,28
605,2
606,92
607,61
608,107
609,107
610,40
611,105
612,115
613,97
614,58
615,103
616,84
617,16
618,55
619,81
620,63
621,112
622,30
623,98
624,42
625,54
626,47
627,102
628,24
629,7
630,36
631,14
632,8
633,103
634,29
635,105
636,34
637,85
638,79
639,5
640,68
641,37
642,107
643,15
644,10
645,25
646,78
647,24
648,47
649,30
650,49
651,48
652,41
653,85
654,1
655,66
656,85
657,55
658,54
659,39
660,52
661,19
662,28
663,69
664,88
665,115
666,85
667,103
668,32
669,29
670,87
671,48
672,31
673,41
674,31
675,96
676,59
677,35
678,40
679,91
680,64
681,107
682,30
683,41
684,38
685,109
686,43
687,43
688,39
689,33
690,27
691,93
692,12
693,31
694,39
695,39
696,89
697,115
698,30
699,81
700,110
701,22
702,110
703,79
704,79
705,48
706,61
707,77
708,20
709,50
710,37
711,64
712,74
713,48
714,3
715,75
716,10
717,47
718,7
719,92
720,46
721,72
722,55
723,75
724,37
725,41
726,12
727,27
728,21
729,2
730,2
731,85
732,83
733,85
734,3
735,48
736,80
737,115
738,87
739,73
740,37
741,61
742,10
743,65
744,29
745,21
746,85
747,48
748,39
749,87
750,45
751,65
752,98
753,16
754,69
755,3
756,97
757,71
758,114
759,105
760,110
761,71
762,85
763,81
764,36
765,44
766,106
767,97
768,4
769,97
770,7
771,48
772,68
773,28
774,93
775,39
776,94
777,17
778,49
779,84
780,85
781,17
782,52
783,55
784,67
785,26
786,19
787,35
788,97
789,30
790,47
791,115
792,48
793,48
794,43
795,98
796,115
797,48
798,86
799,21
800,39
801,3
802,6
803,15
804,35
805,77
806,115
807,91
808,113
809,48
810,35
811,39
812,108
813,57
814,74
815,3
816,55
817,76
818,13
819,101
820,25
821,96
822,92
823,54
824,93
825,45
826,42
827,77
828,39
829,106
830,48
831,50
832,28
833,82
834,68
835,94
836,70
837,2
838,55
839,31
840,89
841,61
842,30
843,97
844,36
845,26
846,28
847,4
848,54
849,31
850,17
851,55
852,79
853,23
854,78
855,44
856,111
857,105
858,93
859,85
860,58
861,98
862,28
863,13
864,38
865,36
866,105
867,104
868,115
869,15
870,24
871,42
872,29
873,55
874,2
875,82
876,101
877,71
878,2
879,74
880,102
881,91
882,9
883,92
884,27
885,82
886,109
887,110
888,29
889,8
890,3
891,8
892,79
893,115
894,63
895,80
896,113
897,83
898,12
899,96
900,61
901,32
902,28
903,25
904,35
905,2
906,62
907,5
908,3
909,16
910,111
911,46
912,97
913,31
914,25
915,103
916,13
917,2
918,51
919,2
920,6
921,101
922,20
923,114
924,3
925,56
926,28
927,112
928,107
929,28
930,1
931,102
932,51
933,77
934,103
935,23
936,40
937,59
938,7
939,83
940,51
941,34
942,54
943,85
944,33
945,64
946,62
947,12
948,70
949,33
950,90
951,35
952,14
953,76
954,29
955,2
956,68
957,17
958,37
959,23
960,84
961,38
962,40
963,115
964,1
965,99
966,5
967,69
968,62
969,46
970,13
971,8
972,65
973,38
974,98
975,17
976,80
977,92
978,59
979,48
980,43
981,72
982,110
983,30
984,36
985,94
986,92
987,29
988,102
989,10
990,54
991,41
992,35
993,76
994,107
995,77
996,29
997,31
998,51
999,21
1000,73
1001,93
1002,19
1003,88
1004,36
1005,91
1006,38
1007,95
1008,16
1009,75
1010,103
1011,26
1012,2
1013,19
1014,90
1015,5
1016,30
1017,7
1018,27
1019,111
1020,104
1021,22
1022,44
1023,96
1024,39
1025,3
1026,16
1027,74
1028,106
1029,107
1030,74
1031,22
1032,101
1033,23
1034,10
1035,115
1036,66
1037,93
1038,91
1039,105
1040,38
1041,30
1042,18
1043,11
1044,54
1045,23
1046,28
1047,42
1048,72
1049,73
1050,28
1051,38
1052,28
1053,2
1054,28
1055,29
1056,25
1057,1
1058,30
1059,85
1060,60
1061,76
1062,106
1063,23
1064,20
1065,95
1066,82
1067,43
1068,95
1069,52
1070,62
1071,89
1072,29
1073,39
1074,59
1075,35
1076,10
1077,55
1078,39
1079,64
1080,96
1081,45
1082,2
1083,39
1084,8
1085,37
1086,93
1087,82
1088,27
1089,35
1090,22
1091,5
1092,28
1093,99
1094,38
1095,24
1096,62
1097,8
1098,86
1099,3
1100,47
1101,17
1102,82
1103,53
1104,96
1105,74
1106,58
1107,91
1108,88
1109,94
1110,38
1111,50
1112,48
1113,61
1114,82
1115,74
1116,43
1117,5
1118,55
1119,56
1120,26
1121,2
1122,55
1123,52
1124,99
1125,108
1126,95
1127,112
1128,89
1129,69
1130,4
1131,35
1132,29
1133,63
1134,102
1135,35
1136,93
1137,85
1138,48
1139,29
1140,61
1141,82
1142,43
1143,87
1144,40
1145,76
1146,35
1147,27
1148,56
1149,82
1150,44
1151,9
1152,11
1153,40
1154,28
1155,25
1156,96
1157,53
1158,29
1159,62
1160,34
1161,27
1162,48
1163,85
1164,14
1165,52
1166,115
1167,105
1168,25
1169,45
1170,58
1171,25
1172,93
1173,33
1174,69
1175,89
1176,33
1177,98
1178,98
1179,35
1180,90
1181,52
1182,70
1183,74
1184,96
1185,79
1186,100
1187,112
1188,2
1189,29
1190,37
1191,24
1192,65
1193,53
1194,33
1195,61
1196,18
1197,85
1198,83
1199,1
1200,13
1201,56
1202,5
1203,11
1204,88
1205,25
1206,58
1207,86
1208,63
1209,29
1210,10
1211,103
1212,49
1213,25
1214,3
1215,30
1216,63
1217,64
1218,18
1219,115
1220,44
1221,52
1222,81
1223,35
1224,28
1225,25
1226,81
1227,93
1228,106
1229,17
1230,115
1231,75
1232,91
1233,98
1234,34
1235,38
1236,2
1237,106
1238,114
1239,48
1240,74
1241,37
1242,28
1243,67
1244,84
1245,57
1246,96
1247,115
1248,9
1249,113
1250,63
1251,99
1252,41
1253,48
1254,30
1255,61
1256,19
1257,2
1258,80
1259,10
1260,99
1261,108
1262,40
1263,51
1264,115
1265,113
1266,27
1267,92
1268,101
1269,74
1270,3
1271,115
1272,6
1273,57
1274,46
1275,85
1276,20
1277,110
1278,101
1279,14
1280,65
1281,55
1282,111
1283,96
1284,36
1285,86
1286,85
1287,50
1288,102
1289,98
1290,3
1291,31
1292,80
1293,52
1294,64
1295,72
1296,72
1297,6
1298,33
1299,20
1300,91
1301,69
1302,34
1303,73
1304,7
1305,14
1306,80
1307,44
1308,34
1309,6
1310,31
1311,50
1312,71
1313,13
1314,29
1315,2
1316,86
1317,10
1318,102
1319,31
1320,79
1321,89
1322,72
1323,7
1324,9
1325,101
1326,49
1327,110
1328,10
1329,4
1330,99
1331,55
1332,76
1333,15
1334,41
1335,19
1336,66
1337,13
1338,63
1339,21
1340,62
1341,74
1342,108
1343,50
1344,48
1345,28
1346,98
1347,42
1348,7
1349,48
1350,98
1351,56
1352,56
1353,44
1354,104
1355,2
1356,45
1357,23
1358,87
1359,38
1360,46
1361,27
1362,109
1363,108
1364,28
1365,6
1366,75
1367,78
1368,66
1369,10
1370,22
1371,37
1372,51
1373,82
1374,90
1375,37
1376,71
1377,63
1378,113
1379,104
1380,79
1381,4
1382,53
1383,35
1384,94
1385,85
1386,6
1387,53
1388,21
1389,88
1390,98
1391,13
1392,38
1393,37
1394,88
1395,54
1396,54
1397,30
1398,91
1399,25
1400,111
1401,59
1402,97
1403,115
1404,1
1405,52
1406,84
1407,28
1408,103
1409,29
1410,15
1411,9
1412,32
1413,108
1414,66
1415,85
1416,3
1417,2
1418,27
1419,78
1420,41
1421,86
1422,1
1423,83
1424,70
1425,49
1426,33
1427,72
1428,82
1429,78
1430,109
1431,72
1432,67
1433,54
1434,70
1435,71
1436,115
1437,46
1438,38
1439,92
1440,37
1441,38
1442,82
1443,109
1444,70
1445,110
1446,30
1447,109
1448,33
1449,79
1450,112
1451,4
1452,64
1453,42
1454,57
1455,24
1456,94
1457,72
1458,35
1459,64
1460,68
1461,71
1462,98
1463,4
1464,50
1465,48
1466,89
1467,86
1468,48
1469,60
1470,68
1471,110
1472,91
1473,106
1474,51
1475,10
1476,47
1477,4
1478,70
1479,64
1480,3
1481,28
1482,47
1483,77
1484,78
1485,13
1486,4
1487,81
1488,112
1489,103
1490,1
1491,69
1492,100
1493,43
1494,103
1495,113
1496,63
1497,77
1498,42
1499,43
1500,47
1501,39
1502,24
1503,37
1504,96
1505,34
1506,14
1507,22
1508,2
1509,96
1510,49
1511,44
1512,108
1513,35
1514,39
1515,106
1516,32
1517,51
1518,48
1519,102
1520,101
1521,6
1522,35
1523,83
1524,10
1525,87
1526,106
1527,109
1528,33
1529,99
1530,89
1531,52
1532,95
1533,28
1534,106
1535,39
1536,27
1537,39
1538,35
1539,5
1540,42
1541,7
1542,47
1543,31
1544,23
1545,98
1546,70
1547,45
1548,5
1549,33
1550,75
1551,2
1552,47
1553,115
1554,3
1555,1
1556,98
1557,61
1558,28
1559,64
1560,44
1561,3
1562,1
1563,38
1564,74
1565,55
1566,22
1567,72
1568,18
1569,37
1570,11
1571,109
1572,47
1573,85
1574,43
1575,56
1576,4
1577,112
1578,24
1579,55
1580,39
1581,72
1582,5
1583,5
1584,22
1585,75
1586,39
1587,88
1588,63
1589,95
1590,82
1591,107
1592,39
1593,28
1594,110
1595,39
1596,55
1597,89
1598,37
1599,113
1600,34
1601,1
1602,101
1603,5
1604,94
1605,39
1606,38
1607,90
1608,101
1609,21
1610,102
1611,115
1612,60
1613,32
1614,51
1615,8
1616,70
1617,115
1618,30
1619,47
1620,44
1621,37
1622,14
1623,60
1624,4
1625,52
1626,87
1627,43
1628,82
1629,38
1630,72
1631,86
1632,35
1633,66
1634,99
1635,85
1636,35
1637,11
1638,81
1639,55
1640,101
1641,49
1642,42
1643,99
1644,2
1645,62
1646,39
1647,115
1648,99
1649,2
1650,72
1651,91
1652,72
1653,8
1654,8
1655,46
1656,40
1657,49
1658,40
1659,56
1660,53
1661,82
1662,39
1663,108
1664,10
1665,4
1666,7
1667,75
1668,15
1669,10
1670,101
1671,52
1672,17
1673,95
1674,69
1675,2
1676,52
1677,50
1678,64
1679,23
1680,8
1681,48
1682,107
1683,87
1684,98
1685,72
1686,35
1687,109
1688,53
1689,103
1690,64
1691,18
1692,2
1693,3
1694,83
1695,2
1696,12
1697,86
1698,6
1699,102
1700,11
1701,43
1702,17
1703,9
1704,13
1705,48
1706,106
1707,45
1708,3
1709,82
1710,31
1711,25
1712,15
1713,99
1714,56
1715,22
1716,96
1717,74
1718,46
1719,7
1720,11
1721,74
1722,35
1723,62
1724,101
1725,56
1726,61
1727,96
1728,82
1729,9
1730,12
1731,25
1732,110
1733,23
1734,25
1735,56
1736,101
1737,87
1738,82
1739,72
1740,37
1741,22
1742,110
1743,21
1744,31
1745,99
1746,77
1747,89
1748,103
1749,115
1750,47
1751,101
1752,97
1753,113
1754,62
1755,34
1756,87
1757,41
1758,113
1759,54
1760,22
1761,7
1762,62
1763,94
1764,10
1765,47
1766,76
1767,55
1768,29
1769,67
1770,31
1771,97
1772,101
1773,46
1774,60
1775,47
1776,64
1777,37
1778,10
1779,99
1780,82
1781,7
1782,37
1783,44
1784,30
1785,52
1786,25
1787,49
1788,37
1789,101
1790,52
1791,28
1792,30
1793,75
1794,51
1795,61
1796,32
1797,61
1798,23
1799,25
1800,89
1801,8
1802,55
1803,78
1804,5
1805,42
1806,74
1807,91
1808,39
1809,7
1810,45
1811,44
1812,28
1813,32
1814,88
1815,17
1816,45
1817,106
1818,38
1819,81
1820,98
1821,40
1822,25
1823,9
1824,97
1825,7
1826,6
1827,109
1828,43
1829,98
1830,14
1831,21
1832,50
1833,37
1834,21
1835,113
1836,51
1837,46
1838,26
1839,7
1840,24
1841,20
1842,94
1843,107
1844,14
1845,39
1846,46
1847,100
1848,25
1849,55
1850,89
1851,112
1852,34
1853,95
1854,82
1855,87
1856,47
1857,6
1858,32
1859,89
1860,85
1861,6
1862,12
1863,53
1864,31
1865,85
1866,45
1867,88
1868,30
1869,25
1870,18
1871,54
1872,89
1873,29
1874,83
1875,15
1876,8
1877,85
1878,106
1879,38
1880,89
1881,80
1882,23
1883,30
1884,11
1885,71
1886,82
1887,34
1888,108
1889,74
1890,35
1891,3
1892,6
1893,6
1894,26
1895,109
1896,29
1897,59
1898,91
1899,114
1900,67
1901,100
1902,108
1903,86
1904,60
1905,39
1906,85
1907,28
1908,38
1909,48
1910,22
1911,78
1912,44
1913,24
1914,99
1915,45
1916,32
1917,22
1918,35
1919,63
1920,63
1921,6
1922,37
1923,7
1924,59
1925,12
1926,80
1927,103
1928,88
1929,52
1930,53
1931,10
1932,45
1933,5
1934,54
1935,15
1936,54
1937,71
1938,102
1939,94
1940,115
1941,7
1942,69
1943,30
1944,87
1945,114
1946,47
1947,55
1948,115
1949,39
1950,7
1951,101
1952,109
1953,48
1954,71
1955,28
1956,7
1957,94
1958,61
1959,7
1960,38
1961,85
1962,80
1963,56
1964,78
1965,46
1966,44
1967,114
1968,34
1969,69
1970,89
1971,37
1972,15
1973,12
1974,75
1975,30
1976,11
1977,31
1978,27
1979,69
1980,110
1981,23
1982,64
1983,93
1984,63
1985,55
1986,23
1987,74
1988,37
1989,94
1990,77
1991,11
1992,62
1993,67
1994,51
1995,43
1996,30
1997,104
1998,37
1999,75
2000,5
2001,106
2002,60
2003,28
2004,3
2005,108
2006,94
2007,3
2008,7
2009,31
2010,30
2011,102
2012,101
2013,7
2014,99
2015,3
2016,25
2017,32
2018,44
2019,48
2020,87
2021,41
2022,31
2023,14
2024,59
2025,3
2026,72
2027,34
2028,69
2029,88
2030,28
2031,67
2032,5
2033,31
2034,43
2035,109
2036,74
2037,74
2038,10
2039,109
2040,113
2041,1
2042,62
2043,39
2044,37
2045,39
2046,60
2047,76
2048,11
2049,25
2050,20
2051,94
2052,25
2053,98
2054,20
2055,6
2056,27
2057,114
2058,93
2059,6
2060,28
2061,40
2062,98
2063,82
2064,60
2065,39
2066,15
2067,9
2068,109
2069,29
2070,106
2071,86
2072,55
2073,28
2074,43
2075,48
2076,34
2077,45
2078,8
2079,86
2080,71
2081,99
2082,18
2083,11
2084,72
2085,94
2086,9
2087,28
2088,30
2089,89
2090,61
2091,69
2092,74
2093,90
2094,86
2095,75
2096,34
2097,72
2098,53
2099,7
2100,71
2101,4
2102,102
2103,97
2104,51
2105,93
2106,39
2107,102
2108,115
2109,89
2110,10
2111,10
2112,6
2113,54
2114,59
2115,41
2116,15
2117,7
2118,43
2119,2
2120,30
2121,14
2122,91
2123,72
2124,88
2125,67
2126,28
2127,24
2128,75
2129,113
2130,23
2131,106
2132,1
2133,29
2134,23
2135,101
2136,98
2137,108
2138,82
2139,100
2140,115
2141,32
2142,104
2143,64
2144,39
2145,69
2146,28
2147,33
2148,93
2149,18
2150,40
2151,11
2152,81
2153,4
2154,85
2155,85
2156,96
2157,76
2158,64
2159,48
2160,39
2161,41
2162,5
2163,13
2164,31
2165,77
2166,40
2167,71
2168,82
2169,26
2170,95
2171,48
2172,76
2173,27
2174,37
2175,78
2176,7
2177,33
2178,39
2179,82
2180,37
2181,30
2182,48
2183,1
2184,18
2185,44
2186,35
2187,101
2188,3
2189,61
2190,1
2191,20
2192,48
2193,22
2194,78
2195,20
2196,82
2197,109
2198,37
2199,28
2200,75
2201,37
2202,10
2203,24
2204,94
2205,55
2206,89
2207,25
2208,32
2209,114
2210,38
2211,25
2212,90
2213,53
2214,46
2215,87
2216,35
2217,74
2218,29
2219,4
2220,101
2221,6
2222,90
2223,98
2224,110
2225,7
2226,3
2227,114
2228,3
2229,53
2230,12
2231,25
2232,90
2233,8
2234,33
2235,53
2236,94
2237,103
2238,60
2239,39
2240,34
2241,10
2242,10
2243,41
2244,44
2245,85
2246,28
2247,15
2248,12
2249,38
2250,3
2251,60
2252,89
2253,59
2254,63
2255,8
2256,7
2257,37
2258,9
2259,80
2260,47
2261,37
2262,80
2263,95
2264,95
2265,14
2266,39
2267,91
2268,102
2269,21
2270,45
2271,5
2272,89
2273,21
2274,55
2275,55
2276,39
2277,7
2278,6
2279,8
2280,51
2281,80
2282,61
2283,13
2284,5
2285,10
2286,3
2287,25
2288,93
2289,91
2290,43
2291,93
2292,100
2293,35
2294,115
2295,71
2296,99
2297,88
2298,109
2299,77
2300,25
2301,54
2302,30
2303,1
2304,37
2305,48
2306,47
2307,25
2308,33
2309,32
2310,102
2311,24
2312,30
2313,18
2314,43
2315,53
2316,28
2317,64
2318,3
2319,64
2320,37
2321,35
2322,98
2323,61
2324,29
2325,100
2326,110
2327,48
2328,86
2329,7
2330,89
2331,89
2332,59
2333,34
2334,3
2335,94
2336,74
2337,7
2338,110
2339,52
2340,29
2341,85
2342,49
2343,55
2344,1
2345,4
2346,30
2347,47
2348,89
2349,10
2350,6
2351,4
2352,76
2353,14
2354,29
2355,71
2356,44
2357,64
2358,53
2359,115
2360,5
2361,1
2362,37
2363,30
2364,3
2365,29
2366,48
2367,29
2368,18
2369,91
2370,61
2371,108
2372,38
2373,18
2374,59
2375,21
2376,35
2377,3
2378,10
2379,7
2380,11
2381,98
2382,25
2383,74
2384,77
2385,37
2386,104
2387,90
2388,10
2389,3
2390,72
2391,114
2392,47
2393,74
2394,22
2395,72
2396,49
2397,23
2398,108
2399,59
2400,86
2401,85
2402,91
2403,30
2404,82
2405,51
2406,3
2407,3
2408,59
2409,28
2410,61
2411,80
2412,60
2413,7
2414,51
2415,86
2416,113
2417,85
2418,95
2419,25
2420,30
2421,45
2422,28
2423,43
2424,115
2425,47
2426,96
2427,106
2428,52
2429,39
2430,82
2431,109
2432,106
2433,47
2434,82
2435,81
2436,89
2437,31
2438,94
2439,31
2440,59
2441,11
2442,95
2443,100
2444,89
2445,46
2446,3
2447,78
2448,94
2449,82
2450,99
2451,10
2452,93
2453,52
2454,47
2455,48
2456,43
2457,101
2458,14
2459,55
2460,101
2461,48
2462,74
2463,74
2464,29
2465,98
2466,91
2467,51
2468,12
2469,15
2470,100
2471,28
2472,3
2473,24
2474,15
2475,39
2476,81
2477,35
2478,21
2479,30
2480,52
2481,82
2482,80
2483,85
2484,10
2485,60
2486,52
2487,39
2488,8
2489,77
2490,11
2491,44
2492,39
2493,85
2494,81
2495,21
2496,25
2497,87
2498,48
2499,34
2500,13
2501,7
2502,24
2503,74
2504,38
2505,96
2506,91
2507,48
2508,54
2509,18
2510,40
2511,74
2512,71
2513,96
2514,28
2515,99
2516,31
2517,25
2518,45
2519,110
2520,37
2521,53
2522,86
2523,109
2524,25
2525,53
2526,49
2527,1
2528,28
2529,48
2530,10
2531,61
2532,85
2533,74
2534,72
2535,61
2536,37
2537,56
2538,45
2539,61
2540,86
2541,75
2542,85
2543,115
2544,37
2545,18
2546,6
2547,114
2548,31
2549,114
2550,108
2551,80
2552,37
2553,76
2554,39
2555,47
2556,93
2557,91
2558,109
2559,21
2560,90
2561,23
2562,15
2563,39
2564,46
2565,61
2566,11
2567,99
2568,82
2569,25
2570,109
2571,78
2572,13
2573,89
2574,114
2575,115
2576,2
2577,31
2578,61
2579,7
2580,28
2581,75
2582,114
2583,101
2584,110
2585,15
2586,47
2587,101
2588,96
2589,88
2590,85
2591,78
2592,56
2593,37
2594,7
2595,44
2596,93
2597,76
2598,100
2599,28
2600,72
2601,88
2602,5
2603,12
2604,100
2605,89
2606,35
2607,115
2608,7
2609,44
2610,3
2611,104
2612,80
2613,91
2614,74
2615,38
2616,21
2617,1
2618,1
2619,64
2620,71
2621,28
2622,40
2623,27
2624,88
2625,91
2626,40
2627,38
2628,85
2629,39
2630,93
2631,94
2632,18
2633,48
2634,94
2635,52
2636,3
2637,94
2638,3
2639,82
2640,104
2641,101
2642,10
2643,64
2644,39
2645,108
2646,81
2647,54
2648,7
2649,115
2650,14
2651,28
2652,109
2653,40
2654,23
2655,115
2656,55
2657,35
2658,39
2659,6
2660,93
2661,37
2662,89
2663,96
2664,72
2665,31
2666,61
2667,106
2668,48
2669,14
2670,64
2671,23
2672,28
2673,51
2674,29
2675,25
2676,86
2677,74
2678,61
2679,48
2680,89
2681,3
2682,11
2683,80
2684,91
2685,89
2686,1
2687,99
2688,51
2689,74
2690,28
2691,104
2692,104
2693,28
2694,82
2695,21
2696,49
2697,94
2698,76
2699,74
2700,30
2701,33
2702,74
2703,48
2704,48
2705,31
2706,34
2707,71
2708,7
2709,38
2710,37
2711,74
2712,54
2713,1
2714,95
2715,102
2716,3
2717,115
2718,8
2719,101
2720,53
2721,91
2722,31
2723,7
2724,1
2725,82
2726,1
2727,4
2728,98
2729,74
2730,29
2731,61
2732,55
2733,45
2734,28
2735,11
2736,3
2737,37
2738,94
2739,74
2740,7
2741,1
2742,71
2743,54
2744,72
2745,11
2746,98
2747,81
2748,25
2749,82
2750,39
2751,91
2752,48
2753,37
2754,47
2755,71
2756,91
2757,2
2758,78
2759,59
2760,104
2761,89
2762,109
2763,48
2764,114
2765,15
2766,2
2767,76
2768,55
2769,115
2770,15
2771,10
2772,38
2773,76
2774,51
2775,61
2776,102
2777,1
2778,51
2779,15
2780,99
2781,13
2782,99
2783,49
2784,98
2785,55
2786,51
2787,56
2788,89
2789,35
2790,94
2791,39
2792,14
2793,3
2794,106
2795,39
2796,15
2797,29
2798,35
2799,6
2800,10
2801,2
2802,37
2803,64
2804,13
2805,25
2806,91
2807,114
2808,104
2809,52
2810,31
2811,29
2812,28
2813,14
2814,88
2815,102
2816,4
2817,51
2818,35
2819,85
2820,46
2821,64
2822,1
2823,8
2824,81
2825,99
2826,5
2827,95
2828,109
2829,3
2830,85
2831,2
2832,54
2833,43
2834,39
2835,115
2836,101
2837,86
2838,74
2839,28
2840,88
2841,44
2842,82
2843,61
2844,49
2845,115
2846,94
2847,54
2848,101
2849,6
2850,11
2851,101
2852,115
2853,6
2854,2
2855,46
2856,99
2857,100
2858,3
2859,88
2860,2
2861,82
2862,7
2863,55
2864,27
2865,80
2866,82
2867,104
2868,25
2869,74
2870,29
2871,93
2872,45
2873,82
2874,30
2875,31
2876,37
2877,110
2878,96
2879,1
2880,33
2881,94
2882,59
2883,1
2884,37
2885,38
2886,100
2887,28
2888,115
2889,96
2890,28
2891,114
2892,3
2893,115
2894,94
2895,86
2896,7
2897,89
2898,72
2899,28
2900,40
2901,21
2902,51
2903,5
2904,3
2905,27
2906,91
2907,78
2908,101
2909,30
2910,88
2911,85
2912,106
2913,75
2914,71
2915,2
2916,6
2917,91
2918,74
2919,37
2920,39
2921,30
2922,59
2923,28
2924,33
2925,29
2926,48
2927,89
2928,75
2929,44
2930,80
2931,89
2932,39
2933,64
2934,48
2935,89
2936,99
2937,115
2938,94
2939,29
2940,29
2941,2
2942,52
2943,94
2944,74
2945,75
2946,2
2947,5
2948,33
2949,91
2950,100
2951,3
2952,11
2953,2
2954,35
2955,61
2956,31
2957,45
2958,15
2959,2
2960,3
2961,4
2962,115
2963,33
2964,74
2965,106
2966,23
2967,91
2968,55
2969,30
2970,29
2971,102
2972,4
2973,101
2974,104
2975,80
2976,99
2977,34
2978,91
2979,35
2980,51
2981,15
2982,96
2983,3
2984,21
2985,51
2986,55
2987,7
2988,104
2989,3
2990,74
2991,56
2992,6
2993,51
2994,8
2995,89
2996,34
2997,64
2998,88
2999,38
3000,101
3001,23
3002,34
3003,31
3004,100
3005,51
3006,74
3007,11
3008,37
3009,93
3010,45
3011,1
3012,101
3013,25
3014,91
3015,85
3016,82
3017,86
3018,85
3019,74
3020,52
3021,110
3022,115
3023,44
3024,72
3025,39
3026,2
3027,109
3028,64
3029,29
3030,94
3031,6
3032,86
3033,35
3034,35
3035,37
3036,15
3037,28
3038,35
3039,5
3040,89
3041,93
3042,89
3043,7
3044,86
3045,100
3046,33
3047,80
3048,106
3049,48
3050,44
3051,1
3052,114
3053,6
3054,37
3055,3
3056,30
3057,93
3058,74
3059,15
3060,40
3061,11
3062,37
3063,54
3064,61
3065,30
3066,35
3067,7
3068,38
3069,51
3070,6
3071,89
3072,38
3073,85
3074,44
3075,61
3076,72
3077,10
3078,53
3079,64
3080,56
3081,34
3082,23
3083,33
3084,10
3085,39
3086,40
3087,56
3088,28
3089,15
3090,37
3091,1
3092,39
3093,61
3094,5
3095,109
3096,3
3097,101
3098,30
3099,7
3100,5
3101,3
3102,34
3103,31
3104,10
3105,10
3106,2
3107,35
3108,64
3109,100
3110,3
3111,29
3112,29
3113,55
3114,94
3115,48
3116,23
3117,40
3118,85
3119,2
3120,21
3121,51
3122,48
3123,7
3124,39
3125,47
3126,72
3127,74
3128,40
3129,61
3130,7
3131,10
3132,81
3133,101
3134,40
3135,55
3136,93
3137,7
3138,29
3139,85
3140,25
3141,89
3142,29
3143,38
3144,75
3145,29
3146,101
3147,47
3148,64
3149,55
3150,114
3151,74
3152,82
3153,29
3154,64
3155,72
3156,80
3157,47
3158,2
3159,93
3160,115
3161,81
3162,2
3163,47
3164,64
3165,30
3166,48
3167,48
3168,91
3169,7
3170,2
3171,39
3172,72
3173,93
3174,31
3175,101
3176,40
3177,15
3178,64
3179,80
3180,25
3181,43
3182,25
3183,85
3184,3
3185,2
3186,99
3187,91
3188,48
3189,82
3190,37
3191,37
3192,11
3193,29
3194,100
3195,74
3196,101
3197,48
3198,37
3199,98
3200,28
3201,1
3202,34
3203,55
3204,40
3205,37
3206,80
3207,37
3208,6
3209,61
3210,74
3211,64
3212,3
3213,38
3214,15
3215,85
3216,2
3217,3
3218,28
3219,110
3220,2
3221,51
3222,5
3223,1
3224,35
3225,30
3226,7
3227,39
3228,38
3229,100
3230,39
3231,86
3232,110
3233,109
3234,81
3235,44
3236,100
3237,52
3238,106
3239,51
3240,48
3241,7
3242,25
3243,21
3244,85
3245,35
3246,81
3247,29
3248,7
3249,6
3250,109
3251,34
3252,101
3253,1
3254,30
3255,82
3256,52
3257,48
3258,30
3259,85
3260,43
3261,47
3262,98
3263,74
3264,91
3265,37
3266,109
3267,39
3268,30
3269,100
3270,115
3271,25
3272,64
3273,44
3274,10
3275,53
3276,53
3277,52
3278,1
3279,37
3280,33
3281,1
3282,53
3283,115
3284,28
3285,94
3286,2
3287,47
3288,72
3289,7
3290,11
3291,48
3292,15
3293,37
3294,28
3295,3
3296,94
3297,39
3298,37
3299,85
3300,35
3301,7
3302,31
3303,93
3304,1
3305,110
3306,33
3307,7
3308,44
3309,21
3310,71
3311,11
3312,91
3313,74
3314,11
3315,38
3316,30
3317,15
3318,80
3319,93
3320,29
3321,35
3322,48
3323,98
3324,8
3325,1
3326,75
3327,6
3328,15
3329,86
3330,85
3331,31
3332,28
3333,43
3334,21
3335,2
3336,72
3337,51
3338,34
3339,33
3340,71
3341,30
3342,7
3343,89
3344,3
3345,91
3346,101
3347,82
3348,89
3349,6
3350,30
3351,29
3352,75
3353,15
3354,37
3355,75
3356,37
3357,8
3358,74
3359,37
3360,29
3361,85
3362,38
3363,53
3364,28
3365,29
3366,71
3367,34
3368,11
3369,35
3370,100
3371,74
3372,33
3373,54
3374,106
3375,2
3376,86
3377,25
3378,94
3379,93
3380,85
3381,7
3382,74
3383,2
3384,101
3385,61
3386,115
3387,37
3388,25
3389,82
3390,53
3391,64
3392,64
3393,52
3394,89
3395,25
3396,52
3397,15
3398,39
3399,6
3400,52
3401,2
3402,3
3403,25
3404,86
3405,110
3406,1
3407,81
3408,3
3409,43
3410,52
3411,10
3412,37
3413,25
3414,35
3415,55
3416,15
3417,25
3418,10
3419,35
3420,15
3421,15
3422,21
3423,39
3424,54
3425,7
3426,99
3427,30
3428,75
3429,38
3430,64
3431,100
3432,30
3433,52
3434,29
3435,39
3436,72
3437,3
3438,37
3439,7
3440,82
3441,39
3442,72
3443,33
3444,80
3445,47
3446,82
3447,91
3448,15
3449,25
3450,7
3451,82
3452,47
3453,1
3454,48
3455,29
3456,35
3457,115
3458,47
3459,25
3460,15
3461,3
3462,89
3463,115
3464,115
3465,72
3466,94
3467,89
3468,2
3469,34
3470,34
3471,38
3472,11
3473,48
3474,91
3475,28
3476,51
3477,115
3478,7
3479,7
3480,64
3481,51
3482,28
3483,35
3484,11
3485,2
3486,28
3487,7
3488,1
3489,35
3490,72
3491,35
3492,1
3493,37
3494,64
3495,101
3496,64
3497,81
3498,10
3499,86
3500,28
3501,30
3502,39
3503,81
3504,15
3505,82
3506,10
3507,48
3508,94
3509,64
3510,85
3511,30
3512,71
3513,30
3514,64
3515,25
3516,115
3517,31
3518,54
3519,115
3520,82
3521,3
3522,61
3523,101
3524,55
3525,28
3526,99
3527,48
3528,54
3529,106
3530,5
3531,39
3532,11
3533,53
3534,82
3535,34
3536,64
3537,81
3538,94
3539,2
3540,101
3541,48
3542,74
3543,44
3544,47
3545,25
3546,37
3547,52
3548,35
3549,5
3550,48
3551,48
3552,33
3553,115
3554,2
3555,48
3556,3
3557,72
3558,64
3559,37
3560,6
3561,89
3562,51
3563,11
3564,61
3565,81
3566,64
3567,81
3568,3
3569,93
3570,82
3571,38
3572,1
3573,101
3574,101
3575,29
3576,55
3577,52
3578,3
3579,74
3580,34
3581,74
3582,7
3583,85
3584,54
3585,35
3586,85
3587,64
3588,99
3589,85
3590,99
3591,53
3592,2
3593,48
3594,64
3595,31
3596,35
3597,85
3598,2
3599,28
3600,6
3601,55
3602,106
3603,25
3604,94
3605,29
3606,94
3607,51
3608,48
3609,28
3610,82
3611,2
3612,48
3613,89
3614,94
3615,81
3616,115
3617,82
3618,51
3619,6
3620,39
3621,35
3622,39
3623,6
3624,48
3625,61
3626,10
3627,29
3628,94
3629,10
3630,74
3631,30
3632,64
3633,39
3634,3
3635,1
3636,82
3637,37
3638,3
3639,115
3640,55
3641,47
3642,101
3643,2
3644,48
3645,39
3646,74
3647,29
3648,35
3649,35
3650,51
3651,34
3652,28
3653,93
3654,33
3655,64
3656,35
3657,93
3658,115
3659,35
3660,10
3661,2
3662,94
3663,55
3664,93
3665,10
3666,6
3667,2
3668,89
3669,115
3670,64
3671,47
3672,2
3673,82
3674,52
3675,25
3676,94
3677,38
3678,3
3679,115
3680,51
3681,30
3682,48
3683,47
3684,28
3685,93
3686,33
3687,1
3688,115
3689,72
3690,38
3691,1
3692,38
3693,85
3694,85
3695,51
3696,33
3697,74
3698,115
3699,101
3700,48
3701,55
3702,85
3703,30
3704,94
3705,55
3706,35
3707,106
3708,1
3709,7
3710,85
3711,106
3712,10
3713,38
3714,39
3715,91
3716,1
3717,25
3718,2
3719,7
3720,47
3721,2
3722,29
3723,55
3724,52
3725,51
3726,39
3727,37
3728,48
3729,52
3730,28
3731,31
3732,64
3733,106
3734,106
3735,6
3736,101
3737,31
3738,39
3739,28
3740,106
3741,94
3742,11
3743,2
3744,106
3745,25
3746,29
3747,7
3748,55
3749,74
3750,94
3751,101
3752,89
3753,1
3754,29
3755,3
3756,25
3757,2
3758,25
3759,29
3760,61
3761,89
3762,74
3763,37
3764,37
3765,6
3766,55
3767,98
3768,94
3769,7
3770,10
3771,94
3772,91
3773,37
3774,52
3775,3
3776,37
3777,2
3778,30
3779,101
3780,55
3781,2
3782,7
3783,48
3784,72
3785,29
3786,101
3787,101
3788,101
3789,52
3790,55
3791,106
3792,38
3793,115
3794,51
3795,82
3796,74
3797,91
3798,47
3799,28
3800,1
3801,15
3802,64
3803,74
3804,2
3805,74
3806,82
3807,37
3808,25
3809,3
3810,7
3811,47
3812,47
3813,85
3814,15
3815,29
3816,64
3817,3
3818,74
3819,61
3820,25
3821,7
3822,61
3823,7
3824,30
3825,101
3826,47
3827,51
3828,2
3829,115
3830,7
3831,2
3832,61
3833,51
3834,82
3835,10
3836,7
3837,2
3838,74
3839,35
3840,7
3841,64
3842,6
3843,48
3844,39
3845,82
3846,28
3847,10
3848,101
3849,74
3850,30
3851,55
3852,61
3853,35
3854,52
3855,94
3856,101
3857,37
3858,55
3859,37
3860,31
3861,51
3862,91
3863,47
3864,55
3865,30
3866,61
3867,91
3868,85
3869,15
3870,3
3871,37
3872,30
3873,61
3874,35
3875,28
3876,115
3877,47
3878,85
3879,72
3880,85
3881,3
3882,91
3883,35
3884,3
3885,82
3886,52
3887,101
3888,28
3889,25
3890,74
3891,2
3892,7
3893,48
3894,82
3895,115
3896,47
3897,38
3898,55
3899,74
3900,61
3901,39
3902,115
3903,52
3904,29
3905,7
3906,94
3907,91
3908,61
3909,115
3910,64
3911,3
3912,37
3913,61
3914,30
3915,94
3916,10
3917,61
3918,1
3919,35
3920,47
3921,51
3922,94
3923,37
3924,89
3925,91
3926,35
3927,94
3928,25
3929,3
3930,82
3931,7
3932,10
3933,72
3934,7
3935,35
3936,10
3937,89
3938,72
3939,48
3940,28
3941,35
3942,29
3943,1
3944,74
3945,1
3946,2
3947,55
3948,47
3949,7
3950,101
3951,47
3952,1
3953,38
3954,61
3955,48
3956,10
3957,115
3958,30
3959,3
3960,48
3961,72
3962,101
3963,28
3964,2
3965,51
3966,38
3967,74
3968,61
3969,61
3970,39
3971,61
3972,82
3973,94
3974,55
3975,39
3976,1
3977,10
3978,89
3979,47
3980,64
3981,61
3982,74
3983,30
3984,55
3985,3
3986,82
3987,2
3988,89
3989,25
3990,38
3991,94
3992,101
3993,115
3994,25
3995,29
3996,82
3997,28
3998,30
3999,48
4000,28
