1,22
2,90
3,53
4,84
5,27
6,76
7,55
8,19
9,8
10,31
11,46
12,61
13,108
14,32
15,70
16,41
17,72
18,81
19,92
20,84
21,73
22,37
23,61
24,103
25,27
26,49
27,36
28,37
29,87
30,48
31,68
32,68
33,64
34,33
35,47
36,24
37,30
38,21
39,91
40,78
41,21
42,42
43,22
44,31
45,11
46,17
47,98
48,64
49,41
50,20
51,40
52,106
53,61
54,87
55,100
56,72
57,33
58,113
59,51
60,12
61,82
62,68
63,39
64,98
65,61
66,113
67,9
68,89
69,84
70,53
71,57
72,82
73,72
74,49
75,95
76,25
77,51
78,90
79,96
80,56
81,41
82,76
83,43
84,24
85,71
86,61
87,68
88,91
89,83
90,30
91,92
92,42
93,113
94,29
95,113
96,37
97,53
98,78
99,58
100,84
101,41
102,69
103,107
104,6
105,60
106,100
107,25
108,74
109,80
110,74
111,64
112,72
113,103
114,74
115,95
116,107
117,73
118,35
119,24
120,20
121,3
122,107
123,31
124,39
125,86
126,41
127,55
128,71
129,35
130,98
131,90
132,41
133,46
134,43
135,42
136,65
137,109
138,19
139,26
140,33
141,100
142,71
143,2
144,12
145,9
146,64
147,85
148,57
149,65
150,30
151,86
152,68
153,87
154,62
155,42
156,91
157,13
158,32
159,71
160,88
161,95
162,55
163,72
164,75
165,112
166,20
167,21
168,59
169,81
170,28
171,112
172,19
173,95
174,26
175,8
176,42
177,14
178,81
179,107
180,61
181,71
182,37
183,12
184,53
185,76
186,52
187,78
188,98
189,52
190,69
191,50
192,100
193,14
194,82
195,44
196,89
197,48
198,88
199,49
200,19
201,78
202,14
203,47
204,18
205,26
206,61
207,13
208,55
209,34
210,7
211,67
212,27
213,90
214,93
215,54
216,19
217,81
218,87
219,95
220,30
221,22
222,56
223,56
224,45
225,81
226,43
227,41
228,64
229,35
230,76
231,104
232,100
233,95
234,71
235,58
236,53
237,9
238,92
239,24
240,105
241,14
242,50
243,76
244,10
245,51
246,93
247,86
248,93
249,72
250,3
251,54
252,24
253,104
254,25
255,37
256,41
257,18
258,95
259,52
260,29
261,12
262,61
263,44
264,83
265,55
266,37
267,54
268,73
269,64
270,35
271,59
272,52
273,68
274,3
275,4
276,45
277,34
278,12
279,6
280,30
281,107
282,104
283,75
284,28
285,89
286,104
287,63
288,13
289,45
290,12
291,73
292,80
293,64
294,58
295,78
296,44
297,106
298,82
299,1
300,106
301,30
302,82
303,70
304,64
305,55
306,109
307,23
308,50
309,48
310,90
311,20
312,106
313,91
314,11
315,90
316,77
317,12
318,10
319,11
320,63
321,76
322,80
323,21
324,64
325,82
326,50
327,97
328,13
329,106
330,59
331,79
332,75
333,108
334,41
335,5
336,87
337,73
338,73
339,59
340,42
341,49
342,53
343,71
344,80
345,26
346,103
347,103
348,65
349,93
350,81
351,68
352,7
353,7
354,98
355,26
356,26
357,7
358,36
359,33
360,112
361,84
362,107
363,44
364,51
365,54
366,27
367,63
368,39
369,68
370,102
371,99
372,15
373,1
374,36
375,3
376,5
377,72
378,89
379,110
380,86
381,14
382,5
383,4
384,34
385,25
386,6
387,100
388,98
389,64
390,90
391,113
392,85
393,55
394,84
395,99
396,46
397,89
398,22
399,85
400,23
401,98
402,87
403,10
404,8
405,20
406,14
407,38
408,79
409,54
410,26
411,25
412,108
413,79
414,91
415,14
416,41
417,71
418,18
419,30
420,61
421,86
422,52
423,111
424,42
425,61
426,29
427,107
428,19
429,41
430,21
431,46
432,24
433,76
434,80
435,41
436,32
437,43
438,106
439,111
440,44
441,48
442,34
443,95
444,75
445,82
446,77
447,81
448,5
449,28
450,88
451,75
452,110
453,38
454,28
455,110
456,69
457,83
458,67
459,55
460,71
461,15
462,15
463,17
464,52
465,73
466,107
467,41
468,36
469,52
470,38
471,41
472,61
473,113
474,99
475,34
476,75
477,73
478,57
479,50
480,51
481,64
482,104
483,42
484,42
485,10
486,15
487,78
488,2
489,61
490,37
491,107
492,100
493,37
494,100
495,48
496,21
497,59
498,23
499,110
500,106
501,37
502,67
503,86
504,108
505,35
506,21
507,33
508,26
509,61
510,12
511,80
512,47
513,84
514,36
515,101
516,15
517,47
518,9
519,18
520,97
521,32
522,31
523,21
524,34
525,81
526,109
527,22
528,72
529,18
530,102
531,38
532,14
533,23
534,61
535,25
536,44
537,4
538,89
539,34
540,106
541,51
542,6
543,60
544,75
545,97
546,110
547,30
548,53
549,76
550,69
551,80
552,107
553,65
554,86
555,33
556,84
557,74
558,94
559,28
560,74
561,74
562,29
563,9
564,38
565,69
566,54
567,71
568,82
569,46
570,62
571,98
572,10
573,76
574,36
575,109
576,61
577,20
578,56
579,59
580,73
581,80
582,6
583,5
584,54
585,66
586,83
587,9
588,7
589,89
590,72
591,82
592,43
593,90
594,70
595,29
596,110
597,13
598,94
599,70
600,93
601,97
602,33
603,88
604,87
605,76
606,20
607,4
608,85
609,84
610,62
611,93
612,111
613,10
614,51
615,106
616,13
617,22
618,53
619,108
620,87
621,85
622,33
623,7
624,22
625,55
626,65
627,17
628,10
629,76
630,68
631,46
632,93
633,4
634,83
635,52
636,28
637,73
638,11
639,72
640,75
641,19
642,39
643,92
644,98
645,93
646,89
647,37
648,73
649,99
650,72
651,107
652,35
653,49
654,81
655,54
656,81
657,24
658,38
659,73
660,105
661,36
662,66
663,98
664,56
665,37
666,9
667,79
668,61
669,82
670,65
671,48
672,75
673,16
674,37
675,15
676,44
677,73
678,31
679,36
680,71
681,96
682,86
683,71
684,85
685,74
686,11
687,55
688,81
689,16
690,84
691,2
692,26
693,103
694,62
695,35
696,104
697,59
698,86
699,81
700,81
701,76
702,19
703,19
704,110
705,83
706,9
707,97
708,25
709,47
710,50
711,78
712,39
713,70
714,107
715,41
716,96
717,66
718,8
719,56
720,97
721,34
722,33
723,16
724,36
725,93
726,42
727,50
728,72
729,60
730,23
731,61
732,75
733,6
734,41
735,112
736,53
737,58
738,35
739,18
740,35
741,88
742,71
743,26
744,101
745,70
746,58
747,91
748,98
749,67
750,25
751,97
752,7
753,24
754,52
755,79
756,66
757,18
758,30
759,107
760,90
761,21
762,8
763,101
764,104
765,52
766,70
767,45
768,74
769,69
770,34
771,21
772,82
773,2
774,36
775,106
776,78
777,21
778,99
779,75
780,4
781,69
782,109
783,110
784,39
785,39
786,74
787,106
788,94
789,84
790,82
791,103
792,42
793,106
794,81
795,104
796,86
797,39
798,82
799,74
800,88
801,16
802,44
803,54
804,42
805,37
806,100
807,44
808,20
809,93
810,10
811,66
812,103
813,82
814,1
815,49
816,50
817,78
818,37
819,97
820,109
821,82
822,28
823,97
824,51
825,33
826,45
827,33
828,18
829,47
830,47
831,20
832,83
833,88
834,68
835,80
836,3
837,111
838,24
839,53
840,101
841,89
842,10
843,66
844,90
845,72
846,101
847,31
848,93
849,70
850,98
851,94
852,20
853,78
854,61
855,14
856,63
857,18
858,111
859,20
860,6
861,103
862,15
863,65
864,30
865,8
866,2
867,9
868,18
869,36
870,111
871,70
872,81
873,55
874,18
875,104
876,51
877,29
878,87
879,50
880,61
881,79
882,106
883,62
884,28
885,106
886,72
887,5
888,25
889,73
890,41
891,1
892,13
893,30
894,66
895,104
896,28
897,44
898,82
899,77
900,89
901,28
902,25
903,56
904,31
905,82
906,72
907,72
908,43
909,103
910,56
911,14
912,55
913,79
914,51
915,28
916,85
917,4
918,65
919,16
920,54
921,82
922,10
923,98
924,99
925,13
926,65
927,70
928,1
929,26
930,77
931,58
932,15
933,13
934,113
935,57
936,104
937,37
938,11
939,87
940,87
941,107
942,98
943,8
944,48
945,113
946,92
947,85
948,93
949,69
950,14
951,95
952,73
953,83
954,111
955,71
956,46
957,94
958,38
959,73
960,29
961,67
962,109
963,56
964,45
965,5
966,107
967,4
968,19
969,31
970,7
971,89
972,82
973,22
974,87
975,61
976,6
977,80
978,8
979,55
980,113
981,106
982,24
983,43
984,100
985,80
986,26
987,22
988,42
989,56
990,71
991,36
992,38
993,98
994,100
995,44
996,31
997,4
998,58
999,65
1000,22
1001,96
1002,35
1003,49
1004,70
1005,61
1006,101
1007,84
1008,2
1009,87
1010,76
1011,76
1012,52
1013,76
1014,29
1015,102
1016,37
1017,52
1018,64
1019,16
1020,103
1021,26
1022,101
1023,76
1024,101
1025,4
1026,57
1027,83
1028,80
1029,27
1030,41
1031,41
1032,73
1033,65
1034,61
1035,32
1036,91
1037,106
1038,89
1039,80
1040,81
1041,73
1042,94
1043,21
1044,43
1045,57
1046,37
1047,27
1048,67
1049,37
1050,28
1051,77
1052,55
1053,72
1054,75
1055,67
1056,93
1057,80
1058,61
1059,16
1060,109
1061,79
1062,69
1063,25
1064,48
1065,82
1066,81
1067,107
1068,77
1069,87
1070,60
1071,56
1072,28
1073,60
1074,75
1075,67
1076,80
1077,71
1078,56
1079,88
1080,21
1081,60
1082,59
1083,73
1084,31
1085,34
1086,62
1087,14
1088,3
1089,73
1090,43
1091,59
1092,81
1093,112
1094,36
1095,46
1096,110
1097,81
1098,62
1099,19
1100,87
1101,42
1102,59
1103,71
1104,100
1105,72
1106,31
1107,67
1108,9
1109,85
1110,51
1111,104
1112,24
1113,71
1114,101
1115,64
1116,46
1117,17
1118,15
1119,106
1120,92
1121,95
1122,107
1123,75
1124,72
1125,82
1126,47
1127,1
1128,42
1129,15
1130,72
1131,87
1132,48
1133,16
1134,72
1135,54
1136,25
1137,62
1138,71
1139,39
1140,75
1141,76
1142,40
1143,15
1144,67
1145,39
1146,80
1147,3
1148,88
1149,16
1150,85
1151,56
1152,59
1153,72
1154,55
1155,81
1156,71
1157,47
1158,109
1159,72
1160,104
1161,25
1162,52
1163,29
1164,29
1165,15
1166,107
1167,79
1168,55
1169,67
1170,26
1171,65
1172,88
1173,6
1174,51
1175,52
1176,65
1177,29
1178,41
1179,108
1180,61
1181,65
1182,77
1183,23
1184,31
1185,47
1186,32
1187,50
1188,100
1189,82
1190,21
1191,49
1192,92
1193,65
1194,81
1195,81
1196,32
1197,32
1198,76
1199,104
1200,42
1201,52
1202,82
1203,6
1204,74
1205,109
1206,40
1207,71
1208,52
1209,81
1210,45
1211,89
1212,73
1213,93
1214,62
1215,72
1216,31
1217,110
1218,22
1219,12
1220,88
1221,97
1222,110
1223,27
1224,67
1225,67
1226,106
1227,101
1228,31
1229,3
1230,24
1231,55
1232,72
1233,88
1234,76
1235,64
1236,95
1237,70
1238,77
1239,77
1240,2
1241,52
1242,107
1243,98
1244,6
1245,57
1246,38
1247,79
1248,41
1249,4
1250,51
1251,25
1252,67
1253,41
1254,17
1255,23
1256,41
1257,29
1258,110
1259,52
1260,111
1261,19
1262,101
1263,59
1264,49
1265,58
1266,50
1267,71
1268,75
1269,75
1270,72
1271,37
1272,60
1273,66
1274,94
1275,78
1276,46
1277,73
1278,80
1279,73
1280,99
1281,16
1282,94
1283,108
1284,105
1285,26
1286,61
1287,102
1288,46
1289,63
1290,11
1291,49
1292,99
1293,50
1294,10
1295,58
1296,88
1297,73
1298,83
1299,58
1300,14
1301,7
1302,45
1303,47
1304,113
1305,104
1306,24
1307,95
1308,21
1309,6
1310,72
1311,52
1312,108
1313,111
1314,11
1315,12
1316,78
1317,22
1318,66
1319,58
1320,76
1321,105
1322,37
1323,111
1324,41
1325,17
1326,14
1327,52
1328,75
1329,24
1330,82
1331,72
1332,24
1333,55
1334,111
1335,75
1336,91
1337,80
1338,94
1339,49
1340,14
1341,11
1342,4
1343,95
1344,52
1345,63
1346,113
1347,105
1348,96
1349,74
1350,46
1351,67
1352,74
1353,99
1354,79
1355,45
1356,66
1357,24
1358,22
1359,5
1360,10
1361,113
1362,65
1363,81
1364,87
1365,104
1366,23
1367,21
1368,52
1369,102
1370,72
1371,49
1372,3
1373,19
1374,87
1375,47
1376,65
1377,40
1378,79
1379,41
1380,100
1381,12
1382,106
1383,55
1384,61
1385,67
1386,111
1387,14
1388,107
1389,52
1390,106
1391,72
1392,104
1393,99
1394,23
1395,1
1396,100
1397,4
1398,62
1399,109
1400,81
1401,37
1402,80
1403,73
1404,61
1405,54
1406,17
1407,67
1408,91
1409,55
1410,106
1411,36
1412,63
1413,36
1414,4
1415,14
1416,58
1417,102
1418,106
1419,76
1420,3
1421,12
1422,45
1423,52
1424,109
1425,12
1426,48
1427,38
1428,77
1429,19
1430,26
1431,78
1432,98
1433,52
1434,40
1435,60
1436,47
1437,38
1438,61
1439,102
1440,76
1441,75
1442,45
1443,11
1444,98
1445,23
1446,102
1447,109
1448,95
1449,96
1450,75
1451,2
1452,81
1453,11
1454,91
1455,82
1456,104
1457,91
1458,105
1459,56
1460,97
1461,85
1462,27
1463,11
1464,26
1465,5
1466,63
1467,40
1468,49
1469,81
1470,48
1471,77
1472,91
1473,43
1474,71
1475,87
1476,94
1477,91
1478,49
1479,106
1480,17
1481,41
1482,42
1483,50
1484,37
1485,48
1486,94
1487,110
1488,26
1489,75
1490,74
1491,81
1492,14
1493,89
1494,81
1495,40
1496,45
1497,16
1498,1
1499,51
1500,61
1501,32
1502,26
1503,31
1504,87
1505,50
1506,59
1507,8
1508,12
1509,16
1510,87
1511,85
1512,37
1513,94
1514,104
1515,67
1516,102
1517,98
1518,13
1519,55
1520,37
1521,38
1522,26
1523,96
1524,69
1525,19
1526,19
1527,102
1528,11
1529,57
1530,40
1531,98
1532,106
1533,21
1534,87
1535,14
1536,72
1537,98
1538,79
1539,52
1540,71
1541,113
1542,8
1543,96
1544,75
1545,98
1546,64
1547,45
1548,73
1549,87
1550,80
1551,92
1552,69
1553,14
1554,43
1555,69
1556,94
1557,26
1558,73
1559,106
1560,106
1561,62
1562,81
1563,58
1564,66
1565,82
1566,8
1567,112
1568,40
1569,74
1570,5
1571,56
1572,94
1573,108
1574,83
1575,17
1576,80
1577,87
1578,96
1579,76
1580,21
1581,13
1582,14
1583,108
1584,75
1585,73
1586,16
1587,75
1588,5
1589,37
1590,78
1591,24
1592,92
1593,6
1594,66
1595,42
1596,113
1597,13
1598,98
1599,72
1600,80
1601,61
1602,7
1603,24
1604,101
1605,74
1606,105
1607,89
1608,52
1609,16
1610,5
1611,75
1612,67
1613,19
1614,62
1615,108
1616,71
1617,87
1618,42
1619,24
1620,82
1621,60
1622,93
1623,49
1624,95
1625,75
1626,71
1627,65
1628,72
1629,97
1630,12
1631,1
1632,50
1633,62
1634,1
1635,7
1636,73
1637,73
1638,36
1639,92
1640,67
1641,25
1642,19
1643,61
1644,107
1645,85
1646,106
1647,66
1648,70
1649,77
1650,27
1651,94
1652,94
1653,76
1654,91
1655,105
1656,79
1657,71
1658,108
1659,59
1660,52
1661,91
1662,23
1663,92
1664,106
1665,72
1666,60
1667,32
1668,6
1669,101
1670,61
1671,94
1672,42
1673,7
1674,104
1675,62
1676,77
1677,72
1678,107
1679,72
1680,99
1681,27
1682,94
1683,82
1684,107
1685,43
1686,98
1687,87
1688,80
1689,97
1690,105
1691,75
1692,77
1693,81
1694,81
1695,51
1696,94
1697,46
1698,69
1699,73
1700,71
1701,89
1702,113
1703,13
1704,112
1705,112
1706,13
1707,28
1708,79
1709,63
1710,108
1711,74
1712,67
1713,66
1714,24
1715,56
1716,72
1717,23
1718,1
1719,72
1720,83
1721,106
1722,87
1723,21
1724,24
1725,107
1726,52
1727,65
1728,82
1729,63
1730,58
1731,87
1732,100
1733,3
1734,81
1735,61
1736,99
1737,42
1738,8
1739,2
1740,41
1741,10
1742,7
1743,71
1744,71
1745,85
1746,43
1747,32
1748,64
1749,41
1750,27
1751,107
1752,69
1753,25
1754,106
1755,38
1756,19
1757,95
1758,19
1759,71
1760,62
1761,17
1762,8
1763,16
1764,2
1765,7
1766,10
1767,93
1768,24
1769,112
1770,99
1771,40
1772,28
1773,81
1774,87
1775,61
1776,41
1777,81
1778,51
1779,83
1780,21
1781,67
1782,63
1783,92
1784,48
1785,69
1786,59
1787,104
1788,32
1789,75
1790,40
1791,55
1792,24
1793,75
1794,43
1795,65
1796,5
1797,56
1798,13
1799,105
1800,101
1801,36
1802,27
1803,36
1804,106
1805,111
1806,14
1807,57
1808,106
1809,101
1810,32
1811,44
1812,41
1813,72
1814,37
1815,79
1816,27
1817,104
1818,56
1819,98
1820,96
1821,76
1822,82
1823,105
1824,59
1825,60
1826,92
1827,49
1828,106
1829,7
1830,67
1831,98
1832,82
1833,42
1834,41
1835,58
1836,102
1837,102
1838,31
1839,37
1840,55
1841,93
1842,108
1843,79
1844,37
1845,74
1846,111
1847,75
1848,99
1849,59
1850,81
1851,37
1852,7
1853,105
1854,93
1855,81
1856,22
1857,79
1858,38
1859,42
1860,37
1861,98
1862,27
1863,26
1864,72
1865,7
1866,1
1867,22
1868,93
1869,58
1870,102
1871,26
1872,43
1873,38
1874,55
1875,75
1876,101
1877,2
1878,50
1879,56
1880,21
1881,61
1882,81
1883,54
1884,67
1885,17
1886,75
1887,81
1888,67
1889,73
1890,31
1891,75
1892,44
1893,5
1894,80
1895,37
1896,46
1897,22
1898,60
1899,7
1900,32
1901,10
1902,91
1903,19
1904,49
1905,49
1906,113
1907,113
1908,111
1909,43
1910,8
1911,4
1912,77
1913,69
1914,42
1915,105
1916,12
1917,42
1918,41
1919,7
1920,79
1921,19
1922,107
1923,89
1924,24
1925,25
1926,61
1927,37
1928,44
1929,32
1930,60
1931,59
1932,74
1933,67
1934,91
1935,51
1936,60
1937,43
1938,94
1939,73
1940,76
1941,67
1942,95
1943,64
1944,99
1945,37
1946,99
1947,85
1948,102
1949,104
1950,64
1951,38
1952,12
1953,23
1954,72
1955,23
1956,81
1957,24
1958,43
1959,44
1960,107
1961,52
1962,19
1963,5
1964,85
1965,98
1966,41
1967,3
1968,28
1969,72
1970,85
1971,67
1972,8
1973,73
1974,60
1975,31
1976,46
1977,1
1978,101
1979,43
1980,21
1981,2
1982,71
1983,23
1984,107
1985,50
1986,73
1987,44
1988,82
1989,64
1990,17
1991,73
1992,17
1993,104
1994,61
1995,108
1996,13
1997,98
1998,61
1999,26
2000,75
2001,19
2002,65
2003,37
2004,83
2005,101
2006,113
2007,42
2008,94
2009,12
2010,52
2011,94
2012,66
2013,96
2014,44
2015,27
2016,67
2017,80
2018,52
2019,37
2020,7
2021,94
2022,40
2023,98
2024,96
2025,7
2026,113
2027,55
2028,25
2029,87
2030,36
2031,98
2032,67
2033,46
2034,81
2035,23
2036,38
2037,27
2038,56
2039,99
2040,87
2041,50
2042,26
2043,57
2044,107
2045,99
2046,60
2047,5
2048,80
2049,37
2050,52
2051,17
2052,50
2053,74
2054,79
2055,102
2056,38
2057,112
2058,98
2059,2
2060,55
2061,79
2062,82
2063,40
2064,105
2065,50
2066,17
2067,14
2068,46
2069,5
2070,76
2071,59
2072,63
2073,71
2074,67
2075,13
2076,72
2077,71
2078,106
2079,27
2080,112
2081,72
2082,75
2083,101
2084,3
2085,87
2086,22
2087,74
2088,42
2089,49
2090,55
2091,92
2092,57
2093,48
2094,61
2095,1
2096,24
2097,50
2098,108
2099,41
2100,80
2101,78
2102,74
2103,43
2104,45
2105,81
2106,41
2107,112
2108,24
2109,62
2110,67
2111,77
2112,112
2113,36
2114,72
2115,14
2116,37
2117,31
2118,37
2119,82
2120,41
2121,61
2122,105
2123,82
2124,40
2125,45
2126,61
2127,36
2128,57
2129,75
2130,54
2131,72
2132,81
2133,83
2134,107
2135,73
2136,55
2137,58
2138,55
2139,3
2140,45
2141,95
2142,78
2143,104
2144,99
2145,54
2146,41
2147,108
2148,41
2149,24
2150,51
2151,77
2152,108
2153,94
2154,36
2155,57
2156,106
2157,52
2158,52
2159,76
2160,76
2161,76
2162,87
2163,79
2164,8
2165,72
2166,106
2167,74
2168,26
2169,45
2170,71
2171,98
2172,113
2173,17
2174,80
2175,93
2176,36
2177,101
2178,64
2179,101
2180,13
2181,49
2182,48
2183,41
2184,48
2185,12
2186,50
2187,96
2188,58
2189,76
2190,3
2191,57
2192,28
2193,58
2194,69
2195,73
2196,69
2197,40
2198,106
2199,14
2200,76
2201,101
2202,82
2203,8
2204,94
2205,99
2206,98
2207,81
2208,71
2209,83
2210,113
2211,52
2212,76
2213,59
2214,93
2215,49
2216,96
2217,26
2218,79
2219,43
2220,42
2221,98
2222,73
2223,96
2224,82
2225,55
2226,46
2227,7
2228,99
2229,21
2230,37
2231,108
2232,100
2233,44
2234,101
2235,79
2236,99
2237,102
2238,7
2239,95
2240,74
2241,16
2242,37
2243,49
2244,80
2245,113
2246,98
2247,91
2248,42
2249,79
2250,61
2251,67
2252,98
2253,82
2254,55
2255,37
2256,82
2257,36
2258,61
2259,75
2260,81
2261,8
2262,61
2263,94
2264,108
2265,55
2266,24
2267,21
2268,105
2269,25
2270,42
2271,106
2272,10
2273,41
2274,76
2275,85
2276,75
2277,83
2278,98
2279,22
2280,43
2281,85
2282,25
2283,63
2284,46
2285,75
2286,73
2287,94
2288,71
2289,64
2290,61
2291,55
2292,82
2293,44
2294,112
2295,74
2296,112
2297,74
2298,82
2299,3
2300,106
2301,44
2302,113
2303,81
2304,26
2305,41
2306,41
2307,54
2308,106
2309,13
2310,112
2311,2
2312,106
2313,65
2314,76
2315,52
2316,87
2317,55
2318,42
2319,43
2320,58
2321,87
2322,85
2323,43
2324,55
2325,13
2326,52
2327,12
2328,52
2329,80
2330,85
2331,43
2332,93
2333,41
2334,12
2335,24
2336,43
2337,107
2338,59
2339,72
2340,108
2341,82
2342,101
2343,101
2344,80
2345,113
2346,112
2347,58
2348,27
2349,93
2350,73
2351,108
2352,58
2353,74
2354,58
2355,65
2356,101
2357,48
2358,21
2359,66
2360,26
2361,94
2362,50
2363,40
2364,61
2365,96
2366,59
2367,82
2368,22
2369,26
2370,94
2371,98
2372,1
2373,49
2374,66
2375,87
2376,40
2377,59
2378,93
2379,96
2380,108
2381,43
2382,73
2383,71
2384,55
2385,26
2386,87
2387,81
2388,82
2389,106
2390,8
2391,54
2392,13
2393,72
2394,14
2395,82
2396,94
2397,98
2398,72
2399,82
2400,81
2401,58
2402,42
2403,3
2404,76
2405,1
2406,85
2407,76
2408,74
2409,31
2410,92
2411,79
2412,3
2413,67
2414,49
2415,59
2416,16
2417,87
2418,112
2419,94
2420,94
2421,71
2422,69
2423,99
2424,108
2425,16
2426,92
2427,42
2428,41
2429,59
2430,69
2431,55
2432,60
2433,8
2434,104
2435,42
2436,2
2437,37
2438,73
2439,8
2440,25
2441,41
2442,61
2443,61
2444,76
2445,38
2446,41
2447,16
2448,52
2449,55
2450,36
2451,65
2452,75
2453,87
2454,36
2455,100
2456,106
2457,37
2458,61
2459,46
2460,14
2461,38
2462,8
2463,42
2464,108
2465,81
2466,52
2467,72
2468,57
2469,52
2470,101
2471,52
2472,71
2473,87
2474,82
2475,24
2476,74
2477,43
2478,14
2479,67
2480,56
2481,81
2482,71
2483,26
2484,7
2485,43
2486,7
2487,38
2488,2
2489,98
2490,83
2491,21
2492,73
2493,40
2494,85
2495,60
2496,63
2497,72
2498,96
2499,49
2500,69
2501,63
2502,2
2503,64
2504,87
2505,87
2506,14
2507,21
2508,71
2509,3
2510,41
2511,10
2512,28
2513,3
2514,63
2515,52
2516,62
2517,82
2518,67
2519,94
2520,57
2521,64
2522,83
2523,93
2524,102
2525,41
2526,95
2527,51
2528,113
2529,25
2530,59
2531,42
2532,73
2533,13
2534,24
2535,55
2536,28
2537,106
2538,73
2539,25
2540,59
2541,105
2542,16
2543,99
2544,74
2545,62
2546,71
2547,42
2548,105
2549,108
2550,21
2551,105
2552,52
2553,8
2554,40
2555,79
2556,108
2557,21
2558,67
2559,51
2560,81
2561,106
2562,87
2563,54
2564,92
2565,98
2566,71
2567,98
2568,37
2569,73
2570,61
2571,42
2572,22
2573,61
2574,21
2575,76
2576,93
2577,98
2578,57
2579,43
2580,41
2581,56
2582,41
2583,44
2584,38
2585,105
2586,55
2587,85
2588,73
2589,42
2590,16
2591,43
2592,44
2593,82
2594,96
2595,105
2596,41
2597,54
2598,85
2599,40
2600,36
2601,13
2602,10
2603,25
2604,93
2605,96
2606,87
2607,61
2608,44
2609,62
2610,59
2611,75
2612,10
2613,93
2614,1
2615,100
2616,62
2617,63
2618,67
2619,42
2620,69
2621,74
2622,106
2623,93
2624,1
2625,107
2626,87
2627,63
2628,21
2629,85
2630,61
2631,22
2632,50
2633,59
2634,72
2635,58
2636,92
2637,2
2638,58
2639,38
2640,1
2641,3
2642,92
2643,71
2644,104
2645,26
2646,57
2647,19
2648,2
2649,7
2650,63
2651,26
2652,76
2653,61
2654,22
2655,50
2656,46
2657,21
2658,80
2659,98
2660,101
2661,69
2662,3
2663,74
2664,72
2665,14
2666,72
2667,25
2668,31
2669,83
2670,99
2671,21
2672,41
2673,26
2674,55
2675,12
2676,3
2677,105
2678,91
2679,105
2680,76
2681,82
2682,99
2683,69
2684,21
2685,55
2686,58
2687,112
2688,72
2689,65
2690,93
2691,42
2692,43
2693,10
2694,67
2695,65
2696,108
2697,22
2698,49
2699,12
2700,24
2701,26
2702,76
2703,61
2704,67
2705,112
2706,26
2707,81
2708,37
2709,26
2710,94
2711,107
2712,76
2713,24
2714,107
2715,41
2716,44
2717,98
2718,61
2719,54
2720,74
2721,112
2722,100
2723,107
2724,44
2725,49
2726,76
2727,107
2728,104
2729,26
2730,26
2731,74
2732,75
2733,113
2734,12
2735,12
2736,55
2737,75
2738,63
2739,38
2740,21
2741,44
2742,59
2743,94
2744,58
2745,42
2746,102
2747,58
2748,81
2749,104
2750,72
2751,93
2752,82
2753,91
2754,75
2755,49
2756,56
2757,104
2758,79
2759,26
2760,81
2761,41
2762,112
2763,76
2764,104
2765,24
2766,62
2767,3
2768,41
2769,52
2770,113
2771,72
2772,82
2773,55
2774,57
2775,76
2776,55
2777,71
2778,22
2779,106
2780,71
2781,1
2782,26
2783,56
2784,37
2785,42
2786,85
2787,64
2788,14
2789,67
2790,62
2791,98
2792,43
2793,87
2794,55
2795,22
2796,12
2797,42
2798,67
2799,44
2800,22
2801,59
2802,57
2803,36
2804,87
2805,99
2806,75
2807,65
2808,81
2809,93
2810,82
2811,101
2812,94
2813,42
2814,79
2815,106
2816,94
2817,24
2818,82
2819,55
2820,8
2821,31
2822,102
2823,50
2824,37
2825,26
2826,71
2827,16
2828,57
2829,25
2830,102
2831,38
2832,40
2833,62
2834,82
2835,59
2836,100
2837,76
2838,61
2839,61
2840,96
2841,87
2842,52
2843,76
2844,26
2845,7
2846,31
2847,75
2848,59
2849,79
2850,82
2851,113
2852,67
2853,2
2854,26
2855,42
2856,16
2857,1
2858,56
2859,101
2860,98
2861,67
2862,82
2863,37
2864,36
2865,95
2866,87
2867,112
2868,71
2869,41
2870,52
2871,69
2872,80
2873,25
2874,82
2875,106
2876,95
2877,14
2878,58
2879,96
2880,74
2881,2
2882,101
2883,82
2884,52
2885,82
2886,37
2887,82
2888,61
2889,71
2890,105
2891,102
2892,43
2893,24
2894,93
2895,105
2896,37
2897,98
2898,21
2899,104
2900,40
2901,36
2902,67
2903,67
2904,1
2905,16
2906,104
2907,1
2908,26
2909,13
2910,67
2911,113
2912,16
2913,40
2914,76
2915,55
2916,98
2917,101
2918,69
2919,55
2920,25
2921,71
2922,2
2923,76
2924,96
2925,26
2926,58
2927,65
2928,21
2929,82
2930,85
2931,19
2932,38
2933,24
2934,81
2935,102
2936,71
2937,113
2938,65
2939,93
2940,52
2941,80
2942,50
2943,87
2944,71
2945,25
2946,72
2947,65
2948,108
2949,104
2950,112
2951,67
2952,98
2953,95
2954,40
2955,62
2956,95
2957,76
2958,49
2959,8
2960,19
2961,106
2962,12
2963,51
2964,75
2965,16
2966,82
2967,13
2968,81
2969,61
2970,25
2971,57
2972,2
2973,51
2974,55
2975,7
2976,94
2977,93
2978,82
2979,79
2980,55
2981,2
2982,51
2983,67
2984,12
2985,44
2986,36
2987,41
2988,61
2989,108
2990,72
2991,98
2992,38
2993,16
2994,73
2995,31
2996,19
2997,21
2998,79
2999,113
3000,108
3001,57
3002,25
3003,74
3004,24
3005,57
3006,104
3007,36
3008,87
3009,12
3010,108
3011,108
3012,25
3013,82
3014,24
3015,56
3016,31
3017,21
3018,102
3019,94
3020,16
3021,98
3022,112
3023,61
3024,69
3025,105
3026,81
3027,81
3028,106
3029,80
3030,12
3031,22
3032,61
3033,36
3034,98
3035,31
3036,104
3037,36
3038,82
3039,95
3040,26
3041,82
3042,38
3043,42
3044,81
3045,2
3046,74
3047,106
3048,2
3049,95
3050,59
3051,75
3052,41
3053,95
3054,26
3055,80
3056,22
3057,75
3058,105
3059,71
3060,19
3061,74
3062,26
3063,93
3064,62
3065,76
3066,108
3067,61
3068,98
3069,37
3070,19
3071,52
3072,51
3073,101
3074,113
3075,85
3076,61
3077,107
3078,72
3079,24
3080,59
3081,102
3082,101
3083,52
3084,19
3085,7
3086,73
3087,43
3088,26
3089,21
3090,81
3091,98
3092,3
3093,26
3094,49
3095,102
3096,76
3097,107
3098,71
3099,36
3100,38
3101,49
3102,106
3103,81
3104,41
3105,82
3106,36
3107,98
3108,43
3109,96
3110,51
3111,71
3112,71
3113,62
3114,55
3115,76
3116,108
3117,93
3118,80
3119,12
3120,99
3121,87
3122,96
3123,104
3124,59
3125,67
3126,56
3127,52
3128,62
3129,102
3130,113
3131,81
3132,69
3133,64
3134,24
3135,43
3136,94
3137,26
3138,26
3139,56
3140,73
3141,101
3142,1
3143,12
3144,36
3145,67
3146,52
3147,82
3148,21
3149,67
3150,26
3151,73
3152,99
3153,80
3154,55
3155,95
3156,64
3157,52
3158,75
3159,41
3160,52
3161,61
3162,76
3163,2
3164,67
3165,71
3166,69
3167,59
3168,61
3169,94
3170,101
3171,26
3172,99
3173,51
3174,1
3175,61
3176,71
3177,65
3178,43
3179,71
3180,55
3181,50
3182,79
3183,113
3184,67
3185,14
3186,42
3187,19
3188,80
3189,38
3190,56
3191,21
3192,52
3193,93
3194,112
3195,69
3196,65
3197,82
3198,52
3199,1
3200,24
3201,81
3202,21
3203,58
3204,64
3205,21
3206,12
3207,93
3208,71
3209,41
3210,3
3211,82
3212,52
3213,19
3214,73
3215,106
3216,82
3217,101
3218,56
3219,61
3220,36
3221,12
3222,79
3223,67
3224,55
3225,94
3226,81
3227,104
3228,41
3229,99
3230,67
3231,113
3232,67
3233,113
3234,26
3235,76
3236,41
3237,50
3238,36
3239,81
3240,36
3241,59
3242,24
3243,76
3244,104
3245,72
3246,37
3247,3
3248,81
3249,73
3250,43
3251,81
3252,49
3253,7
3254,19
3255,7
3256,74
3257,71
3258,108
3259,76
3260,113
3261,2
3262,108
3263,3
3264,38
3265,85
3266,41
3267,95
3268,38
3269,14
3270,104
3271,96
3272,81
3273,95
3274,81
3275,42
3276,26
3277,38
3278,12
3279,61
3280,106
3281,106
3282,93
3283,107
3284,24
3285,75
3286,104
3287,98
3288,67
3289,113
3290,93
3291,113
3292,85
3293,106
3294,19
3295,55
3296,107
3297,44
3298,67
3299,101
3300,3
3301,61
3302,55
3303,52
3304,73
3305,74
3306,82
3307,101
3308,56
3309,76
3310,73
3311,101
3312,85
3313,14
3314,99
3315,64
3316,73
3317,24
3318,72
3319,76
3320,36
3321,69
3322,12
3323,96
3324,44
3325,76
3326,79
3327,69
3328,71
3329,49
3330,49
3331,25
3332,25
3333,61
3334,75
3335,79
3336,106
3337,58
3338,43
3339,12
3340,19
3341,98
3342,22
3343,95
3344,59
3345,79
3346,71
3347,3
3348,96
3349,14
3350,58
3351,107
3352,93
3353,73
3354,41
3355,7
3356,80
3357,61
3358,38
3359,107
3360,43
3361,24
3362,52
3363,43
3364,59
3365,82
3366,2
3367,95
3368,37
3369,107
3370,14
3371,52
3372,79
3373,81
3374,105
3375,26
3376,79
3377,67
3378,98
3379,55
3380,72
3381,98
3382,72
3383,75
3384,80
3385,72
3386,44
3387,93
3388,43
3389,42
3390,94
3391,50
3392,73
3393,71
3394,105
3395,52
3396,82
3397,25
3398,74
3399,101
3400,104
3401,36
3402,96
3403,95
3404,55
3405,42
3406,12
3407,96
3408,93
3409,96
3410,49
3411,113
3412,67
3413,75
3414,113
3415,73
3416,26
3417,98
3418,67
3419,43
3420,74
3421,71
3422,55
3423,52
3424,14
3425,98
3426,81
3427,38
3428,105
3429,76
3430,81
3431,24
3432,74
3433,71
3434,37
3435,14
3436,12
3437,76
3438,74
3439,79
3440,113
3441,26
3442,67
3443,49
3444,41
3445,105
3446,94
3447,52
3448,37
3449,65
3450,99
3451,94
3452,7
3453,37
3454,80
3455,56
3456,42
3457,99
3458,72
3459,101
3460,50
3461,105
3462,65
3463,41
3464,44
3465,26
3466,61
3467,12
3468,14
3469,104
3470,104
3471,82
3472,59
3473,94
3474,79
3475,105
3476,98
3477,37
3478,98
3479,49
3480,52
3481,26
3482,98
3483,37
3484,107
3485,93
3486,21
3487,52
3488,107
3489,105
3490,81
3491,41
3492,81
3493,76
3494,113
3495,21
3496,81
3497,75
3498,113
3499,61
3500,12
3501,72
3502,71
3503,55
3504,94
3505,12
3506,69
3507,55
3508,105
3509,67
3510,104
3511,61
3512,108
3513,81
3514,82
3515,42
3516,37
3517,41
3518,26
3519,106
3520,101
3521,42
3522,52
3523,37
3524,61
3525,69
3526,65
3527,19
3528,93
3529,73
3530,69
3531,73
3532,41
3533,55
3534,65
3535,80
3536,59
3537,65
3538,26
3539,59
3540,94
3541,98
3542,74
3543,38
3544,87
3545,81
3546,107
3547,81
3548,76
3549,67
3550,19
3551,19
3552,55
3553,37
3554,42
3555,87
3556,69
3557,76
3558,75
3559,106
3560,25
3561,38
3562,73
3563,41
3564,38
3565,72
3566,73
3567,73
3568,108
3569,52
3570,25
3571,71
3572,65
3573,37
3574,42
3575,74
3576,104
3577,101
3578,21
3579,87
3580,80
3581,55
3582,52
3583,41
3584,98
3585,26
3586,75
3587,108
3588,36
3589,74
3590,25
3591,72
3592,26
3593,42
3594,98
3595,93
3596,106
3597,38
3598,108
3599,42
3600,101
3601,113
3602,67
3603,24
3604,41
3605,74
3606,19
3607,74
3608,93
3609,21
3610,38
3611,55
3612,67
3613,93
3614,75
3615,104
3616,12
3617,82
3618,26
3619,25
3620,104
3621,12
3622,101
3623,72
3624,25
3625,52
3626,82
3627,76
3628,61
3629,87
3630,81
3631,55
3632,61
3633,81
3634,71
3635,42
3636,41
3637,42
3638,52
3639,107
3640,94
3641,61
3642,14
3643,73
3644,25
3645,61
3646,12
3647,79
3648,98
3649,12
3650,41
3651,43
3652,37
3653,75
3654,25
3655,37
3656,67
3657,98
3658,37
3659,59
3660,65
3661,72
3662,106
3663,79
3664,25
3665,52
3666,36
3667,107
3668,71
3669,21
3670,106
3671,75
3672,61
3673,79
3674,59
3675,36
3676,43
3677,38
3678,37
3679,37
3680,107
3681,43
3682,55
3683,12
3684,98
3685,24
3686,108
3687,72
3688,107
3689,82
3690,113
3691,73
3692,65
3693,41
3694,38
3695,107
3696,107
3697,12
3698,81
3699,76
3700,72
3701,67
3702,24
3703,65
3704,67
3705,87
3706,61
3707,76
3708,61
3709,108
3710,76
3711,104
3712,94
3713,75
3714,73
3715,12
3716,43
3717,101
3718,37
3719,12
3720,26
3721,106
3722,113
3723,101
3724,82
3725,106
3726,24
3727,80
3728,36
3729,61
3730,24
3731,82
3732,76
3733,37
3734,106
3735,52
3736,76
3737,80
3738,67
3739,108
3740,42
3741,104
3742,52
3743,79
3744,67
3745,75
3746,42
3747,37
3748,98
3749,43
3750,101
3751,104
3752,94
3753,113
3754,75
3755,81
3756,82
3757,21
3758,42
3759,38
3760,25
3761,101
3762,107
3763,36
3764,106
3765,81
3766,42
3767,36
3768,67
3769,104
3770,80
3771,113
3772,94
3773,81
3774,59
3775,61
3776,26
3777,75
3778,79
3779,52
3780,42
3781,73
3782,42
3783,37
3784,79
3785,104
3786,25
3787,37
3788,82
3789,94
3790,75
3791,87
3792,52
3793,93
3794,76
3795,80
3796,80
3797,108
3798,41
3799,25
3800,76
3801,26
3802,98
3803,80
3804,76
3805,79
3806,21
3807,43
3808,37
3809,72
3810,72
3811,93
3812,80
3813,37
3814,93
3815,43
3816,107
3817,55
3818,67
3819,80
3820,76
3821,42
3822,76
3823,81
3824,26
3825,75
3826,71
3827,61
3828,94
3829,75
3830,26
3831,104
3832,113
3833,67
3834,75
3835,25
3836,59
3837,81
3838,73
3839,71
3840,87
3841,52
3842,61
3843,74
3844,21
3845,104
3846,71
3847,37
3848,81
3849,76
3850,74
3851,37
3852,93
3853,41
3854,21
3855,52
3856,26
3857,43
3858,93
3859,113
3860,26
3861,75
3862,74
3863,26
3864,94
3865,74
3866,104
3867,113
3868,107
3869,55
3870,98
3871,72
3872,37
3873,72
3874,52
3875,107
3876,26
3877,72
3878,24
3879,94
3880,55
3881,98
3882,26
3883,21
3884,73
3885,42
3886,71
3887,67
3888,101
3889,72
3890,101
3891,94
3892,98
3893,80
3894,82
3895,94
3896,26
3897,52
3898,98
3899,98
3900,74
3901,52
3902,75
3903,55
3904,73
3905,93
3906,82
3907,41
3908,106
3909,80
3910,82
3911,61
3912,61
3913,42
3914,41
3915,104
3916,94
3917,87
3918,87
3919,21
3920,76
3921,76
3922,81
3923,73
3924,76
3925,82
3926,52
3927,93
3928,52
3929,93
3930,55
3931,80
3932,72
3933,67
3934,82
3935,26
3936,76
3937,61
3938,82
3939,94
3940,80
3941,81
3942,61
3943,42
3944,61
3945,87
3946,82
3947,82
3948,37
3949,72
3950,75
3951,82
3952,81
3953,87
3954,61
3955,73
3956,75
3957,93
3958,73
3959,75
3960,82
3961,55
3962,37
3963,72
3964,73
3965,87
3966,75
3967,41
3968,61
3969,67
3970,61
3971,98
3972,98
3973,61
3974,41
3975,75
3976,104
3977,67
3978,67
3979,82
3980,87
3981,106
3982,81
3983,67
3984,75
3985,98
3986,73
3987,87
3988,93
3989,61
3990,71
3991,82
3992,75
3993,41
3994,72
3995,106
3996,52
3997,41
3998,37
3999,75
4000,67
