1,4
2,12
3,11
4,22
5,10
6,22
7,8
8,19
9,23
10,14
11,16
12,7
13,4
14,23
15,10
16,14
17,24
18,14
19,21
20,11
21,4
22,12
23,11
24,2
25,5
26,15
27,12
28,5
29,21
30,10
31,14
32,19
33,15
34,19
35,23
36,13
37,8
38,19
39,24
40,20
41,1
42,8
43,23
44,3
45,4
46,7
47,4
48,11
49,9
50,11
51,4
52,15
53,21
54,15
55,14
56,5
57,11
58,21
59,12
60,10
61,1
62,11
63,3
64,21
65,6
66,22
67,21
68,5
69,2
70,2
71,5
72,8
73,23
74,15
75,19
76,22
77,14
78,5
79,23
80,24
81,2
82,24
83,10
84,18
85,4
86,22
87,24
88,7
89,4
90,20
91,19
92,7
93,19
94,19
95,15
96,20
97,2
98,11
99,10
100,13
101,10
102,24
103,19
104,19
105,19
106,12
107,13
108,12
109,19
110,16
111,18
112,17
113,16
114,8
115,7
116,7
117,3
118,11
119,24
120,24
121,21
122,10
123,10
124,8
125,18
126,20
127,21
128,19
129,20
130,14
131,19
132,20
133,6
134,6
135,12
136,10
137,3
138,10
139,2
140,7
141,12
142,7
143,20
144,23
145,7
146,21
147,21
148,2
149,2
150,19
151,9
152,2
153,6
154,20
155,20
156,12
157,21
158,1
159,4
160,3
161,9
162,9
163,8
164,4
165,13
166,14
167,7
168,11
169,5
170,20
171,18
172,5
173,8
174,4
175,11
176,15
177,4
178,1
179,11
180,14
181,15
182,15
183,19
184,10
185,24
186,24
187,15
188,16
189,9
190,7
191,8
192,18
193,10
194,10
195,23
196,2
197,12
198,18
199,5
200,1
201,2
202,5
203,9
204,5
205,19
206,10
207,10
208,20
209,8
210,23
211,9
212,21
213,10
214,9
215,2
216,20
217,12
218,5
219,18
220,3
221,24
222,8
223,10
224,12
225,3
226,2
227,14
228,6
229,14
230,5
231,6
232,9
233,18
234,2
235,4
236,4
237,12
238,4
239,16
240,4
241,17
242,12
243,17
244,10
245,15
246,22
247,1
248,20
249,10
250,24
251,17
252,20
253,7
254,15
255,18
256,4
257,3
258,10
259,18
260,4
261,20
262,9
263,8
264,20
265,20
266,4
267,2
268,24
269,6
270,4
271,18
272,2
273,2
274,5
275,1
276,6
277,19
278,4
279,3
280,8
281,4
282,16
283,20
284,18
285,23
286,15
287,10
288,10
289,2
290,22
291,13
292,8
293,2
294,22
295,8
296,16
297,6
298,10
299,13
300,12
301,8
302,18
303,19
304,5
305,22
306,16
307,23
308,19
309,5
310,4
311,3
312,10
313,20
314,14
315,22
316,2
317,19
318,18
319,20
320,3
321,4
322,19
323,15
324,19
325,13
326,3
327,2
328,15
329,17
330,4
331,13
332,1
333,6
334,23
335,17
336,1
337,1
338,17
339,14
340,23
341,19
342,8
343,14
344,20
345,18
346,10
347,8
348,17
349,1
350,19
351,12
352,13
353,10
354,19
355,18
356,18
357,12
358,15
359,10
360,10
361,23
362,13
363,20
364,8
365,12
366,20
367,9
368,19
369,18
370,1
371,2
372,19
373,8
374,13
375,4
376,18
377,2
378,12
379,5
380,9
381,3
382,20
383,14
384,17
385,15
386,12
387,20
388,16
389,19
390,10
391,10
392,12
393,4
394,16
395,4
396,1
397,16
398,6
399,12
400,5
401,15
402,13
403,17
404,18
405,2
406,12
407,19
408,3
409,3
410,9
411,1
412,4
413,18
414,19
415,16
416,22
417,8
418,13
419,10
420,12
421,6
422,9
423,5
424,15
425,19
426,16
427,6
428,19
429,2
430,13
431,2
432,2
433,2
434,4
435,16
436,4
437,13
438,10
439,19
440,22
441,2
442,2
443,12
444,15
445,6
446,20
447,8
448,18
449,12
450,17
451,22
452,2
453,13
454,1
455,2
456,16
457,15
458,22
459,13
460,19
461,19
462,20
463,18
464,9
465,20
466,5
467,4
468,10
469,20
470,2
471,13
472,20
473,3
474,12
475,16
476,4
477,12
478,19
479,22
480,12
481,5
482,4
483,4
484,4
485,19
486,15
487,8
488,13
489,20
490,2
491,13
492,20
493,5
494,20
495,20
496,8
497,19
498,12
499,20
500,4
501,10
502,22
503,13
504,4
505,8
506,19
507,5
508,20
509,5
510,19
511,17
512,10
513,19
514,15
515,8
516,18
517,2
518,4
519,2
520,20
521,17
522,10
523,2
524,13
525,4
526,10
527,10
528,18
529,18
530,10
531,12
532,22
533,16
534,2
535,15
536,19
537,22
538,20
539,15
540,8
541,18
542,17
543,5
544,10
545,3
546,10
547,4
548,8
549,19
550,5
551,22
552,4
553,2
554,6
555,10
556,8
557,20
558,4
559,2
560,2
561,17
562,2
563,18
564,15
565,17
566,22
567,18
568,19
569,10
570,20
571,22
572,15
573,3
574,2
575,15
576,15
577,6
578,13
579,18
580,10
581,10
582,6
583,3
584,20
585,10
586,10
587,10
588,10
589,6
590,20
591,20
592,4
593,10
594,6
595,19
596,2
597,4
598,4
599,15
600,18
601,12
602,18
603,12
604,19
605,2
606,19
607,4
608,5
609,2
610,12
611,2
612,17
613,19
614,20
615,4
616,2
617,8
618,18
619,8
620,17
621,10
622,17
623,13
624,18
625,6
626,12
627,10
628,4
629,20
630,8
631,4
632,15
633,19
634,8
635,19
636,10
637,15
638,10
639,19
640,17
641,12
642,10
643,4
644,4
645,20
646,15
647,8
648,8
649,19
650,15
651,17
652,2
653,20
654,5
655,6
656,20
657,10
658,3
659,22
660,4
661,20
662,17
663,2
664,19
665,8
666,5
667,19
668,13
669,13
670,4
671,4
672,20
673,3
674,10
675,10
676,17
677,20
678,19
679,5
680,6
681,15
682,12
683,13
684,8
685,6
686,2
687,10
688,10
689,5
690,2
691,19
692,3
693,2
694,6
695,12
696,8
697,6
698,2
699,15
700,18
701,18
702,4
703,19
704,19
705,18
706,6
707,18
708,5
709,2
710,13
711,19
712,4
713,15
714,2
715,5
716,5
717,12
718,10
719,13
720,19
721,15
722,2
723,12
724,4
725,4
726,22
727,22
728,20
729,4
730,22
731,2
732,10
733,6
734,19
735,15
736,15
737,12
738,19
739,12
740,13
741,22
742,2
743,12
744,19
745,15
746,4
747,4
748,8
749,19
750,12
751,20
752,10
753,15
754,15
755,2
756,18
757,20
758,18
759,6
760,15
761,20
762,10
763,18
764,10
765,8
766,10
767,18
768,5
769,4
770,15
771,19
772,12
773,12
774,4
775,12
776,19
777,10
778,2
779,15
780,4
781,20
782,5
783,10
784,5
785,10
786,19
787,20
788,10
789,8
790,18
791,18
792,15
793,2
794,4
795,19
796,12
797,4
798,2
799,20
800,15
801,2
802,19
803,12
804,8
805,18
806,20
807,12
808,19
809,19
810,4
811,12
812,12
813,18
814,22
815,13
816,20
817,10
818,2
819,19
820,4
821,4
822,22
823,12
824,13
825,22
826,4
827,4
828,4
829,8
830,22
831,18
832,2
833,22
834,8
835,10
836,13
837,15
838,19
839,12
840,2
841,4
842,18
843,2
844,18
845,19
846,5
847,2
848,8
849,2
850,18
851,20
852,19
853,19
854,19
855,2
856,19
857,19
858,22
859,10
860,19
861,19
862,12
863,8
864,2
865,8
866,15
867,2
868,19
869,2
870,8
871,22
872,4
873,4
874,13
875,15
876,22
877,15
878,20
879,22
880,2
881,19
882,2
883,19
884,19
885,5
886,15
887,20
888,5
889,12
890,20
891,10
892,4
893,15
894,20
895,18
896,13
897,19
898,12
899,5
900,8
901,15
902,19
903,13
904,2
905,18
906,4
907,4
908,18
909,2
910,19
911,2
912,2
913,15
914,2
915,8
916,15
917,12
918,10
919,15
920,4
921,4
922,20
923,20
924,20
925,10
926,10
927,8
928,4
929,10
930,8
931,20
932,4
933,4
934,4
935,10
936,15
937,5
938,8
939,15
940,8
941,10
942,2
943,20
944,18
945,12
946,12
947,2
948,2
949,5
950,2
951,15
952,10
953,20
954,12
955,10
956,10
957,4
958,4
959,10
960,5
961,19
962,4
963,4
964,19
965,20
966,15
967,20
968,18
969,18
970,4
971,20
972,19
973,15
974,15
975,12
976,15
977,10
978,4
979,4
980,20
981,18
982,12
983,20
984,2
985,10
986,4
987,4
988,15
989,15
990,2
991,19
992,18
993,2
994,4
995,18
996,15
997,2
998,8
999,12
1000,15
