1,25
2,17
3,2
4,25
5,10
6,11
7,9
8,21
9,9
10,22
11,3
12,19
13,22
14,5
15,2
16,19
17,25
18,12
19,5
20,23
21,25
22,22
23,5
24,25
25,22
26,6
27,20
28,5
29,13
30,15
31,18
32,13
33,5
34,5
35,11
36,3
37,6
38,15
39,20
40,22
41,25
42,12
43,22
44,23
45,16
46,12
47,13
48,20
49,8
50,13
51,17
52,2
53,15
54,6
55,11
56,26
57,20
58,25
59,5
60,19
61,18
62,23
63,20
64,18
65,22
66,6
67,17
68,24
69,3
70,7
71,11
72,22
73,24
74,23
75,23
76,4
77,4
78,21
79,21
80,22
81,10
82,3
83,9
84,20
85,1
86,21
87,26
88,18
89,20
90,16
91,15
92,5
93,9
94,5
95,17
96,9
97,22
98,13
99,26
100,7
101,17
102,12
103,16
104,23
105,16
106,26
107,20
108,9
109,13
110,2
111,1
112,18
113,19
114,18
115,15
116,8
117,17
118,24
119,4
120,20
121,15
122,24
123,17
124,3
125,24
126,26
127,15
128,26
129,10
130,6
131,17
132,21
133,6
134,16
135,15
136,8
137,23
138,17
139,9
140,20
141,12
142,19
143,8
144,14
145,9
146,8
147,17
148,19
149,4
150,23
151,16
152,16
153,26
154,14
155,12
156,15
157,7
158,26
159,12
160,19
161,11
162,23
163,1
164,18
165,12
166,21
167,13
168,18
169,14
170,20
171,20
172,18
173,2
174,19
175,17
176,14
177,4
178,6
179,17
180,14
181,24
182,4
183,20
184,18
185,15
186,24
187,18
188,10
189,11
190,7
191,7
192,24
193,7
194,2
195,15
196,4
197,12
198,12
199,11
200,24
201,7
202,10
203,9
204,19
205,10
206,5
207,1
208,5
209,8
210,14
211,21
212,3
213,26
214,9
215,11
216,1
217,8
218,19
219,8
220,24
221,4
222,1
223,14
224,8
225,19
226,26
227,1
228,23
229,18
230,21
231,23
232,21
233,11
234,14
235,12
236,3
237,13
238,23
239,6
240,7
241,9
242,9
243,4
244,19
245,15
246,17
247,7
248,1
249,1
250,16
251,23
252,13
253,11
254,9
255,21
256,9
257,15
258,16
259,9
260,9
261,15
262,9
263,1
264,9
265,3
266,24
267,20
268,4
269,1
270,25
271,9
272,10
273,8
274,8
275,9
276,7
277,3
278,3
279,12
280,14
281,19
282,6
283,6
284,2
285,15
286,24
287,2
288,19
289,20
290,1
291,26
292,9
293,1
294,15
295,4
296,7
297,24
298,9
299,20
300,17
301,19
302,26
303,2
304,9
305,7
306,13
307,23
308,13
309,17
310,12
311,15
312,2
313,6
314,10
315,9
316,23
317,9
318,10
319,9
320,3
321,11
322,24
323,15
324,4
325,24
326,6
327,15
328,16
329,12
330,6
331,26
332,17
333,26
334,21
335,10
336,10
337,26
338,6
339,7
340,19
341,19
342,8
343,19
344,25
345,16
346,21
347,4
348,26
349,19
350,6
351,6
352,19
353,12
354,21
355,20
356,15
357,14
358,9
359,11
360,14
361,17
362,14
363,10
364,23
365,8
366,14
367,11
368,20
369,20
370,23
371,7
372,13
373,23
374,15
375,20
376,8
377,4
378,17
379,16
380,23
381,7
382,17
383,15
384,24
385,2
386,11
387,11
388,15
389,10
390,26
391,10
392,15
393,8
394,17
395,23
396,21
397,17
398,24
399,21
400,23
401,16
402,15
403,10
404,6
405,2
406,16
407,2
408,26
409,9
410,17
411,3
412,7
413,25
414,7
415,3
416,17
417,17
418,20
419,14
420,11
421,7
422,17
423,17
424,17
425,25
426,14
427,25
428,19
429,8
430,21
431,8
432,6
433,16
434,10
435,9
436,13
437,24
438,23
439,7
440,11
441,8
442,26
443,11
444,12
445,15
446,25
447,2
448,15
449,16
450,9
451,6
452,6
453,19
454,17
455,2
456,8
457,20
458,10
459,23
460,17
461,6
462,11
463,12
464,6
465,9
466,13
467,6
468,20
469,3
470,2
471,26
472,23
473,21
474,15
475,6
476,21
477,21
478,13
479,17
480,9
481,6
482,19
483,15
484,15
485,8
486,9
487,8
488,14
489,11
490,21
491,2
492,10
493,9
494,7
495,7
496,9
497,21
498,24
499,23
500,19
501,8
502,9
503,13
504,20
505,20
506,26
507,26
508,8
509,25
510,15
511,24
512,9
513,8
514,17
515,23
516,6
517,7
518,20
519,9
520,13
521,26
522,2
523,7
524,24
525,20
526,26
527,7
528,21
529,9
530,6
531,8
532,26
533,20
534,14
535,25
536,21
537,6
538,11
539,11
540,9
541,13
542,6
543,9
544,6
545,12
546,23
547,25
548,15
549,21
550,14
551,25
552,12
553,9
554,15
555,6
556,23
557,15
558,9
559,17
560,19
561,26
562,9
563,26
564,12
565,21
566,21
567,14
568,23
569,9
570,24
571,15
572,7
573,25
574,15
575,9
576,13
577,9
578,17
579,17
580,23
581,6
582,21
583,9
584,21
585,23
586,23
587,15
588,7
589,21
590,9
591,19
592,26
593,26
594,12
595,25
596,15
597,20
598,10
599,26
600,25
601,20
602,26
603,14
604,12
605,6
606,20
607,13
608,25
609,17
610,19
611,17
612,7
613,26
614,6
615,15
616,9
617,19
618,15
619,15
620,8
621,9
622,17
623,6
624,15
625,15
626,19
627,17
628,17
629,9
630,24
631,26
632,11
633,3
634,9
635,8
636,13
637,13
638,3
639,23
640,17
641,26
642,23
643,23
644,8
645,9
646,23
647,20
648,14
649,19
650,15
651,6
652,9
653,25
654,15
655,15
656,11
657,6
658,15
659,20
660,17
661,20
662,9
663,8
664,6
665,24
666,3
667,3
668,15
669,19
670,23
671,3
672,8
673,19
674,6
675,15
676,6
677,14
678,23
679,19
680,23
681,3
682,9
683,15
684,15
685,24
686,6
687,15
688,25
689,24
690,23
691,14
692,9
693,3
694,15
695,9
696,17
697,21
698,9
699,8
700,15
701,21
702,25
703,9
704,15
705,9
706,23
707,9
708,15
709,25
710,17
711,17
712,15
713,7
714,23
715,14
716,14
717,6
718,23
719,6
720,3
721,6
722,19
723,23
724,23
725,25
726,19
727,23
728,20
729,3
730,7
731,20
732,15
733,11
734,15
735,14
736,26
737,26
738,19
739,26
740,17
741,21
742,14
743,11
744,23
745,26
746,6
747,9
748,8
749,14
750,23
751,21
752,15
753,19
754,6
755,26
756,24
757,13
758,23
759,13
760,19
761,9
762,15
763,26
764,15
765,6
766,3
767,8
768,7
769,19
770,19
771,17
772,23
773,15
774,17
775,19
776,25
777,17
778,26
779,19
780,17
781,13
782,11
783,6
784,21
785,7
786,19
787,17
788,26
789,20
790,7
791,17
792,9
793,6
794,15
795,7
796,26
797,25
798,23
799,9
800,15
801,20
802,14
803,6
804,19
805,9
806,14
807,25
808,17
809,25
810,25
811,6
812,17
813,17
814,26
815,26
816,26
817,17
818,25
819,19
820,14
821,11
822,26
823,26
824,14
825,15
826,11
827,9
828,23
829,9
830,17
831,17
832,14
833,6
834,7
835,20
836,19
837,6
838,17
839,9
840,21
841,19
842,9
843,23
844,23
845,25
846,17
847,9
848,26
849,9
850,23
851,17
852,23
853,6
854,15
855,20
856,9
857,15
858,7
859,15
860,15
861,15
862,23
863,17
864,25
865,7
866,21
867,14
868,23
869,26
870,14
871,26
872,9
873,26
874,19
875,20
876,26
877,19
878,8
879,19
880,20
881,21
882,15
883,15
884,21
885,15
886,6
887,9
888,6
889,19
890,9
891,6
892,19
893,7
894,7
895,17
896,15
897,9
898,9
899,21
900,6
901,6
902,20
903,15
904,14
905,15
906,15
907,15
908,6
909,15
910,26
911,23
912,6
913,21
914,9
915,19
916,17
917,17
918,20
919,26
920,9
921,6
922,9
923,9
924,20
925,20
926,15
927,15
928,9
929,6
930,26
931,23
932,6
933,20
934,6
935,20
936,6
937,15
938,9
939,9
940,20
941,15
942,19
943,19
944,19
945,23
946,19
947,23
948,15
949,26
950,21
951,20
952,26
953,26
954,9
955,23
956,21
957,17
958,9
959,17
960,15
961,17
962,17
963,23
964,19
965,19
966,23
967,9
968,6
969,26
970,23
971,20
972,17
973,23
974,20
975,6
976,6
977,19
978,6
979,6
980,19
981,9
982,15
983,23
984,6
985,26
986,17
987,23
988,17
989,9
990,6
991,20
992,9
993,15
994,17
995,23
996,9
997,9
998,17
999,6
1000,9
