1,16
2,14
3,3
4,24
5,15
6,16
7,17
8,16
9,13
10,18
11,13
12,24
13,2
14,9
15,5
16,15
17,23
18,21
19,3
20,24
21,11
22,15
23,15
24,16
25,16
26,10
27,6
28,24
29,14
30,16
31,12
32,9
33,1
34,14
35,22
36,24
37,16
38,3
39,22
40,22
41,13
42,2
43,13
44,10
45,5
46,2
47,21
48,16
49,19
50,3
51,15
52,17
53,7
54,18
55,22
56,11
57,4
58,16
59,24
60,4
61,11
62,13
63,11
64,6
65,6
66,2
67,24
68,24
69,3
70,3
71,6
72,20
73,24
74,19
75,21
76,4
77,14
78,4
79,3
80,5
81,21
82,3
83,3
84,15
85,3
86,16
87,21
88,11
89,18
90,14
91,7
92,5
93,2
94,5
95,3
96,18
97,17
98,5
99,15
100,15
101,20
102,6
103,22
104,4
105,2
106,8
107,13
108,18
109,13
110,16
111,17
112,16
113,18
114,7
115,2
116,7
117,24
118,19
119,24
120,17
121,15
122,10
123,22
124,1
125,16
126,2
127,12
128,13
129,6
130,2
131,21
132,17
133,22
134,12
135,10
136,18
137,11
138,2
139,8
140,16
141,21
142,16
143,10
144,9
145,18
146,14
147,5
148,2
149,20
150,14
151,6
152,1
153,4
154,2
155,17
156,17
157,4
158,5
159,20
160,13
161,19
162,1
163,6
164,8
165,16
166,5
167,10
168,10
169,19
170,9
171,8
172,20
173,12
174,13
175,20
176,20
177,15
178,1
179,4
180,10
181,2
182,19
183,13
184,20
185,1
186,13
187,11
188,7
189,15
190,12
191,16
192,2
193,10
194,11
195,20
196,21
197,17
198,16
199,16
200,17
201,23
202,21
203,17
204,2
205,15
206,7
207,21
208,4
209,20
210,19
211,23
212,5
213,8
214,10
215,8
216,23
217,2
218,8
219,6
220,15
221,9
222,21
223,18
224,8
225,19
226,4
227,1
228,21
229,15
230,23
231,10
232,22
233,22
234,10
235,15
236,4
237,4
238,5
239,21
240,2
241,19
242,4
243,16
244,7
245,22
246,18
247,4
248,16
249,5
250,15
251,10
252,10
253,2
254,2
255,7
256,6
257,14
258,4
259,19
260,2
261,1
262,18
263,20
264,10
265,14
266,5
267,10
268,9
269,1
270,20
271,9
272,2
273,21
274,18
275,17
276,23
277,2
278,5
279,23
280,10
281,12
282,23
283,2
284,21
285,6
286,11
287,12
288,21
289,10
290,20
291,5
292,6
293,1
294,19
295,6
296,7
297,12
298,19
299,16
300,10
301,21
302,2
303,10
304,21
305,21
306,11
307,9
308,22
309,21
310,4
311,16
312,4
313,1
314,14
315,12
316,23
317,5
318,6
319,14
320,10
321,2
322,9
323,21
324,18
325,11
326,7
327,7
328,16
329,10
330,9
331,8
332,6
333,8
334,15
335,16
336,15
337,5
338,21
339,4
340,6
341,21
342,23
343,21
344,21
345,21
346,10
347,22
348,5
349,6
350,21
351,8
352,6
353,21
354,2
355,15
356,19
357,23
358,19
359,4
360,9
361,12
362,10
363,21
364,16
365,10
366,2
367,12
368,12
369,21
370,2
371,9
372,2
373,2
374,2
375,6
376,2
377,23
378,23
379,4
380,21
381,7
382,15
383,6
384,23
385,5
386,16
387,14
388,8
389,11
390,4
391,4
392,20
393,8
394,12
395,6
396,5
397,14
398,15
399,21
400,15
401,12
402,4
403,10
404,6
405,21
406,23
407,5
408,15
409,7
410,6
411,15
412,19
413,11
414,21
415,5
416,9
417,22
418,2
419,23
420,19
421,21
422,8
423,20
424,6
425,16
426,2
427,20
428,16
429,2
430,15
431,9
432,4
433,16
434,20
435,21
436,14
437,9
438,8
439,22
440,11
441,10
442,23
443,9
444,4
445,22
446,4
447,4
448,14
449,5
450,22
451,2
452,6
453,21
454,16
455,20
456,21
457,16
458,8
459,9
460,7
461,6
462,15
463,7
464,20
465,5
466,10
467,6
468,20
469,14
470,14
471,4
472,16
473,6
474,5
475,21
476,2
477,1
478,10
479,11
480,2
481,23
482,22
483,10
484,15
485,5
486,21
487,12
488,15
489,9
490,1
491,7
492,23
493,1
494,2
495,14
496,4
497,23
498,6
499,6
500,10
501,14
502,6
503,19
504,16
505,11
506,9
507,9
508,2
509,1
510,9
511,21
512,21
513,2
514,23
515,21
516,4
517,23
518,21
519,2
520,21
521,22
522,2
523,19
524,4
525,19
526,23
527,19
528,12
529,21
530,12
531,7
532,21
533,16
534,5
535,2
536,8
537,12
538,10
539,6
540,4
541,19
542,20
543,15
544,4
545,19
546,5
547,2
548,21
549,19
550,4
551,23
552,4
553,1
554,22
555,1
556,21
557,15
558,1
559,7
560,2
561,21
562,9
563,15
564,5
565,16
566,11
567,21
568,6
569,6
570,19
571,7
572,12
573,9
574,23
575,6
576,2
577,15
578,6
579,5
580,23
581,11
582,14
583,2
584,15
585,2
586,20
587,21
588,6
589,6
590,12
591,16
592,14
593,2
594,6
595,22
596,22
597,15
598,11
599,7
600,2
601,5
602,19
603,2
604,11
605,21
606,10
607,12
608,5
609,12
610,15
611,4
612,23
613,19
614,1
615,1
616,15
617,22
618,23
619,5
620,10
621,6
622,22
623,23
624,4
625,21
626,5
627,14
628,9
629,16
630,15
631,16
632,11
633,11
634,4
635,14
636,2
637,10
638,9
639,2
640,10
641,19
642,12
643,2
644,15
645,4
646,21
647,23
648,4
649,7
650,12
651,9
652,7
653,16
654,20
655,21
656,2
657,5
658,1
659,20
660,21
661,22
662,6
663,11
664,21
665,10
666,2
667,12
668,4
669,10
670,21
671,2
672,2
673,22
674,15
675,4
676,14
677,1
678,6
679,15
680,1
681,9
682,21
683,2
684,21
685,15
686,2
687,23
688,7
689,22
690,1
691,6
692,21
693,11
694,16
695,14
696,2
697,21
698,6
699,4
700,2
701,14
702,22
703,11
704,21
705,11
706,5
707,23
708,10
709,11
710,11
711,19
712,5
713,2
714,16
715,1
716,23
717,10
718,4
719,23
720,5
721,11
722,21
723,4
724,20
725,1
726,4
727,16
728,10
729,4
730,23
731,14
732,1
733,12
734,23
735,23
736,21
737,2
738,6
739,23
740,1
741,15
742,23
743,11
744,11
745,20
746,5
747,14
748,10
749,11
750,2
751,10
752,2
753,23
754,21
755,22
756,4
757,22
758,23
759,19
760,14
761,5
762,4
763,6
764,6
765,20
766,12
767,19
768,19
769,21
770,2
771,16
772,14
773,2
774,15
775,22
776,21
777,2
778,15
779,9
780,10
781,5
782,19
783,5
784,5
785,10
786,4
787,6
788,12
789,16
790,16
791,15
792,23
793,10
794,2
795,21
796,2
797,23
798,22
799,9
800,10
801,12
802,23
803,21
804,23
805,22
806,12
807,1
808,6
809,12
810,21
811,12
812,10
813,6
814,12
815,23
816,19
817,9
818,15
819,14
820,5
821,9
822,23
823,23
824,21
825,5
826,4
827,14
828,12
829,5
830,21
831,23
832,15
833,10
834,5
835,23
836,2
837,16
838,15
839,14
840,2
841,16
842,5
843,4
844,23
845,19
846,12
847,4
848,4
849,5
850,19
851,6
852,4
853,14
854,11
855,21
856,16
857,2
858,12
859,9
860,4
861,2
862,14
863,14
864,16
865,23
866,2
867,19
868,2
869,6
870,6
871,6
872,21
873,4
874,5
875,21
876,14
877,11
878,11
879,4
880,10
881,2
882,4
883,16
884,5
885,19
886,21
887,21
888,2
889,2
890,10
891,11
892,6
893,21
894,23
895,11
896,2
897,16
898,16
899,5
900,14
901,2
902,5
903,5
904,4
905,14
906,5
907,11
908,4
909,21
910,14
911,11
912,21
913,15
914,16
915,14
916,11
917,4
918,10
919,6
920,10
921,16
922,5
923,4
924,11
925,23
926,21
927,16
928,21
929,21
930,15
931,6
932,2
933,5
934,2
935,2
936,5
937,21
938,2
939,23
940,5
941,23
942,23
943,15
944,4
945,5
946,16
947,21
948,10
949,4
950,6
951,21
952,16
953,2
954,16
955,16
956,23
957,6
958,15
959,21
960,4
961,23
962,5
963,15
964,16
965,2
966,5
967,10
968,6
969,2
970,2
971,15
972,5
973,10
974,2
975,6
976,5
977,6
978,4
979,5
980,23
981,15
982,23
983,15
984,2
985,16
986,10
987,6
988,16
989,6
990,6
991,5
992,21
993,5
994,6
995,15
996,10
997,6
998,21
999,21
1000,2
