1,1
2,19
3,26
4,24
5,24
6,8
7,17
8,17
9,3
10,16
11,6
12,18
13,12
14,25
15,16
16,3
17,24
18,22
19,22
20,27
21,13
22,6
23,16
24,24
25,24
26,22
27,1
28,29
29,3
30,9
31,29
32,7
33,22
34,12
35,14
36,13
37,24
38,6
39,1
40,7
41,16
42,22
43,13
44,16
45,22
46,8
47,11
48,30
49,14
50,28
51,15
52,13
53,5
54,30
55,22
56,3
57,1
58,6
59,8
60,16
61,22
62,3
63,3
64,4
65,17
66,1
67,28
68,24
69,13
70,2
71,16
72,25
73,14
74,27
75,14
76,8
77,2
78,24
79,19
80,24
81,16
82,12
83,24
84,24
85,6
86,20
87,4
88,8
89,8
90,16
91,9
92,14
93,1
94,27
95,13
96,23
97,22
98,22
99,18
100,8
101,16
102,21
103,16
104,6
105,6
106,25
107,8
108,5
109,26
110,13
111,25
112,3
113,23
114,2
115,21
116,12
117,20
118,15
119,13
120,6
121,29
122,28
123,12
124,14
125,4
126,29
127,6
128,4
129,18
130,1
131,12
132,8
133,25
134,9
135,5
136,1
137,13
138,15
139,30
140,4
141,6
142,17
143,12
144,19
145,27
146,13
147,30
148,13
149,21
150,9
151,18
152,18
153,8
154,5
155,4
156,3
157,21
158,25
159,28
160,6
161,26
162,3
163,5
164,1
165,23
166,27
167,21
168,5
169,8
170,17
171,2
172,21
173,11
174,13
175,20
176,6
177,28
178,17
179,28
180,21
181,27
182,5
183,26
184,12
185,9
186,12
187,17
188,12
189,21
190,6
191,28
192,13
193,10
194,25
195,26
196,7
197,12
198,2
199,14
200,9
201,23
202,25
203,14
204,9
205,17
206,21
207,11
208,19
209,30
210,13
211,30
212,28
213,5
214,13
215,5
216,30
217,7
218,13
219,29
220,20
221,21
222,6
223,15
224,6
225,17
226,11
227,25
228,27
229,26
230,3
231,18
232,25
233,3
234,13
235,6
236,4
237,19
238,7
239,20
240,30
241,11
242,28
243,14
244,3
245,21
246,14
247,27
248,28
249,21
250,10
251,17
252,7
253,17
254,17
255,4
256,25
257,14
258,1
259,20
260,12
261,14
262,1
263,6
264,13
265,11
266,6
267,26
268,6
269,1
270,5
271,27
272,12
273,27
274,18
275,29
276,10
277,15
278,21
279,26
280,29
281,8
282,3
283,18
284,6
285,27
286,2
287,21
288,4
289,27
290,9
291,21
292,2
293,5
294,10
295,26
296,14
297,6
298,2
299,2
300,9
301,5
302,20
303,10
304,19
305,7
306,13
307,3
308,10
309,2
310,18
311,13
312,28
313,10
314,21
315,13
316,26
317,18
318,5
319,27
320,8
321,21
322,13
323,17
324,23
325,4
326,15
327,20
328,13
329,18
330,15
331,18
332,6
333,19
334,21
335,8
336,13
337,15
338,19
339,29
340,4
341,15
342,6
343,4
344,14
345,9
346,7
347,2
348,4
349,9
350,30
351,3
352,23
353,2
354,5
355,15
356,23
357,6
358,25
359,25
360,30
361,6
362,11
363,13
364,26
365,7
366,9
367,26
368,19
369,14
370,9
371,2
372,18
373,2
374,14
375,11
376,20
377,6
378,1
379,10
380,11
381,7
382,11
383,3
384,1
385,3
386,26
387,21
388,11
389,23
390,8
391,28
392,15
393,2
394,29
395,4
396,19
397,18
398,3
399,26
400,21
401,25
402,21
403,11
404,20
405,14
406,21
407,30
408,20
409,28
410,28
411,6
412,9
413,3
414,14
415,26
416,5
417,9
418,5
419,14
420,9
421,20
422,14
423,21
424,9
425,19
426,9
427,9
428,13
429,20
430,3
431,28
432,21
433,8
434,21
435,29
436,2
437,18
438,13
439,28
440,3
441,6
442,7
443,30
444,10
445,29
446,21
447,20
448,23
449,20
450,11
451,21
452,7
453,23
454,9
455,20
456,9
457,29
458,19
459,2
460,21
461,9
462,14
463,28
464,6
465,10
466,23
467,8
468,21
469,29
470,19
471,29
472,2
473,21
474,15
475,11
476,10
477,23
478,19
479,19
480,10
481,13
482,6
483,30
484,11
485,21
486,2
487,19
488,7
489,10
490,14
491,19
492,28
493,29
494,30
495,30
496,14
497,5
498,14
499,10
500,13
501,15
502,9
503,23
504,6
505,1
506,29
507,15
508,29
509,7
510,11
511,14
512,6
513,14
514,15
515,21
516,13
517,30
518,13
519,8
520,28
521,9
522,2
523,13
524,8
525,11
526,1
527,6
528,23
529,7
530,2
531,21
532,3
533,23
534,3
535,7
536,30
537,11
538,19
539,28
540,2
541,23
542,10
543,30
544,11
545,29
546,14
547,20
548,10
549,9
550,14
551,6
552,20
553,8
554,21
555,15
556,21
557,19
558,10
559,10
560,14
561,9
562,5
563,20
564,30
565,6
566,5
567,21
568,14
569,14
570,10
571,11
572,13
573,14
574,14
575,2
576,21
577,20
578,14
579,6
580,23
581,29
582,3
583,29
584,19
585,7
586,11
587,28
588,30
589,21
590,11
591,2
592,5
593,21
594,1
595,7
596,7
597,15
598,14
599,6
600,21
601,13
602,29
603,2
604,6
605,9
606,3
607,2
608,13
609,13
610,2
611,5
612,29
613,14
614,3
615,9
616,3
617,2
618,10
619,10
620,28
621,28
622,7
623,6
624,21
625,7
626,3
627,8
628,1
629,21
630,30
631,14
632,3
633,14
634,10
635,1
636,21
637,6
638,15
639,3
640,9
641,8
642,19
643,5
644,15
645,15
646,14
647,11
648,2
649,21
650,9
651,28
652,1
653,13
654,2
655,21
656,30
657,7
658,6
659,13
660,21
661,6
662,19
663,8
664,15
665,21
666,15
667,5
668,6
669,14
670,11
671,14
672,8
673,1
674,7
675,6
676,3
677,6
678,2
679,13
680,15
681,21
682,28
683,6
684,2
685,21
686,20
687,11
688,13
689,6
690,9
691,19
692,1
693,7
694,6
695,7
696,14
697,30
698,2
699,3
700,6
701,2
702,19
703,1
704,14
705,8
706,8
707,28
708,3
709,7
710,2
711,14
712,1
713,9
714,5
715,2
716,2
717,30
718,15
719,19
720,5
721,10
722,21
723,1
724,2
725,14
726,6
727,10
728,29
729,6
730,21
731,2
732,19
733,9
734,2
735,14
736,19
737,29
738,21
739,28
740,13
741,3
742,2
743,11
744,28
745,21
746,1
747,28
748,6
749,13
750,21
751,29
752,14
753,20
754,14
755,20
756,20
757,8
758,13
759,14
760,15
761,11
762,2
763,7
764,19
765,7
766,3
767,21
768,6
769,9
770,7
771,5
772,10
773,7
774,1
775,14
776,1
777,19
778,21
779,21
780,13
781,11
782,1
783,19
784,6
785,10
786,20
787,7
788,13
789,29
790,6
791,1
792,2
793,11
794,2
795,6
796,21
797,8
798,2
799,5
800,9
801,28
802,2
803,10
804,9
805,9
806,28
807,13
808,28
809,1
810,8
811,29
812,2
813,6
814,8
815,19
816,8
817,21
818,2
819,1
820,11
821,5
822,29
823,2
824,5
825,3
826,13
827,10
828,2
829,2
830,29
831,11
832,19
833,2
834,14
835,13
836,1
837,8
838,2
839,6
840,1
841,6
842,6
843,8
844,10
845,14
846,3
847,1
848,3
849,6
850,6
851,11
852,2
853,9
854,5
855,13
856,9
857,8
858,28
859,5
860,7
861,10
862,6
863,2
864,2
865,7
866,13
867,13
868,21
869,28
870,13
871,7
872,6
873,19
874,1
875,10
876,2
877,13
878,2
879,13
880,2
881,6
882,5
883,28
884,1
885,1
886,3
887,13
888,19
889,19
890,14
891,7
892,9
893,6
894,13
895,13
896,14
897,2
898,1
899,3
900,19
901,13
902,8
903,13
904,2
905,7
906,9
907,13
908,13
909,3
910,8
911,21
912,8
913,13
914,19
915,2
916,19
917,8
918,14
919,9
920,9
921,9
922,14
923,6
924,19
925,6
926,3
927,21
928,7
929,8
930,8
931,9
932,14
933,2
934,8
935,2
936,3
937,7
938,21
939,14
940,1
941,21
942,21
943,6
944,3
945,7
946,3
947,14
948,14
949,7
950,21
951,2
952,2
953,9
954,13
955,1
956,6
957,14
958,21
959,9
960,3
961,2
962,1
963,3
964,8
965,6
966,8
967,2
968,14
969,9
970,14
971,21
972,2
973,21
974,2
975,2
976,3
977,14
978,21
979,13
980,21
981,14
982,21
983,2
984,3
985,13
986,14
987,6
988,3
989,13
990,6
991,14
992,14
993,14
994,2
995,21
996,2
997,14
998,6
999,2
1000,3
