1,50
2,77
3,46
4,58
5,18
6,17
7,23
8,9
9,14
10,49
11,45
12,59
13,86
14,2
15,85
16,41
17,6
18,31
19,82
20,69
21,43
22,37
23,73
24,79
25,69
26,2
27,35
28,66
29,74
30,56
31,6
32,90
33,74
34,18
35,54
36,32
37,11
38,35
39,82
40,35
41,11
42,71
43,79
44,49
45,33
46,43
47,33
48,44
49,57
50,38
51,81
52,86
53,10
54,78
55,53
56,69
57,25
58,31
59,50
60,23
61,69
62,15
63,3
64,9
65,87
66,73
67,76
68,87
69,4
70,60
71,33
72,23
73,72
74,88
75,29
76,9
77,40
78,17
79,27
80,52
81,17
82,30
83,87
84,69
85,51
86,52
87,26
88,9
89,15
90,69
91,58
92,30
93,80
94,12
95,6
96,1
97,23
98,94
99,21
100,43
101,38
102,58
103,23
104,25
105,82
106,86
107,57
108,78
109,73
110,71
111,21
112,78
113,80
114,94
115,38
116,35
117,91
118,68
119,83
120,78
121,27
122,22
123,24
124,90
125,91
126,74
127,69
128,18
129,38
130,81
131,6
132,39
133,10
134,35
135,87
136,48
137,92
138,25
139,25
140,70
141,24
142,16
143,57
144,47
145,14
146,93
147,94
148,10
149,26
150,20
151,7
152,15
153,71
154,16
155,94
156,20
157,20
158,3
159,43
160,66
161,32
162,21
163,36
164,18
165,25
166,68
167,73
168,89
169,76
170,39
171,70
172,84
173,25
174,54
175,3
176,61
177,83
178,39
179,37
180,84
181,68
182,88
183,88
184,43
185,48
186,25
187,68
188,87
189,78
190,43
191,52
192,7
193,21
194,43
195,68
196,32
197,71
198,23
199,73
200,90
201,93
202,65
203,18
204,75
205,83
206,64
207,86
208,20
209,56
210,56
211,25
212,91
213,43
214,83
215,90
216,72
217,76
218,13
219,1
220,71
221,6
222,86
223,21
224,8
225,84
226,6
227,12
228,82
229,37
230,16
231,8
232,81
233,71
234,23
235,38
236,77
237,17
238,6
239,12
240,84
241,41
242,17
243,80
244,59
245,12
246,35
247,82
248,11
249,85
250,18
251,54
252,1
253,18
254,38
255,59
256,73
257,56
258,85
259,53
260,68
261,3
262,8
263,22
264,45
265,6
266,9
267,50
268,17
269,18
270,84
271,11
272,9
273,88
274,67
275,65
276,31
277,39
278,38
279,39
280,16
281,18
282,2
283,24
284,15
285,34
286,40
287,41
288,6
289,78
290,6
291,79
292,68
293,34
294,53
295,80
296,66
297,45
298,63
299,42
300,25
301,31
302,32
303,78
304,11
305,85
306,60
307,27
308,33
309,47
310,56
311,65
312,25
313,8
314,79
315,44
316,47
317,68
318,70
319,54
320,35
321,69
322,17
323,83
324,70
325,58
326,47
327,83
328,94
329,41
330,91
331,59
332,42
333,39
334,33
335,57
336,72
337,67
338,84
339,61
340,72
341,17
342,81
343,55
344,24
345,27
346,32
347,45
348,25
349,78
350,78
351,25
352,78
353,59
354,15
355,38
356,29
357,79
358,73
359,18
360,39
361,68
362,8
363,53
364,46
365,59
366,84
367,80
368,32
369,4
370,60
371,38
372,60
373,88
374,69
375,43
376,11
377,85
378,71
379,88
380,69
381,89
382,59
383,36
384,86
385,88
386,8
387,73
388,86
389,5
390,24
391,43
392,37
393,8
394,9
395,4
396,31
397,4
398,41
399,39
400,57
401,39
402,93
403,15
404,40
405,91
406,8
407,50
408,52
409,91
410,72
411,53
412,7
413,43
414,66
415,17
416,25
417,87
418,61
419,32
420,60
421,29
422,76
423,38
424,49
425,60
426,85
427,4
428,57
429,62
430,84
431,80
432,86
433,1
434,16
435,51
436,16
437,52
438,58
439,76
440,91
441,74
442,36
443,4
444,91
445,25
446,94
447,71
448,7
449,2
450,48
451,13
452,55
453,86
454,32
455,78
456,84
457,20
458,93
459,76
460,21
461,58
462,39
463,71
464,61
465,70
466,41
467,32
468,73
469,75
470,67
471,71
472,80
473,26
474,19
475,4
476,34
477,38
478,24
479,41
480,56
481,41
482,53
483,44
484,78
485,39
486,51
487,91
488,45
489,41
490,61
491,18
492,66
493,2
494,48
495,88
496,68
497,94
498,15
499,31
500,80
501,37
502,70
503,91
504,1
505,31
506,7
507,30
508,94
509,36
510,94
511,11
512,18
513,3
514,21
515,72
516,59
517,4
518,49
519,59
520,55
521,1
522,66
523,93
524,2
525,11
526,71
527,90
528,30
529,27
530,84
531,78
532,85
533,25
534,89
535,84
536,84
537,41
538,9
539,55
540,11
541,62
542,31
543,13
544,35
545,82
546,71
547,53
548,14
549,34
550,42
551,7
552,58
553,44
554,47
555,11
556,57
557,5
558,59
559,80
560,90
561,69
562,64
563,92
564,69
565,5
566,48
567,12
568,10
569,72
570,80
571,69
572,5
573,34
574,9
575,9
576,50
577,4
578,54
579,90
580,81
581,62
582,63
583,62
584,30
585,9
586,18
587,47
588,35
589,24
590,11
591,52
592,55
593,38
594,78
595,61
596,91
597,29
598,31
599,72
600,90
601,9
602,48
603,33
604,93
605,9
606,28
607,7
608,76
609,63
610,1
611,61
612,9
613,15
614,73
615,80
616,12
617,53
618,18
619,43
620,41
621,54
622,74
623,69
624,19
625,3
626,78
627,4
628,61
629,68
630,83
631,50
632,5
633,41
634,68
635,72
636,43
637,43
638,20
639,59
640,28
641,38
642,55
643,8
644,19
645,77
646,32
647,43
648,41
649,41
650,1
651,24
652,90
653,38
654,30
655,3
656,55
657,20
658,29
659,63
660,17
661,69
662,11
663,45
664,87
665,4
666,71
667,7
668,34
669,37
670,49
671,29
672,11
673,32
674,85
675,51
676,23
677,47
678,30
679,92
680,92
681,77
682,80
683,25
684,33
685,60
686,91
687,15
688,20
689,64
690,1
691,33
692,83
693,80
694,35
695,34
696,8
697,7
698,40
699,74
700,68
701,60
702,41
703,19
704,49
705,1
706,77
707,33
708,9
709,29
710,87
711,84
712,80
713,11
714,87
715,68
716,78
717,42
718,46
719,25
720,71
721,84
722,53
723,11
724,72
725,53
726,86
727,36
728,73
729,75
730,89
731,1
732,36
733,63
734,4
735,52
736,65
737,91
738,54
739,81
740,23
741,3
742,20
743,87
744,12
745,71
746,81
747,57
748,43
749,35
750,33
751,40
752,11
753,51
754,34
755,81
756,30
757,3
758,32
759,54
760,22
761,9
762,77
763,33
764,73
765,69
766,50
767,94
768,85
769,74
770,43
771,5
772,69
773,94
774,78
775,66
776,42
777,35
778,54
779,53
780,53
781,29
782,58
783,89
784,24
785,28
786,68
787,57
788,65
789,16
790,50
791,57
792,1
793,63
794,23
795,79
796,78
797,82
798,32
799,79
800,89
801,35
802,83
803,91
804,89
805,29
806,19
807,67
808,28
809,78
810,27
811,90
812,42
813,54
814,9
815,63
816,43
817,49
818,55
819,35
820,18
821,78
822,91
823,91
824,89
825,68
826,42
827,18
828,66
829,37
830,53
831,93
832,81
833,14
834,38
835,83
836,38
837,88
838,65
839,18
840,41
841,64
842,27
843,82
844,57
845,40
846,44
847,19
848,86
849,73
850,72
851,79
852,35
853,29
854,69
855,64
856,2
857,1
858,50
859,1
860,67
861,18
862,71
863,84
864,30
865,14
866,16
867,34
868,91
869,87
870,62
871,5
872,71
873,93
874,36
875,77
876,10
877,44
878,14
879,82
880,90
881,53
882,11
883,84
884,61
885,29
886,35
887,59
888,92
889,67
890,15
891,24
892,87
893,35
894,24
895,80
896,20
897,68
898,25
899,91
900,24
901,24
902,79
903,42
904,50
905,70
906,14
907,33
908,66
909,55
910,62
911,59
912,61
913,50
914,91
915,62
916,85
917,26
918,67
919,65
920,5
921,30
922,58
923,1
924,60
925,77
926,20
927,1
928,82
929,78
930,79
931,37
932,7
933,35
934,65
935,38
936,12
937,67
938,16
939,43
940,80
941,52
942,1
943,72
944,43
945,66
946,62
947,94
948,38
949,58
950,71
951,92
952,75
953,63
954,78
955,77
956,53
957,26
958,88
959,43
960,83
961,29
962,11
963,51
964,14
965,93
966,86
967,62
968,38
969,62
970,94
971,85
972,34
973,35
974,41
975,59
976,2
977,68
978,66
979,58
980,76
981,13
982,13
983,60
984,52
985,52
986,78
987,41
988,71
989,7
990,91
991,22
992,45
993,81
994,25
995,83
996,82
997,46
998,60
999,8
1000,65
1001,65
1002,31
1003,47
1004,1
1005,71
1006,24
1007,24
1008,18
1009,34
1010,33
1011,47
1012,45
1013,25
1014,71
1015,9
1016,77
1017,56
1018,22
1019,22
1020,22
1021,23
1022,53
1023,40
1024,58
1025,45
1026,23
1027,69
1028,74
1029,77
1030,9
1031,68
1032,60
1033,43
1034,69
1035,47
1036,82
1037,85
1038,9
1039,81
1040,59
1041,41
1042,91
1043,52
1044,29
1045,66
1046,9
1047,24
1048,55
1049,58
1050,78
1051,7
1052,43
1053,51
1054,70
1055,60
1056,94
1057,74
1058,73
1059,35
1060,85
1061,64
1062,21
1063,11
1064,9
1065,18
1066,53
1067,94
1068,63
1069,56
1070,64
1071,60
1072,64
1073,75
1074,36
1075,65
1076,41
1077,86
1078,41
1079,54
1080,37
1081,7
1082,53
1083,55
1084,63
1085,37
1086,20
1087,73
1088,55
1089,34
1090,14
1091,9
1092,11
1093,11
1094,85
1095,11
1096,2
1097,18
1098,23
1099,23
1100,45
1101,53
1102,70
1103,75
1104,37
1105,23
1106,64
1107,70
1108,24
1109,49
1110,90
1111,10
1112,18
1113,46
1114,84
1115,94
1116,90
1117,14
1118,33
1119,80
1120,69
1121,9
1122,24
1123,94
1124,30
1125,46
1126,56
1127,1
1128,47
1129,34
1130,3
1131,25
1132,69
1133,40
1134,94
1135,94
1136,9
1137,44
1138,81
1139,11
1140,69
1141,92
1142,21
1143,48
1144,67
1145,60
1146,4
1147,70
1148,51
1149,2
1150,76
1151,68
1152,60
1153,31
1154,37
1155,94
1156,24
1157,76
1158,22
1159,46
1160,9
1161,68
1162,33
1163,33
1164,46
1165,49
1166,58
1167,48
1168,3
1169,82
1170,60
1171,69
1172,48
1173,78
1174,82
1175,23
1176,79
1177,13
1178,21
1179,46
1180,3
1181,77
1182,91
1183,94
1184,94
1185,24
1186,22
1187,20
1188,91
1189,68
1190,12
1191,20
1192,32
1193,5
1194,5
1195,25
1196,22
1197,57
1198,51
1199,73
1200,37
1201,91
1202,1
1203,73
1204,15
1205,42
1206,40
1207,70
1208,69
1209,15
1210,8
1211,9
1212,10
1213,81
1214,92
1215,80
1216,13
1217,12
1218,61
1219,66
1220,1
1221,27
1222,5
1223,14
1224,23
1225,74
1226,7
1227,18
1228,11
1229,94
1230,70
1231,80
1232,94
1233,86
1234,55
1235,84
1236,84
1237,43
1238,30
1239,7
1240,47
1241,46
1242,15
1243,10
1244,36
1245,35
1246,70
1247,71
1248,22
1249,15
1250,53
1251,11
1252,35
1253,10
1254,91
1255,37
1256,26
1257,79
1258,80
1259,71
1260,65
1261,69
1262,18
1263,49
1264,35
1265,45
1266,69
1267,34
1268,42
1269,46
1270,11
1271,57
1272,18
1273,84
1274,59
1275,19
1276,44
1277,70
1278,31
1279,21
1280,52
1281,13
1282,12
1283,65
1284,88
1285,41
1286,59
1287,71
1288,78
1289,53
1290,21
1291,69
1292,36
1293,21
1294,16
1295,3
1296,55
1297,41
1298,50
1299,42
1300,85
1301,75
1302,56
1303,63
1304,79
1305,11
1306,82
1307,53
1308,91
1309,35
1310,38
1311,22
1312,53
1313,40
1314,3
1315,26
1316,60
1317,91
1318,71
1319,50
1320,43
1321,58
1322,64
1323,36
1324,36
1325,74
1326,25
1327,80
1328,7
1329,61
1330,44
1331,62
1332,63
1333,59
1334,59
1335,68
1336,16
1337,15
1338,8
1339,23
1340,38
1341,53
1342,41
1343,11
1344,46
1345,38
1346,93
1347,59
1348,59
1349,86
1350,28
1351,45
1352,70
1353,23
1354,84
1355,33
1356,9
1357,25
1358,5
1359,32
1360,1
1361,43
1362,83
1363,25
1364,59
1365,82
1366,31
1367,75
1368,61
1369,91
1370,24
1371,18
1372,70
1373,45
1374,8
1375,36
1376,23
1377,76
1378,33
1379,84
1380,91
1381,64
1382,84
1383,1
1384,8
1385,63
1386,69
1387,91
1388,28
1389,24
1390,41
1391,56
1392,9
1393,23
1394,68
1395,37
1396,91
1397,82
1398,66
1399,30
1400,77
1401,83
1402,73
1403,3
1404,65
1405,64
1406,37
1407,38
1408,44
1409,49
1410,31
1411,47
1412,63
1413,55
1414,35
1415,7
1416,60
1417,15
1418,40
1419,91
1420,72
1421,41
1422,36
1423,73
1424,16
1425,33
1426,58
1427,25
1428,8
1429,59
1430,56
1431,25
1432,7
1433,93
1434,73
1435,35
1436,43
1437,43
1438,70
1439,25
1440,29
1441,8
1442,38
1443,70
1444,56
1445,46
1446,74
1447,34
1448,33
1449,83
1450,27
1451,44
1452,52
1453,1
1454,48
1455,52
1456,35
1457,9
1458,15
1459,18
1460,77
1461,53
1462,88
1463,56
1464,61
1465,44
1466,84
1467,43
1468,69
1469,91
1470,59
1471,1
1472,88
1473,94
1474,82
1475,48
1476,59
1477,74
1478,29
1479,94
1480,36
1481,7
1482,11
1483,41
1484,21
1485,29
1486,54
1487,28
1488,66
1489,59
1490,57
1491,53
1492,68
1493,60
1494,2
1495,7
1496,18
1497,78
1498,73
1499,43
1500,75
1501,35
1502,59
1503,60
1504,34
1505,89
1506,58
1507,73
1508,7
1509,61
1510,94
1511,57
1512,11
1513,19
1514,71
1515,32
1516,10
1517,69
1518,58
1519,68
1520,77
1521,67
1522,15
1523,38
1524,2
1525,43
1526,33
1527,84
1528,53
1529,16
1530,71
1531,86
1532,61
1533,22
1534,69
1535,53
1536,67
1537,23
1538,64
1539,35
1540,67
1541,83
1542,53
1543,8
1544,84
1545,91
1546,32
1547,1
1548,88
1549,75
1550,16
1551,11
1552,36
1553,88
1554,57
1555,64
1556,56
1557,56
1558,59
1559,9
1560,57
1561,71
1562,89
1563,38
1564,73
1565,9
1566,49
1567,88
1568,34
1569,60
1570,64
1571,38
1572,85
1573,14
1574,23
1575,77
1576,33
1577,70
1578,22
1579,82
1580,33
1581,2
1582,71
1583,61
1584,37
1585,84
1586,81
1587,79
1588,44
1589,43
1590,78
1591,15
1592,94
1593,12
1594,82
1595,16
1596,35
1597,51
1598,43
1599,12
1600,88
1601,91
1602,71
1603,58
1604,60
1605,43
1606,28
1607,27
1608,69
1609,46
1610,43
1611,75
1612,51
1613,53
1614,24
1615,65
1616,84
1617,11
1618,49
1619,61
1620,18
1621,92
1622,7
1623,10
1624,37
1625,53
1626,68
1627,75
1628,32
1629,22
1630,44
1631,24
1632,54
1633,77
1634,78
1635,45
1636,64
1637,48
1638,71
1639,92
1640,64
1641,42
1642,35
1643,10
1644,26
1645,3
1646,77
1647,71
1648,35
1649,44
1650,34
1651,52
1652,11
1653,70
1654,1
1655,54
1656,93
1657,40
1658,58
1659,73
1660,2
1661,9
1662,33
1663,73
1664,22
1665,43
1666,22
1667,7
1668,91
1669,24
1670,46
1671,35
1672,38
1673,23
1674,80
1675,7
1676,79
1677,24
1678,2
1679,37
1680,84
1681,43
1682,23
1683,18
1684,32
1685,70
1686,84
1687,78
1688,94
1689,89
1690,75
1691,70
1692,70
1693,69
1694,48
1695,18
1696,91
1697,85
1698,43
1699,5
1700,93
1701,26
1702,43
1703,16
1704,21
1705,84
1706,61
1707,10
1708,27
1709,51
1710,7
1711,34
1712,74
1713,74
1714,94
1715,75
1716,53
1717,75
1718,78
1719,42
1720,1
1721,70
1722,69
1723,24
1724,80
1725,19
1726,24
1727,33
1728,8
1729,10
1730,19
1731,51
1732,55
1733,7
1734,32
1735,43
1736,18
1737,70
1738,24
1739,75
1740,24
1741,60
1742,73
1743,24
1744,7
1745,5
1746,59
1747,43
1748,69
1749,32
1750,28
1751,77
1752,82
1753,78
1754,25
1755,76
1756,28
1757,64
1758,1
1759,32
1760,46
1761,21
1762,73
1763,51
1764,9
1765,38
1766,71
1767,7
1768,44
1769,48
1770,44
1771,73
1772,25
1773,3
1774,13
1775,85
1776,91
1777,15
1778,53
1779,55
1780,9
1781,9
1782,92
1783,73
1784,25
1785,64
1786,79
1787,19
1788,9
1789,3
1790,73
1791,93
1792,71
1793,24
1794,68
1795,94
1796,11
1797,91
1798,7
1799,68
1800,58
1801,10
1802,7
1803,85
1804,14
1805,79
1806,80
1807,91
1808,26
1809,40
1810,53
1811,67
1812,67
1813,71
1814,51
1815,5
1816,88
1817,89
1818,54
1819,28
1820,19
1821,4
1822,23
1823,77
1824,77
1825,60
1826,41
1827,78
1828,36
1829,55
1830,19
1831,66
1832,53
1833,71
1834,7
1835,41
1836,13
1837,93
1838,62
1839,24
1840,12
1841,43
1842,3
1843,25
1844,48
1845,1
1846,67
1847,66
1848,81
1849,68
1850,70
1851,29
1852,32
1853,81
1854,69
1855,36
1856,25
1857,27
1858,23
1859,56
1860,58
1861,89
1862,33
1863,74
1864,23
1865,82
1866,44
1867,25
1868,62
1869,88
1870,82
1871,53
1872,71
1873,76
1874,64
1875,43
1876,7
1877,3
1878,34
1879,11
1880,28
1881,62
1882,32
1883,57
1884,94
1885,28
1886,41
1887,40
1888,11
1889,94
1890,25
1891,91
1892,35
1893,8
1894,25
1895,7
1896,13
1897,24
1898,43
1899,46
1900,58
1901,40
1902,94
1903,18
1904,84
1905,8
1906,71
1907,27
1908,41
1909,4
1910,88
1911,60
1912,14
1913,66
1914,36
1915,61
1916,91
1917,40
1918,82
1919,27
1920,5
1921,88
1922,38
1923,92
1924,10
1925,48
1926,89
1927,18
1928,88
1929,14
1930,84
1931,89
1932,35
1933,12
1934,28
1935,24
1936,24
1937,26
1938,43
1939,34
1940,14
1941,3
1942,70
1943,60
1944,93
1945,91
1946,68
1947,28
1948,56
1949,23
1950,75
1951,93
1952,41
1953,28
1954,25
1955,93
1956,84
1957,36
1958,93
1959,27
1960,70
1961,26
1962,7
1963,68
1964,76
1965,91
1966,82
1967,23
1968,80
1969,91
1970,91
1971,58
1972,16
1973,32
1974,9
1975,43
1976,10
1977,43
1978,76
1979,58
1980,3
1981,32
1982,80
1983,75
1984,91
1985,22
1986,88
1987,7
1988,34
1989,71
1990,26
1991,82
1992,1
1993,19
1994,3
1995,7
1996,25
1997,49
1998,94
1999,13
2000,91
2001,84
2002,26
2003,49
2004,70
2005,21
2006,91
2007,76
2008,60
2009,32
2010,53
2011,88
2012,85
2013,23
2014,59
2015,88
2016,16
2017,73
2018,56
2019,16
2020,73
2021,94
2022,11
2023,80
2024,92
2025,86
2026,53
2027,82
2028,11
2029,79
2030,12
2031,80
2032,67
2033,67
2034,74
2035,1
2036,19
2037,93
2038,59
2039,89
2040,76
2041,38
2042,18
2043,1
2044,35
2045,2
2046,54
2047,74
2048,62
2049,68
2050,92
2051,70
2052,80
2053,70
2054,60
2055,88
2056,88
2057,62
2058,48
2059,37
2060,71
2061,66
2062,44
2063,75
2064,55
2065,82
2066,19
2067,61
2068,22
2069,91
2070,68
2071,68
2072,32
2073,68
2074,33
2075,26
2076,1
2077,94
2078,71
2079,18
2080,80
2081,92
2082,8
2083,55
2084,91
2085,84
2086,70
2087,92
2088,25
2089,53
2090,71
2091,48
2092,57
2093,1
2094,84
2095,19
2096,53
2097,23
2098,57
2099,68
2100,54
2101,25
2102,54
2103,3
2104,88
2105,75
2106,25
2107,58
2108,1
2109,25
2110,79
2111,78
2112,35
2113,70
2114,28
2115,71
2116,94
2117,18
2118,79
2119,1
2120,91
2121,69
2122,92
2123,18
2124,13
2125,68
2126,91
2127,57
2128,28
2129,25
2130,42
2131,73
2132,11
2133,27
2134,8
2135,7
2136,1
2137,82
2138,35
2139,69
2140,38
2141,5
2142,82
2143,13
2144,25
2145,13
2146,94
2147,40
2148,48
2149,9
2150,1
2151,93
2152,15
2153,84
2154,77
2155,58
2156,67
2157,53
2158,32
2159,22
2160,42
2161,61
2162,49
2163,13
2164,42
2165,36
2166,71
2167,61
2168,40
2169,19
2170,69
2171,18
2172,27
2173,43
2174,33
2175,14
2176,11
2177,41
2178,54
2179,84
2180,35
2181,79
2182,89
2183,14
2184,86
2185,38
2186,83
2187,22
2188,3
2189,53
2190,43
2191,16
2192,9
2193,33
2194,67
2195,75
2196,12
2197,82
2198,48
2199,5
2200,5
2201,53
2202,71
2203,25
2204,74
2205,7
2206,91
2207,7
2208,69
2209,35
2210,80
2211,65
2212,60
2213,24
2214,59
2215,1
2216,69
2217,73
2218,38
2219,11
2220,54
2221,27
2222,60
2223,23
2224,10
2225,91
2226,44
2227,25
2228,19
2229,4
2230,38
2231,41
2232,58
2233,94
2234,13
2235,42
2236,35
2237,53
2238,14
2239,33
2240,62
2241,91
2242,18
2243,36
2244,38
2245,1
2246,66
2247,41
2248,53
2249,5
2250,12
2251,91
2252,57
2253,9
2254,84
2255,89
2256,86
2257,25
2258,23
2259,7
2260,41
2261,5
2262,79
2263,36
2264,88
2265,3
2266,89
2267,78
2268,80
2269,33
2270,94
2271,7
2272,78
2273,3
2274,1
2275,18
2276,23
2277,55
2278,85
2279,25
2280,55
2281,54
2282,18
2283,59
2284,82
2285,86
2286,82
2287,53
2288,14
2289,82
2290,2
2291,53
2292,36
2293,25
2294,9
2295,61
2296,1
2297,67
2298,9
2299,86
2300,36
2301,58
2302,3
2303,44
2304,82
2305,56
2306,48
2307,53
2308,1
2309,49
2310,34
2311,9
2312,25
2313,14
2314,4
2315,59
2316,70
2317,43
2318,64
2319,24
2320,69
2321,69
2322,54
2323,60
2324,24
2325,35
2326,24
2327,35
2328,16
2329,75
2330,28
2331,71
2332,75
2333,86
2334,48
2335,43
2336,94
2337,69
2338,4
2339,71
2340,23
2341,70
2342,28
2343,32
2344,78
2345,78
2346,93
2347,14
2348,33
2349,2
2350,69
2351,37
2352,91
2353,28
2354,68
2355,65
2356,53
2357,69
2358,23
2359,57
2360,92
2361,86
2362,1
2363,70
2364,25
2365,73
2366,35
2367,33
2368,27
2369,9
2370,33
2371,13
2372,62
2373,83
2374,70
2375,40
2376,70
2377,7
2378,27
2379,26
2380,73
2381,7
2382,1
2383,91
2384,44
2385,78
2386,69
2387,59
2388,80
2389,70
2390,41
2391,8
2392,64
2393,83
2394,7
2395,29
2396,91
2397,26
2398,91
2399,94
2400,7
2401,11
2402,55
2403,38
2404,35
2405,29
2406,25
2407,68
2408,75
2409,91
2410,41
2411,41
2412,71
2413,68
2414,82
2415,59
2416,7
2417,3
2418,67
2419,94
2420,60
2421,3
2422,59
2423,7
2424,78
2425,80
2426,53
2427,29
2428,48
2429,69
2430,71
2431,70
2432,89
2433,28
2434,89
2435,54
2436,71
2437,77
2438,80
2439,84
2440,23
2441,86
2442,43
2443,54
2444,78
2445,36
2446,8
2447,25
2448,83
2449,68
2450,71
2451,94
2452,43
2453,94
2454,38
2455,13
2456,49
2457,83
2458,13
2459,71
2460,11
2461,18
2462,1
2463,78
2464,2
2465,55
2466,33
2467,11
2468,82
2469,84
2470,24
2471,42
2472,61
2473,28
2474,68
2475,71
2476,82
2477,11
2478,7
2479,77
2480,23
2481,23
2482,70
2483,80
2484,37
2485,91
2486,24
2487,94
2488,75
2489,36
2490,7
2491,83
2492,25
2493,68
2494,83
2495,34
2496,35
2497,11
2498,80
2499,65
2500,78
2501,5
2502,19
2503,80
2504,68
2505,82
2506,27
2507,53
2508,62
2509,57
2510,89
2511,7
2512,2
2513,29
2514,2
2515,3
2516,68
2517,9
2518,69
2519,36
2520,86
2521,66
2522,11
2523,59
2524,1
2525,9
2526,91
2527,59
2528,49
2529,71
2530,41
2531,41
2532,49
2533,93
2534,88
2535,78
2536,59
2537,78
2538,92
2539,8
2540,7
2541,69
2542,1
2543,2
2544,11
2545,70
2546,62
2547,7
2548,9
2549,35
2550,44
2551,43
2552,1
2553,7
2554,1
2555,13
2556,1
2557,85
2558,33
2559,23
2560,46
2561,61
2562,78
2563,37
2564,94
2565,41
2566,75
2567,1
2568,86
2569,53
2570,42
2571,5
2572,58
2573,36
2574,58
2575,66
2576,62
2577,38
2578,11
2579,92
2580,67
2581,54
2582,25
2583,67
2584,27
2585,38
2586,48
2587,3
2588,80
2589,23
2590,80
2591,11
2592,86
2593,84
2594,40
2595,70
2596,3
2597,8
2598,88
2599,61
2600,53
2601,34
2602,60
2603,48
2604,40
2605,28
2606,94
2607,48
2608,68
2609,23
2610,93
2611,2
2612,89
2613,26
2614,58
2615,15
2616,9
2617,48
2618,54
2619,60
2620,18
2621,7
2622,1
2623,3
2624,48
2625,92
2626,64
2627,53
2628,48
2629,7
2630,33
2631,25
2632,33
2633,38
2634,79
2635,42
2636,89
2637,43
2638,33
2639,78
2640,70
2641,44
2642,73
2643,14
2644,69
2645,65
2646,42
2647,1
2648,38
2649,84
2650,62
2651,46
2652,71
2653,70
2654,18
2655,46
2656,91
2657,91
2658,28
2659,80
2660,14
2661,79
2662,69
2663,89
2664,60
2665,68
2666,13
2667,61
2668,94
2669,38
2670,37
2671,7
2672,67
2673,78
2674,27
2675,82
2676,82
2677,80
2678,19
2679,42
2680,1
2681,25
2682,18
2683,11
2684,78
2685,41
2686,59
2687,18
2688,25
2689,46
2690,26
2691,48
2692,65
2693,61
2694,91
2695,19
2696,49
2697,54
2698,18
2699,65
2700,2
2701,37
2702,82
2703,79
2704,83
2705,18
2706,80
2707,71
2708,49
2709,42
2710,7
2711,16
2712,25
2713,60
2714,56
2715,73
2716,16
2717,54
2718,26
2719,19
2720,9
2721,82
2722,69
2723,77
2724,75
2725,59
2726,22
2727,71
2728,56
2729,80
2730,85
2731,80
2732,59
2733,3
2734,35
2735,70
2736,70
2737,22
2738,7
2739,38
2740,38
2741,3
2742,23
2743,79
2744,80
2745,1
2746,71
2747,54
2748,24
2749,75
2750,38
2751,41
2752,58
2753,1
2754,65
2755,57
2756,75
2757,44
2758,94
2759,78
2760,91
2761,94
2762,84
2763,35
2764,11
2765,43
2766,34
2767,23
2768,11
2769,65
2770,67
2771,77
2772,8
2773,15
2774,68
2775,16
2776,37
2777,61
2778,94
2779,43
2780,75
2781,78
2782,18
2783,79
2784,2
2785,80
2786,56
2787,25
2788,59
2789,26
2790,35
2791,58
2792,80
2793,71
2794,23
2795,54
2796,41
2797,41
2798,89
2799,15
2800,62
2801,16
2802,68
2803,62
2804,7
2805,34
2806,61
2807,22
2808,35
2809,78
2810,59
2811,53
2812,41
2813,64
2814,11
2815,23
2816,59
2817,7
2818,9
2819,14
2820,13
2821,58
2822,16
2823,24
2824,82
2825,25
2826,37
2827,54
2828,7
2829,78
2830,66
2831,43
2832,8
2833,44
2834,53
2835,41
2836,59
2837,70
2838,57
2839,64
2840,49
2841,91
2842,38
2843,25
2844,23
2845,38
2846,73
2847,71
2848,37
2849,15
2850,8
2851,32
2852,89
2853,29
2854,9
2855,79
2856,3
2857,2
2858,49
2859,54
2860,11
2861,18
2862,3
2863,60
2864,16
2865,86
2866,9
2867,38
2868,82
2869,1
2870,82
2871,28
2872,35
2873,53
2874,53
2875,83
2876,7
2877,7
2878,78
2879,53
2880,58
2881,37
2882,15
2883,18
2884,24
2885,42
2886,19
2887,60
2888,1
2889,11
2890,93
2891,28
2892,68
2893,43
2894,59
2895,77
2896,43
2897,2
2898,16
2899,3
2900,37
2901,62
2902,67
2903,68
2904,65
2905,54
2906,37
2907,73
2908,80
2909,16
2910,24
2911,93
2912,43
2913,32
2914,22
2915,79
2916,1
2917,28
2918,78
2919,41
2920,75
2921,71
2922,32
2923,13
2924,58
2925,68
2926,73
2927,27
2928,67
2929,29
2930,75
2931,53
2932,29
2933,13
2934,11
2935,68
2936,68
2937,25
2938,41
2939,24
2940,28
2941,7
2942,59
2943,38
2944,1
2945,83
2946,88
2947,25
2948,29
2949,5
2950,9
2951,23
2952,23
2953,41
2954,57
2955,83
2956,79
2957,23
2958,1
2959,53
2960,89
2961,85
2962,64
2963,93
2964,7
2965,24
2966,44
2967,58
2968,82
2969,34
2970,60
2971,57
2972,43
2973,11
2974,58
2975,24
2976,60
2977,42
2978,9
2979,42
2980,85
2981,25
2982,69
2983,58
2984,71
2985,66
2986,11
2987,29
2988,64
2989,7
2990,68
2991,69
2992,32
2993,71
2994,23
2995,59
2996,23
2997,27
2998,43
2999,11
3000,35
3001,35
3002,69
3003,93
3004,82
3005,33
3006,37
3007,89
3008,7
3009,41
3010,43
3011,62
3012,44
3013,91
3014,18
3015,70
3016,62
3017,29
3018,57
3019,82
3020,64
3021,54
3022,86
3023,9
3024,18
3025,59
3026,7
3027,23
3028,43
3029,38
3030,88
3031,84
3032,9
3033,55
3034,25
3035,19
3036,25
3037,19
3038,56
3039,80
3040,11
3041,3
3042,2
3043,3
3044,35
3045,53
3046,37
3047,41
3048,9
3049,58
3050,73
3051,58
3052,69
3053,32
3054,53
3055,8
3056,69
3057,53
3058,44
3059,82
3060,37
3061,1
3062,91
3063,5
3064,59
3065,34
3066,55
3067,42
3068,1
3069,61
3070,73
3071,79
3072,15
3073,41
3074,29
3075,56
3076,83
3077,82
3078,91
3079,25
3080,91
3081,61
3082,8
3083,41
3084,56
3085,28
3086,36
3087,58
3088,89
3089,42
3090,28
3091,29
3092,71
3093,79
3094,53
3095,42
3096,79
3097,2
3098,78
3099,5
3100,2
3101,58
3102,91
3103,88
3104,84
3105,33
3106,27
3107,7
3108,89
3109,43
3110,8
3111,8
3112,88
3113,37
3114,7
3115,11
3116,1
3117,34
3118,35
3119,82
3120,7
3121,29
3122,60
3123,75
3124,24
3125,83
3126,91
3127,54
3128,29
3129,84
3130,57
3131,53
3132,78
3133,32
3134,38
3135,53
3136,94
3137,11
3138,43
3139,29
3140,60
3141,18
3142,8
3143,28
3144,11
3145,16
3146,25
3147,64
3148,78
3149,43
3150,73
3151,18
3152,84
3153,25
3154,16
3155,7
3156,38
3157,43
3158,7
3159,73
3160,59
3161,80
3162,36
3163,41
3164,53
3165,3
3166,36
3167,32
3168,56
3169,9
3170,32
3171,84
3172,56
3173,61
3174,2
3175,84
3176,25
3177,79
3178,22
3179,16
3180,41
3181,59
3182,73
3183,73
3184,43
3185,55
3186,91
3187,53
3188,56
3189,1
3190,37
3191,1
3192,1
3193,1
3194,82
3195,23
3196,43
3197,56
3198,33
3199,70
3200,57
3201,32
3202,16
3203,5
3204,56
3205,33
3206,27
3207,94
3208,8
3209,9
3210,78
3211,43
3212,75
3213,70
3214,8
3215,37
3216,75
3217,1
3218,7
3219,60
3220,2
3221,84
3222,82
3223,94
3224,53
3225,69
3226,48
3227,71
3228,5
3229,43
3230,75
3231,9
3232,42
3233,32
3234,60
3235,18
3236,68
3237,91
3238,25
3239,25
3240,84
3241,25
3242,22
3243,93
3244,94
3245,35
3246,93
3247,5
3248,73
3249,79
3250,18
3251,37
3252,84
3253,54
3254,7
3255,70
3256,69
3257,36
3258,18
3259,3
3260,38
3261,93
3262,94
3263,29
3264,42
3265,58
3266,15
3267,54
3268,55
3269,71
3270,83
3271,71
3272,9
3273,1
3274,68
3275,16
3276,9
3277,15
3278,71
3279,43
3280,89
3281,48
3282,79
3283,75
3284,15
3285,61
3286,1
3287,70
3288,84
3289,69
3290,88
3291,59
3292,34
3293,23
3294,32
3295,54
3296,73
3297,88
3298,83
3299,78
3300,29
3301,1
3302,59
3303,36
3304,75
3305,34
3306,80
3307,34
3308,94
3309,55
3310,94
3311,53
3312,80
3313,56
3314,43
3315,23
3316,60
3317,1
3318,91
3319,18
3320,36
3321,35
3322,73
3323,83
3324,70
3325,55
3326,69
3327,56
3328,84
3329,37
3330,94
3331,9
3332,58
3333,23
3334,24
3335,25
3336,80
3337,88
3338,69
3339,78
3340,80
3341,11
3342,2
3343,70
3344,60
3345,3
3346,24
3347,41
3348,84
3349,33
3350,57
3351,56
3352,58
3353,70
3354,89
3355,84
3356,84
3357,48
3358,75
3359,70
3360,54
3361,88
3362,33
3363,11
3364,53
3365,32
3366,1
3367,73
3368,60
3369,78
3370,23
3371,91
3372,78
3373,32
3374,75
3375,11
3376,73
3377,84
3378,36
3379,68
3380,78
3381,93
3382,53
3383,53
3384,69
3385,1
3386,2
3387,70
3388,94
3389,88
3390,89
3391,55
3392,34
3393,53
3394,71
3395,80
3396,22
3397,2
3398,82
3399,3
3400,82
3401,1
3402,7
3403,9
3404,71
3405,24
3406,55
3407,94
3408,69
3409,82
3410,7
3411,1
3412,42
3413,24
3414,35
3415,78
3416,83
3417,2
3418,25
3419,41
3420,5
3421,43
3422,54
3423,53
3424,70
3425,93
3426,91
3427,18
3428,35
3429,43
3430,8
3431,35
3432,73
3433,25
3434,38
3435,59
3436,23
3437,7
3438,9
3439,78
3440,54
3441,2
3442,29
3443,89
3444,32
3445,23
3446,48
3447,8
3448,22
3449,58
3450,91
3451,18
3452,25
3453,88
3454,22
3455,57
3456,93
3457,1
3458,88
3459,57
3460,91
3461,41
3462,35
3463,60
3464,34
3465,79
3466,35
3467,43
3468,80
3469,70
3470,80
3471,29
3472,9
3473,82
3474,56
3475,22
3476,70
3477,91
3478,3
3479,5
3480,7
3481,54
3482,18
3483,70
3484,69
3485,68
3486,71
3487,7
3488,25
3489,69
3490,53
3491,24
3492,25
3493,8
3494,84
3495,5
3496,59
3497,38
3498,43
3499,43
3500,28
3501,2
3502,78
3503,59
3504,9
3505,94
3506,41
3507,33
3508,18
3509,73
3510,23
3511,18
3512,71
3513,33
3514,38
3515,7
3516,23
3517,34
3518,71
3519,18
3520,61
3521,68
3522,94
3523,22
3524,34
3525,57
3526,75
3527,8
3528,23
3529,16
3530,94
3531,22
3532,34
3533,84
3534,9
3535,7
3536,23
3537,69
3538,29
3539,35
3540,28
3541,41
3542,56
3543,69
3544,24
3545,23
3546,25
3547,94
3548,58
3549,43
3550,1
3551,82
3552,35
3553,32
3554,70
3555,28
3556,48
3557,23
3558,55
3559,23
3560,71
3561,88
3562,8
3563,70
3564,1
3565,33
3566,33
3567,34
3568,69
3569,82
3570,22
3571,24
3572,1
3573,11
3574,69
3575,59
3576,9
3577,75
3578,18
3579,35
3580,91
3581,55
3582,2
3583,91
3584,43
3585,94
3586,33
3587,41
3588,60
3589,23
3590,59
3591,79
3592,18
3593,89
3594,94
3595,53
3596,29
3597,91
3598,82
3599,80
3600,11
3601,43
3602,73
3603,68
3604,53
3605,82
3606,48
3607,2
3608,61
3609,79
3610,68
3611,23
3612,7
3613,38
3614,70
3615,79
3616,18
3617,1
3618,60
3619,54
3620,94
3621,38
3622,61
3623,32
3624,43
3625,25
3626,1
3627,58
3628,59
3629,78
3630,88
3631,16
3632,71
3633,53
3634,70
3635,69
3636,48
3637,71
3638,34
3639,24
3640,58
3641,56
3642,91
3643,1
3644,33
3645,53
3646,70
3647,55
3648,18
3649,68
3650,11
3651,73
3652,8
3653,24
3654,79
3655,43
3656,24
3657,25
3658,25
3659,7
3660,73
3661,36
3662,94
3663,59
3664,69
3665,11
3666,61
3667,34
3668,38
3669,35
3670,36
3671,84
3672,18
3673,1
3674,43
3675,56
3676,35
3677,7
3678,29
3679,43
3680,78
3681,16
3682,70
3683,1
3684,11
3685,38
3686,55
3687,1
3688,8
3689,32
3690,43
3691,16
3692,16
3693,9
3694,75
3695,58
3696,88
3697,43
3698,69
3699,9
3700,48
3701,41
3702,25
3703,3
3704,1
3705,71
3706,94
3707,88
3708,1
3709,70
3710,88
3711,69
3712,69
3713,11
3714,34
3715,54
3716,61
3717,36
3718,80
3719,69
3720,1
3721,61
3722,55
3723,9
3724,78
3725,37
3726,91
3727,24
3728,18
3729,69
3730,23
3731,25
3732,33
3733,41
3734,3
3735,38
3736,34
3737,55
3738,3
3739,35
3740,88
3741,82
3742,41
3743,68
3744,78
3745,78
3746,70
3747,82
3748,23
3749,82
3750,33
3751,32
3752,2
3753,11
3754,69
3755,59
3756,25
3757,78
3758,35
3759,55
3760,94
3761,91
3762,79
3763,23
3764,41
3765,29
3766,54
3767,61
3768,38
3769,91
3770,55
3771,35
3772,3
3773,11
3774,8
3775,78
3776,73
3777,58
3778,32
3779,32
3780,1
3781,8
3782,18
3783,80
3784,94
3785,16
3786,82
3787,11
3788,58
3789,91
3790,3
3791,7
3792,53
3793,94
3794,41
3795,33
3796,43
3797,24
3798,35
3799,71
3800,79
3801,84
3802,84
3803,79
3804,75
3805,7
3806,38
3807,16
3808,73
3809,35
3810,70
3811,23
3812,94
3813,38
3814,61
3815,2
3816,25
3817,8
3818,60
3819,60
3820,43
3821,3
3822,70
3823,82
3824,70
3825,32
3826,7
3827,70
3828,25
3829,91
3830,88
3831,75
3832,80
3833,73
3834,16
3835,9
3836,91
3837,38
3838,91
3839,70
3840,35
3841,1
3842,32
3843,18
3844,34
3845,32
3846,25
3847,9
3848,41
3849,59
3850,25
3851,32
3852,58
3853,9
3854,11
3855,32
3856,58
3857,33
3858,11
3859,43
3860,25
3861,18
3862,18
3863,8
3864,1
3865,91
3866,80
3867,68
3868,43
3869,8
3870,32
3871,25
3872,70
3873,41
3874,3
3875,43
3876,70
3877,60
3878,84
3879,1
3880,38
3881,70
3882,82
3883,91
3884,24
3885,69
3886,3
3887,38
3888,25
3889,18
3890,69
3891,70
3892,11
3893,9
3894,41
3895,18
3896,75
3897,38
3898,94
3899,60
3900,43
3901,1
3902,18
3903,1
3904,7
3905,71
3906,41
3907,84
3908,23
3909,3
3910,80
3911,24
3912,38
3913,32
3914,68
3915,38
3916,94
3917,34
3918,25
3919,1
3920,11
3921,43
3922,43
3923,78
3924,25
3925,34
3926,3
3927,8
3928,33
3929,24
3930,91
3931,60
3932,82
3933,7
3934,34
3935,32
3936,84
3937,58
3938,78
3939,24
3940,71
3941,33
3942,18
3943,58
3944,60
3945,7
3946,78
3947,18
3948,82
3949,34
3950,8
3951,7
3952,33
3953,70
3954,88
3955,59
3956,41
3957,68
3958,94
3959,71
3960,68
3961,25
3962,38
3963,25
3964,68
3965,68
3966,70
3967,7
3968,70
3969,71
3970,23
3971,88
3972,73
3973,91
3974,82
3975,58
3976,73
3977,60
3978,88
3979,91
3980,73
3981,8
3982,78
3983,59
3984,9
3985,23
3986,9
3987,9
3988,1
3989,80
3990,23
3991,68
3992,38
3993,7
3994,9
3995,41
3996,73
3997,9
3998,24
3999,24
4000,71
