1,77
2,94
3,6
4,75
5,19
6,15
7,59
8,79
9,24
10,98
11,25
12,79
13,74
14,41
15,1
16,46
17,63
18,23
19,59
20,88
21,96
22,72
23,44
24,60
25,81
26,101
27,76
28,49
29,27
30,15
31,104
32,29
33,58
34,79
35,81
36,59
37,7
38,31
39,102
40,51
41,36
42,49
43,51
44,15
45,18
46,87
47,88
48,76
49,74
50,21
51,37
52,2
53,57
54,7
55,1
56,87
57,7
58,21
59,44
60,103
61,103
62,40
63,6
64,66
65,2
66,18
67,73
68,24
69,46
70,88
71,94
72,55
73,46
74,78
75,41
76,60
77,50
78,99
79,105
80,16
81,16
82,9
83,65
84,54
85,105
86,16
87,72
88,90
89,68
90,81
91,12
92,81
93,91
94,29
95,104
96,37
97,90
98,63
99,29
100,99
101,98
102,92
103,12
104,34
105,43
106,99
107,77
108,15
109,73
110,63
111,38
112,14
113,64
114,80
115,21
116,77
117,86
118,19
119,14
120,40
121,60
122,87
123,75
124,105
125,43
126,15
127,89
128,27
129,12
130,36
131,104
132,28
133,92
134,104
135,24
136,21
137,89
138,52
139,96
140,2
141,46
142,82
143,105
144,79
145,86
146,27
147,80
148,24
149,63
150,49
151,27
152,73
153,7
154,98
155,58
156,10
157,103
158,99
159,84
160,49
161,71
162,31
163,94
164,51
165,51
166,21
167,90
168,97
169,66
170,78
171,78
172,83
173,31
174,62
175,37
176,32
177,49
178,9
179,60
180,54
181,30
182,38
183,21
184,30
185,14
186,12
187,50
188,18
189,63
190,26
191,79
192,59
193,14
194,70
195,10
196,65
197,55
198,80
199,91
200,79
201,100
202,38
203,105
204,2
205,6
206,105
207,95
208,88
209,68
210,88
211,15
212,25
213,8
214,102
215,27
216,50
217,26
218,9
219,76
220,97
221,82
222,103
223,88
224,105
225,21
226,33
227,52
228,15
229,44
230,50
231,79
232,106
233,4
234,94
235,34
236,70
237,38
238,3
239,43
240,18
241,17
242,36
243,42
244,3
245,79
246,67
247,18
248,82
249,101
250,2
251,75
252,55
253,104
254,51
255,34
256,11
257,54
258,15
259,58
260,31
261,42
262,33
263,81
264,103
265,98
266,53
267,106
268,63
269,56
270,34
271,63
272,54
273,54
274,58
275,22
276,57
277,95
278,95
279,106
280,8
281,27
282,104
283,1
284,34
285,68
286,43
287,63
288,51
289,59
290,64
291,77
292,67
293,50
294,53
295,41
296,104
297,50
298,45
299,100
300,32
301,65
302,77
303,27
304,31
305,32
306,5
307,77
308,10
309,1
310,80
311,33
312,58
313,100
314,90
315,65
316,59
317,36
318,100
319,37
320,101
321,12
322,82
323,79
324,58
325,59
326,24
327,51
328,12
329,85
330,30
331,29
332,14
333,81
334,104
335,63
336,90
337,34
338,27
339,95
340,97
341,15
342,104
343,2
344,29
345,82
346,72
347,90
348,3
349,18
350,39
351,17
352,59
353,90
354,59
355,27
356,45
357,63
358,12
359,1
360,81
361,41
362,78
363,27
364,64
365,1
366,79
367,3
368,67
369,52
370,74
371,71
372,38
373,99
374,17
375,21
376,34
377,77
378,83
379,73
380,13
381,38
382,58
383,105
384,1
385,24
386,22
387,64
388,54
389,81
390,104
391,51
392,20
393,46
394,49
395,89
396,101
397,51
398,27
399,100
400,47
401,12
402,52
403,100
404,56
405,41
406,68
407,80
408,15
409,68
410,100
411,68
412,34
413,63
414,59
415,58
416,46
417,6
418,65
419,2
420,20
421,14
422,31
423,68
424,103
425,90
426,50
427,45
428,84
429,98
430,18
431,90
432,12
433,58
434,106
435,105
436,98
437,100
438,64
439,2
440,27
441,44
442,24
443,21
444,33
445,105
446,30
447,12
448,93
449,34
450,17
451,17
452,28
453,71
454,50
455,2
456,8
457,95
458,48
459,3
460,87
461,22
462,84
463,15
464,105
465,76
466,19
467,94
468,21
469,13
470,18
471,33
472,91
473,5
474,7
475,85
476,20
477,83
478,68
479,90
480,19
481,14
482,59
483,79
484,20
485,44
486,2
487,6
488,72
489,44
490,41
491,13
492,27
493,103
494,41
495,32
496,17
497,51
498,34
499,44
500,88
501,8
502,78
503,64
504,1
505,88
506,9
507,52
508,68
509,36
510,82
511,18
512,4
513,35
514,84
515,94
516,31
517,25
518,76
519,8
520,52
521,47
522,67
523,18
524,23
525,18
526,104
527,40
528,98
529,70
530,100
531,19
532,31
533,1
534,81
535,92
536,2
537,106
538,31
539,27
540,98
541,34
542,1
543,52
544,101
545,80
546,34
547,35
548,36
549,8
550,38
551,96
552,82
553,63
554,25
555,49
556,9
557,95
558,48
559,27
560,77
561,82
562,68
563,1
564,13
565,39
566,58
567,17
568,34
569,27
570,95
571,101
572,3
573,30
574,2
575,16
576,35
577,64
578,45
579,36
580,84
581,50
582,30
583,44
584,81
585,88
586,64
587,45
588,100
589,31
590,28
591,4
592,83
593,25
594,46
595,14
596,30
597,40
598,6
599,42
600,100
601,87
602,62
603,17
604,19
605,57
606,11
607,11
608,104
609,3
610,56
611,88
612,3
613,87
614,53
615,99
616,2
617,3
618,2
619,79
620,106
621,74
622,81
623,1
624,50
625,3
626,89
627,17
628,91
629,40
630,5
631,81
632,42
633,62
634,1
635,81
636,80
637,2
638,1
639,26
640,94
641,7
642,88
643,17
644,79
645,70
646,89
647,34
648,77
649,9
650,23
651,44
652,18
653,7
654,103
655,54
656,49
657,58
658,81
659,5
660,52
661,35
662,23
663,36
664,28
665,9
666,1
667,98
668,53
669,101
670,44
671,1
672,34
673,28
674,8
675,60
676,106
677,36
678,11
679,37
680,104
681,104
682,11
683,31
684,55
685,35
686,89
687,20
688,27
689,11
690,26
691,16
692,33
693,36
694,66
695,32
696,88
697,74
698,40
699,34
700,64
701,64
702,51
703,26
704,54
705,73
706,54
707,16
708,63
709,1
710,72
711,77
712,37
713,47
714,49
715,82
716,65
717,74
718,85
719,27
720,63
721,9
722,47
723,74
724,6
725,50
726,58
727,25
728,100
729,1
730,17
731,13
732,63
733,104
734,3
735,56
736,43
737,67
738,45
739,101
740,7
741,67
742,64
743,71
744,101
745,76
746,29
747,65
748,80
749,9
750,2
751,89
752,106
753,35
754,5
755,103
756,9
757,37
758,87
759,28
760,44
761,55
762,62
763,104
764,74
765,68
766,60
767,25
768,24
769,84
770,28
771,26
772,47
773,50
774,35
775,28
776,24
777,8
778,65
779,3
780,43
781,14
782,34
783,88
784,32
785,85
786,28
787,91
788,10
789,47
790,68
791,96
792,41
793,71
794,87
795,62
796,10
797,99
798,91
799,5
800,56
801,53
802,60
803,40
804,73
805,50
806,88
807,58
808,2
809,14
810,60
811,74
812,87
813,103
814,87
815,34
816,35
817,31
818,49
819,58
820,31
821,93
822,32
823,36
824,31
825,14
826,19
827,97
828,63
829,69
830,25
831,89
832,73
833,100
834,70
835,16
836,74
837,97
838,89
839,76
840,102
841,74
842,91
843,93
844,102
845,82
846,82
847,93
848,75
849,22
850,70
851,77
852,3
853,75
854,79
855,14
856,48
857,83
858,24
859,8
860,6
861,74
862,4
863,40
864,41
865,11
866,69
867,82
868,17
869,65
870,106
871,80
872,9
873,58
874,76
875,73
876,99
877,106
878,2
879,79
880,72
881,32
882,60
883,87
884,37
885,102
886,40
887,27
888,31
889,16
890,77
891,22
892,27
893,4
894,78
895,49
896,20
897,3
898,4
899,48
900,64
901,88
902,103
903,78
904,98
905,1
906,22
907,72
908,35
909,50
910,52
911,97
912,91
913,5
914,81
915,16
916,19
917,43
918,97
919,38
920,50
921,81
922,33
923,43
924,16
925,88
926,99
927,78
928,1
929,61
930,81
931,3
932,6
933,2
934,66
935,98
936,69
937,46
938,53
939,100
940,5
941,106
942,72
943,64
944,85
945,34
946,87
947,38
948,23
949,7
950,75
951,106
952,16
953,41
954,88
955,83
956,84
957,68
958,47
959,89
960,9
961,91
962,106
963,81
964,2
965,54
966,5
967,16
968,53
969,98
970,57
971,104
972,41
973,101
974,8
975,23
976,5
977,58
978,79
979,72
980,4
981,55
982,48
983,17
984,54
985,81
986,91
987,66
988,63
989,1
990,76
991,68
992,69
993,41
994,102
995,76
996,60
997,92
998,50
999,61
1000,31
1001,95
1002,71
1003,88
1004,40
1005,95
1006,3
1007,43
1008,13
1009,97
1010,66
1011,62
1012,58
1013,41
1014,42
1015,25
1016,64
1017,7
1018,11
1019,45
1020,50
1021,48
1022,3
1023,17
1024,35
1025,26
1026,11
1027,104
1028,56
1029,10
1030,63
1031,95
1032,25
1033,97
1034,41
1035,9
1036,98
1037,89
1038,28
1039,71
1040,2
1041,71
1042,63
1043,103
1044,65
1045,88
1046,5
1047,22
1048,33
1049,2
1050,7
1051,23
1052,60
1053,97
1054,69
1055,100
1056,10
1057,27
1058,38
1059,8
1060,16
1061,63
1062,68
1063,11
1064,83
1065,81
1066,42
1067,3
1068,94
1069,3
1070,66
1071,69
1072,48
1073,53
1074,106
1075,52
1076,65
1077,39
1078,10
1079,57
1080,92
1081,100
1082,6
1083,40
1084,36
1085,26
1086,2
1087,68
1088,45
1089,23
1090,70
1091,106
1092,79
1093,61
1094,4
1095,2
1096,81
1097,65
1098,81
1099,56
1100,92
1101,22
1102,7
1103,60
1104,80
1105,48
1106,41
1107,72
1108,27
1109,17
1110,31
1111,47
1112,1
1113,66
1114,84
1115,49
1116,86
1117,83
1118,2
1119,39
1120,70
1121,76
1122,10
1123,58
1124,41
1125,6
1126,91
1127,97
1128,58
1129,63
1130,8
1131,5
1132,65
1133,64
1134,87
1135,56
1136,79
1137,69
1138,53
1139,33
1140,26
1141,99
1142,100
1143,49
1144,25
1145,48
1146,1
1147,41
1148,100
1149,86
1150,44
1151,60
1152,45
1153,34
1154,102
1155,106
1156,3
1157,34
1158,58
1159,57
1160,48
1161,58
1162,20
1163,106
1164,63
1165,68
1166,11
1167,100
1168,98
1169,2
1170,97
1171,92
1172,17
1173,76
1174,85
1175,70
1176,41
1177,69
1178,64
1179,58
1180,104
1181,1
1182,1
1183,64
1184,87
1185,22
1186,85
1187,16
1188,77
1189,28
1190,80
1191,33
1192,103
1193,43
1194,69
1195,40
1196,13
1197,39
1198,81
1199,65
1200,87
1201,100
1202,104
1203,60
1204,102
1205,24
1206,100
1207,41
1208,65
1209,96
1210,7
1211,16
1212,33
1213,4
1214,89
1215,16
1216,92
1217,40
1218,104
1219,104
1220,32
1221,86
1222,64
1223,42
1224,65
1225,94
1226,57
1227,84
1228,88
1229,46
1230,75
1231,104
1232,100
1233,104
1234,94
1235,41
1236,39
1237,73
1238,62
1239,68
1240,45
1241,100
1242,106
1243,67
1244,11
1245,8
1246,99
1247,52
1248,96
1249,102
1250,40
1251,104
1252,84
1253,32
1254,28
1255,75
1256,69
1257,33
1258,29
1259,39
1260,17
1261,60
1262,17
1263,56
1264,33
1265,63
1266,50
1267,56
1268,91
1269,27
1270,22
1271,58
1272,60
1273,3
1274,98
1275,6
1276,31
1277,100
1278,4
1279,81
1280,53
1281,61
1282,5
1283,38
1284,35
1285,20
1286,61
1287,31
1288,79
1289,20
1290,25
1291,81
1292,48
1293,67
1294,100
1295,3
1296,58
1297,101
1298,3
1299,58
1300,104
1301,102
1302,85
1303,76
1304,106
1305,1
1306,41
1307,53
1308,88
1309,73
1310,31
1311,64
1312,60
1313,54
1314,16
1315,1
1316,50
1317,8
1318,58
1319,94
1320,25
1321,77
1322,42
1323,17
1324,102
1325,58
1326,27
1327,22
1328,28
1329,47
1330,45
1331,58
1332,2
1333,81
1334,98
1335,43
1336,71
1337,3
1338,29
1339,3
1340,34
1341,69
1342,47
1343,65
1344,45
1345,60
1346,19
1347,47
1348,16
1349,22
1350,60
1351,71
1352,22
1353,88
1354,40
1355,24
1356,32
1357,55
1358,6
1359,45
1360,62
1361,10
1362,31
1363,58
1364,94
1365,79
1366,81
1367,6
1368,80
1369,22
1370,58
1371,28
1372,100
1373,13
1374,69
1375,50
1376,88
1377,40
1378,46
1379,19
1380,4
1381,65
1382,67
1383,1
1384,58
1385,104
1386,70
1387,55
1388,88
1389,76
1390,95
1391,32
1392,100
1393,84
1394,56
1395,1
1396,86
1397,16
1398,72
1399,61
1400,35
1401,2
1402,63
1403,77
1404,47
1405,62
1406,102
1407,13
1408,3
1409,63
1410,25
1411,16
1412,48
1413,80
1414,88
1415,88
1416,36
1417,25
1418,50
1419,34
1420,56
1421,104
1422,65
1423,106
1424,5
1425,34
1426,88
1427,3
1428,69
1429,81
1430,17
1431,96
1432,88
1433,76
1434,89
1435,27
1436,64
1437,19
1438,55
1439,89
1440,68
1441,50
1442,58
1443,8
1444,97
1445,32
1446,42
1447,77
1448,41
1449,94
1450,26
1451,67
1452,46
1453,50
1454,86
1455,65
1456,37
1457,46
1458,6
1459,71
1460,53
1461,96
1462,65
1463,81
1464,102
1465,58
1466,65
1467,13
1468,55
1469,10
1470,86
1471,71
1472,99
1473,64
1474,23
1475,71
1476,101
1477,23
1478,94
1479,11
1480,24
1481,72
1482,32
1483,79
1484,1
1485,81
1486,83
1487,52
1488,9
1489,17
1490,27
1491,106
1492,19
1493,4
1494,28
1495,65
1496,45
1497,83
1498,95
1499,92
1500,31
1501,83
1502,95
1503,106
1504,27
1505,2
1506,50
1507,96
1508,63
1509,8
1510,64
1511,56
1512,66
1513,41
1514,79
1515,16
1516,100
1517,80
1518,69
1519,65
1520,4
1521,102
1522,78
1523,41
1524,17
1525,43
1526,13
1527,106
1528,34
1529,24
1530,88
1531,43
1532,77
1533,100
1534,88
1535,84
1536,93
1537,1
1538,88
1539,30
1540,104
1541,98
1542,27
1543,43
1544,65
1545,67
1546,64
1547,4
1548,57
1549,85
1550,67
1551,2
1552,62
1553,30
1554,98
1555,13
1556,54
1557,77
1558,57
1559,92
1560,41
1561,16
1562,26
1563,87
1564,67
1565,2
1566,10
1567,64
1568,42
1569,53
1570,50
1571,55
1572,1
1573,66
1574,83
1575,22
1576,17
1577,60
1578,38
1579,22
1580,29
1581,46
1582,32
1583,79
1584,63
1585,64
1586,88
1587,60
1588,5
1589,2
1590,28
1591,100
1592,88
1593,22
1594,11
1595,34
1596,33
1597,104
1598,30
1599,46
1600,78
1601,88
1602,42
1603,101
1604,55
1605,34
1606,66
1607,45
1608,58
1609,57
1610,60
1611,2
1612,30
1613,55
1614,41
1615,31
1616,67
1617,76
1618,9
1619,1
1620,64
1621,68
1622,41
1623,75
1624,93
1625,32
1626,72
1627,28
1628,102
1629,48
1630,2
1631,63
1632,58
1633,79
1634,62
1635,16
1636,38
1637,27
1638,6
1639,13
1640,3
1641,79
1642,36
1643,63
1644,4
1645,58
1646,87
1647,106
1648,37
1649,28
1650,77
1651,20
1652,5
1653,6
1654,95
1655,8
1656,89
1657,47
1658,27
1659,8
1660,2
1661,19
1662,9
1663,69
1664,92
1665,89
1666,10
1667,54
1668,3
1669,64
1670,63
1671,36
1672,32
1673,93
1674,83
1675,55
1676,38
1677,58
1678,99
1679,39
1680,42
1681,73
1682,8
1683,1
1684,95
1685,98
1686,98
1687,73
1688,9
1689,30
1690,88
1691,3
1692,98
1693,96
1694,31
1695,72
1696,29
1697,6
1698,41
1699,99
1700,25
1701,81
1702,1
1703,72
1704,65
1705,104
1706,46
1707,63
1708,61
1709,62
1710,38
1711,39
1712,87
1713,50
1714,37
1715,25
1716,11
1717,28
1718,75
1719,66
1720,27
1721,65
1722,71
1723,2
1724,5
1725,47
1726,60
1727,36
1728,75
1729,6
1730,4
1731,100
1732,66
1733,8
1734,16
1735,40
1736,31
1737,60
1738,60
1739,52
1740,53
1741,104
1742,31
1743,27
1744,9
1745,16
1746,50
1747,104
1748,101
1749,53
1750,17
1751,96
1752,80
1753,63
1754,79
1755,80
1756,81
1757,42
1758,61
1759,43
1760,104
1761,43
1762,42
1763,1
1764,6
1765,5
1766,81
1767,17
1768,80
1769,9
1770,25
1771,3
1772,46
1773,25
1774,50
1775,80
1776,58
1777,3
1778,32
1779,25
1780,67
1781,22
1782,47
1783,89
1784,81
1785,41
1786,92
1787,84
1788,86
1789,69
1790,73
1791,101
1792,32
1793,97
1794,63
1795,81
1796,29
1797,50
1798,84
1799,69
1800,31
1801,26
1802,79
1803,100
1804,35
1805,17
1806,56
1807,16
1808,27
1809,41
1810,56
1811,78
1812,27
1813,88
1814,81
1815,70
1816,58
1817,50
1818,64
1819,85
1820,88
1821,16
1822,83
1823,84
1824,30
1825,55
1826,106
1827,86
1828,13
1829,79
1830,2
1831,60
1832,17
1833,27
1834,61
1835,3
1836,41
1837,47
1838,29
1839,41
1840,79
1841,22
1842,23
1843,85
1844,106
1845,34
1846,60
1847,88
1848,40
1849,26
1850,102
1851,1
1852,88
1853,79
1854,87
1855,84
1856,47
1857,92
1858,106
1859,55
1860,35
1861,60
1862,93
1863,46
1864,26
1865,88
1866,52
1867,20
1868,48
1869,46
1870,10
1871,19
1872,100
1873,99
1874,29
1875,83
1876,43
1877,10
1878,52
1879,34
1880,71
1881,96
1882,50
1883,64
1884,77
1885,9
1886,79
1887,67
1888,88
1889,54
1890,99
1891,2
1892,56
1893,25
1894,1
1895,31
1896,91
1897,13
1898,101
1899,73
1900,48
1901,73
1902,58
1903,104
1904,3
1905,27
1906,36
1907,100
1908,25
1909,10
1910,2
1911,28
1912,93
1913,78
1914,20
1915,36
1916,89
1917,75
1918,20
1919,22
1920,20
1921,95
1922,76
1923,47
1924,81
1925,88
1926,4
1927,5
1928,81
1929,2
1930,26
1931,100
1932,70
1933,88
1934,60
1935,37
1936,97
1937,32
1938,34
1939,23
1940,1
1941,63
1942,75
1943,63
1944,93
1945,37
1946,69
1947,98
1948,63
1949,52
1950,34
1951,60
1952,106
1953,66
1954,100
1955,96
1956,62
1957,5
1958,5
1959,64
1960,79
1961,39
1962,17
1963,88
1964,104
1965,48
1966,31
1967,3
1968,98
1969,104
1970,43
1971,45
1972,104
1973,87
1974,60
1975,32
1976,106
1977,86
1978,28
1979,81
1980,84
1981,19
1982,79
1983,52
1984,27
1985,76
1986,19
1987,37
1988,25
1989,65
1990,89
1991,68
1992,31
1993,62
1994,58
1995,98
1996,67
1997,1
1998,100
1999,86
2000,54
2001,66
2002,16
2003,83
2004,60
2005,88
2006,55
2007,80
2008,102
2009,34
2010,43
2011,35
2012,87
2013,84
2014,66
2015,39
2016,89
2017,88
2018,91
2019,39
2020,83
2021,97
2022,13
2023,81
2024,60
2025,92
2026,41
2027,16
2028,78
2029,97
2030,37
2031,87
2032,34
2033,106
2034,4
2035,16
2036,85
2037,57
2038,88
2039,34
2040,66
2041,55
2042,29
2043,102
2044,80
2045,30
2046,25
2047,42
2048,57
2049,29
2050,70
2051,8
2052,6
2053,31
2054,31
2055,79
2056,65
2057,70
2058,60
2059,32
2060,61
2061,38
2062,37
2063,48
2064,6
2065,91
2066,34
2067,27
2068,104
2069,53
2070,27
2071,2
2072,41
2073,41
2074,23
2075,71
2076,34
2077,100
2078,73
2079,106
2080,86
2081,6
2082,34
2083,23
2084,54
2085,9
2086,104
2087,22
2088,10
2089,83
2090,25
2091,76
2092,27
2093,2
2094,88
2095,41
2096,63
2097,43
2098,55
2099,97
2100,68
2101,27
2102,104
2103,77
2104,6
2105,17
2106,3
2107,96
2108,80
2109,71
2110,34
2111,1
2112,93
2113,39
2114,20
2115,23
2116,92
2117,54
2118,52
2119,92
2120,27
2121,93
2122,63
2123,78
2124,41
2125,22
2126,98
2127,88
2128,27
2129,57
2130,36
2131,2
2132,31
2133,88
2134,84
2135,16
2136,3
2137,69
2138,17
2139,2
2140,106
2141,43
2142,104
2143,65
2144,106
2145,63
2146,92
2147,34
2148,52
2149,79
2150,53
2151,3
2152,106
2153,35
2154,16
2155,94
2156,46
2157,10
2158,60
2159,75
2160,81
2161,94
2162,34
2163,8
2164,52
2165,46
2166,30
2167,81
2168,69
2169,86
2170,62
2171,23
2172,62
2173,34
2174,16
2175,17
2176,3
2177,6
2178,83
2179,31
2180,93
2181,10
2182,6
2183,100
2184,94
2185,85
2186,2
2187,53
2188,1
2189,28
2190,65
2191,32
2192,36
2193,80
2194,55
2195,47
2196,10
2197,50
2198,99
2199,97
2200,27
2201,64
2202,8
2203,104
2204,57
2205,52
2206,61
2207,67
2208,70
2209,60
2210,43
2211,30
2212,100
2213,68
2214,28
2215,3
2216,87
2217,22
2218,22
2219,96
2220,29
2221,54
2222,65
2223,60
2224,34
2225,77
2226,46
2227,23
2228,64
2229,3
2230,87
2231,2
2232,80
2233,89
2234,106
2235,50
2236,46
2237,88
2238,16
2239,13
2240,17
2241,22
2242,34
2243,60
2244,93
2245,45
2246,54
2247,2
2248,91
2249,5
2250,70
2251,77
2252,5
2253,16
2254,32
2255,50
2256,57
2257,60
2258,32
2259,8
2260,96
2261,67
2262,27
2263,84
2264,5
2265,3
2266,100
2267,70
2268,3
2269,62
2270,93
2271,86
2272,29
2273,86
2274,25
2275,9
2276,96
2277,6
2278,6
2279,68
2280,99
2281,77
2282,1
2283,78
2284,89
2285,54
2286,37
2287,67
2288,61
2289,85
2290,81
2291,35
2292,41
2293,61
2294,50
2295,79
2296,3
2297,88
2298,27
2299,30
2300,80
2301,61
2302,28
2303,20
2304,58
2305,50
2306,50
2307,91
2308,52
2309,22
2310,1
2311,86
2312,2
2313,76
2314,100
2315,28
2316,94
2317,30
2318,91
2319,81
2320,50
2321,63
2322,2
2323,100
2324,100
2325,89
2326,57
2327,6
2328,69
2329,75
2330,79
2331,3
2332,54
2333,91
2334,2
2335,79
2336,41
2337,104
2338,78
2339,83
2340,98
2341,100
2342,88
2343,100
2344,34
2345,50
2346,81
2347,28
2348,104
2349,43
2350,16
2351,106
2352,39
2353,27
2354,42
2355,43
2356,61
2357,38
2358,104
2359,76
2360,100
2361,61
2362,78
2363,99
2364,100
2365,77
2366,43
2367,2
2368,25
2369,8
2370,1
2371,97
2372,97
2373,84
2374,22
2375,65
2376,2
2377,20
2378,31
2379,28
2380,61
2381,36
2382,67
2383,43
2384,91
2385,76
2386,102
2387,79
2388,97
2389,34
2390,76
2391,26
2392,79
2393,28
2394,85
2395,25
2396,69
2397,54
2398,27
2399,10
2400,65
2401,9
2402,6
2403,87
2404,79
2405,88
2406,104
2407,89
2408,71
2409,31
2410,28
2411,1
2412,94
2413,39
2414,88
2415,41
2416,22
2417,1
2418,5
2419,20
2420,25
2421,62
2422,80
2423,88
2424,26
2425,28
2426,99
2427,60
2428,81
2429,6
2430,62
2431,31
2432,34
2433,32
2434,32
2435,34
2436,4
2437,10
2438,93
2439,9
2440,55
2441,16
2442,99
2443,3
2444,32
2445,42
2446,46
2447,106
2448,88
2449,41
2450,64
2451,99
2452,98
2453,9
2454,75
2455,46
2456,64
2457,4
2458,31
2459,100
2460,1
2461,88
2462,65
2463,77
2464,91
2465,85
2466,39
2467,81
2468,100
2469,81
2470,93
2471,39
2472,25
2473,37
2474,60
2475,28
2476,3
2477,80
2478,98
2479,28
2480,6
2481,42
2482,8
2483,89
2484,85
2485,3
2486,28
2487,16
2488,52
2489,63
2490,34
2491,39
2492,46
2493,89
2494,80
2495,16
2496,64
2497,57
2498,27
2499,17
2500,27
2501,31
2502,79
2503,30
2504,34
2505,78
2506,96
2507,6
2508,40
2509,28
2510,34
2511,26
2512,43
2513,28
2514,98
2515,79
2516,80
2517,3
2518,32
2519,52
2520,31
2521,77
2522,53
2523,6
2524,26
2525,58
2526,1
2527,68
2528,16
2529,83
2530,60
2531,67
2532,104
2533,76
2534,28
2535,2
2536,57
2537,17
2538,42
2539,77
2540,2
2541,45
2542,43
2543,97
2544,80
2545,45
2546,50
2547,100
2548,57
2549,22
2550,89
2551,27
2552,85
2553,16
2554,94
2555,75
2556,25
2557,81
2558,80
2559,63
2560,75
2561,68
2562,16
2563,81
2564,81
2565,1
2566,88
2567,1
2568,63
2569,98
2570,37
2571,1
2572,1
2573,85
2574,84
2575,17
2576,41
2577,98
2578,39
2579,96
2580,65
2581,89
2582,47
2583,55
2584,1
2585,47
2586,27
2587,27
2588,63
2589,96
2590,28
2591,84
2592,32
2593,104
2594,13
2595,63
2596,63
2597,8
2598,99
2599,27
2600,50
2601,27
2602,104
2603,63
2604,25
2605,83
2606,78
2607,58
2608,64
2609,17
2610,88
2611,57
2612,27
2613,75
2614,58
2615,6
2616,64
2617,16
2618,53
2619,93
2620,61
2621,45
2622,26
2623,31
2624,10
2625,75
2626,37
2627,36
2628,63
2629,34
2630,86
2631,75
2632,27
2633,77
2634,65
2635,25
2636,17
2637,8
2638,42
2639,64
2640,65
2641,43
2642,104
2643,61
2644,76
2645,80
2646,10
2647,38
2648,85
2649,53
2650,97
2651,22
2652,64
2653,78
2654,10
2655,50
2656,16
2657,27
2658,16
2659,1
2660,31
2661,63
2662,17
2663,68
2664,89
2665,88
2666,65
2667,63
2668,32
2669,16
2670,22
2671,64
2672,50
2673,88
2674,81
2675,79
2676,28
2677,94
2678,16
2679,71
2680,81
2681,31
2682,63
2683,17
2684,3
2685,62
2686,52
2687,77
2688,2
2689,94
2690,64
2691,104
2692,71
2693,83
2694,5
2695,71
2696,64
2697,100
2698,2
2699,1
2700,68
2701,50
2702,81
2703,93
2704,34
2705,98
2706,32
2707,43
2708,28
2709,97
2710,3
2711,106
2712,88
2713,17
2714,100
2715,42
2716,17
2717,69
2718,80
2719,54
2720,27
2721,22
2722,41
2723,38
2724,32
2725,86
2726,65
2727,37
2728,69
2729,102
2730,45
2731,39
2732,79
2733,104
2734,75
2735,45
2736,2
2737,88
2738,50
2739,9
2740,100
2741,98
2742,37
2743,8
2744,26
2745,28
2746,13
2747,78
2748,69
2749,6
2750,6
2751,93
2752,3
2753,34
2754,71
2755,65
2756,104
2757,5
2758,67
2759,10
2760,54
2761,65
2762,16
2763,47
2764,64
2765,42
2766,31
2767,50
2768,91
2769,63
2770,27
2771,88
2772,1
2773,58
2774,104
2775,16
2776,88
2777,93
2778,3
2779,104
2780,60
2781,8
2782,62
2783,106
2784,39
2785,17
2786,91
2787,98
2788,27
2789,78
2790,34
2791,75
2792,53
2793,100
2794,43
2795,43
2796,37
2797,22
2798,104
2799,62
2800,45
2801,81
2802,60
2803,1
2804,25
2805,88
2806,27
2807,54
2808,98
2809,2
2810,38
2811,45
2812,83
2813,99
2814,54
2815,34
2816,81
2817,63
2818,16
2819,88
2820,31
2821,77
2822,80
2823,89
2824,34
2825,26
2826,31
2827,34
2828,16
2829,78
2830,58
2831,41
2832,61
2833,88
2834,47
2835,98
2836,86
2837,53
2838,13
2839,47
2840,31
2841,98
2842,26
2843,106
2844,89
2845,50
2846,80
2847,31
2848,54
2849,99
2850,32
2851,87
2852,88
2853,6
2854,38
2855,106
2856,28
2857,13
2858,50
2859,63
2860,38
2861,65
2862,13
2863,63
2864,100
2865,63
2866,27
2867,50
2868,17
2869,83
2870,106
2871,58
2872,97
2873,79
2874,43
2875,8
2876,13
2877,88
2878,91
2879,63
2880,88
2881,50
2882,67
2883,43
2884,25
2885,8
2886,6
2887,98
2888,8
2889,104
2890,37
2891,75
2892,94
2893,104
2894,31
2895,87
2896,1
2897,3
2898,88
2899,86
2900,39
2901,5
2902,45
2903,88
2904,1
2905,16
2906,39
2907,79
2908,94
2909,27
2910,65
2911,1
2912,27
2913,86
2914,63
2915,13
2916,65
2917,17
2918,9
2919,53
2920,102
2921,58
2922,100
2923,55
2924,32
2925,38
2926,25
2927,37
2928,8
2929,16
2930,31
2931,61
2932,106
2933,98
2934,28
2935,102
2936,98
2937,64
2938,100
2939,26
2940,98
2941,69
2942,81
2943,99
2944,60
2945,1
2946,106
2947,58
2948,13
2949,63
2950,60
2951,91
2952,16
2953,68
2954,84
2955,99
2956,46
2957,61
2958,104
2959,41
2960,2
2961,60
2962,63
2963,94
2964,54
2965,32
2966,100
2967,88
2968,58
2969,62
2970,37
2971,10
2972,28
2973,26
2974,83
2975,37
2976,65
2977,43
2978,98
2979,22
2980,60
2981,41
2982,37
2983,98
2984,8
2985,1
2986,45
2987,3
2988,50
2989,86
2990,46
2991,65
2992,32
2993,60
2994,61
2995,106
2996,94
2997,80
2998,100
2999,38
3000,8
3001,6
3002,98
3003,37
3004,34
3005,68
3006,102
3007,38
3008,52
3009,5
3010,79
3011,9
3012,83
3013,2
3014,1
3015,62
3016,104
3017,60
3018,1
3019,60
3020,91
3021,75
3022,94
3023,2
3024,104
3025,91
3026,38
3027,43
3028,76
3029,16
3030,79
3031,3
3032,104
3033,98
3034,86
3035,34
3036,8
3037,100
3038,61
3039,75
3040,9
3041,104
3042,81
3043,75
3044,31
3045,25
3046,84
3047,60
3048,65
3049,102
3050,58
3051,6
3052,75
3053,6
3054,28
3055,58
3056,83
3057,81
3058,79
3059,26
3060,37
3061,50
3062,75
3063,22
3064,100
3065,64
3066,65
3067,41
3068,1
3069,63
3070,28
3071,77
3072,26
3073,81
3074,34
3075,89
3076,27
3077,102
3078,88
3079,100
3080,91
3081,28
3082,94
3083,86
3084,64
3085,50
3086,31
3087,13
3088,83
3089,87
3090,98
3091,52
3092,87
3093,17
3094,79
3095,53
3096,16
3097,77
3098,81
3099,28
3100,79
3101,102
3102,54
3103,88
3104,6
3105,86
3106,58
3107,27
3108,58
3109,64
3110,98
3111,37
3112,3
3113,106
3114,80
3115,46
3116,34
3117,8
3118,3
3119,16
3120,3
3121,63
3122,34
3123,77
3124,8
3125,26
3126,89
3127,81
3128,104
3129,16
3130,34
3131,1
3132,75
3133,16
3134,28
3135,98
3136,84
3137,81
3138,8
3139,45
3140,86
3141,28
3142,34
3143,41
3144,46
3145,50
3146,5
3147,83
3148,43
3149,65
3150,34
3151,3
3152,58
3153,5
3154,1
3155,43
3156,32
3157,13
3158,17
3159,27
3160,50
3161,6
3162,104
3163,81
3164,2
3165,17
3166,31
3167,61
3168,3
3169,89
3170,69
3171,3
3172,45
3173,81
3174,61
3175,13
3176,75
3177,83
3178,41
3179,50
3180,53
3181,2
3182,31
3183,6
3184,41
3185,88
3186,16
3187,34
3188,63
3189,17
3190,3
3191,77
3192,50
3193,27
3194,1
3195,84
3196,32
3197,37
3198,86
3199,58
3200,94
3201,27
3202,58
3203,100
3204,10
3205,26
3206,3
3207,75
3208,2
3209,60
3210,28
3211,43
3212,99
3213,81
3214,34
3215,3
3216,60
3217,63
3218,89
3219,13
3220,81
3221,31
3222,41
3223,3
3224,58
3225,26
3226,61
3227,104
3228,32
3229,34
3230,5
3231,10
3232,31
3233,45
3234,52
3235,88
3236,38
3237,46
3238,1
3239,22
3240,2
3241,5
3242,83
3243,27
3244,79
3245,54
3246,104
3247,28
3248,27
3249,97
3250,60
3251,27
3252,17
3253,77
3254,43
3255,6
3256,13
3257,37
3258,104
3259,100
3260,32
3261,104
3262,88
3263,17
3264,16
3265,26
3266,27
3267,38
3268,31
3269,10
3270,41
3271,88
3272,77
3273,3
3274,8
3275,37
3276,32
3277,17
3278,63
3279,9
3280,99
3281,34
3282,17
3283,88
3284,28
3285,64
3286,9
3287,37
3288,54
3289,81
3290,38
3291,41
3292,87
3293,104
3294,88
3295,31
3296,27
3297,91
3298,58
3299,54
3300,58
3301,100
3302,2
3303,60
3304,81
3305,100
3306,88
3307,27
3308,3
3309,54
3310,99
3311,1
3312,99
3313,25
3314,65
3315,89
3316,8
3317,31
3318,5
3319,46
3320,41
3321,99
3322,104
3323,80
3324,8
3325,16
3326,52
3327,46
3328,60
3329,91
3330,16
3331,3
3332,37
3333,17
3334,104
3335,27
3336,45
3337,2
3338,25
3339,22
3340,37
3341,58
3342,28
3343,50
3344,16
3345,83
3346,2
3347,104
3348,104
3349,68
3350,32
3351,9
3352,80
3353,94
3354,2
3355,38
3356,2
3357,58
3358,52
3359,8
3360,16
3361,104
3362,38
3363,3
3364,3
3365,10
3366,65
3367,3
3368,26
3369,10
3370,100
3371,2
3372,26
3373,50
3374,27
3375,54
3376,100
3377,32
3378,32
3379,17
3380,58
3381,34
3382,104
3383,2
3384,27
3385,88
3386,32
3387,58
3388,34
3389,77
3390,16
3391,91
3392,54
3393,38
3394,3
3395,41
3396,58
3397,45
3398,104
3399,80
3400,89
3401,26
3402,50
3403,65
3404,58
3405,100
3406,64
3407,58
3408,68
3409,99
3410,28
3411,17
3412,25
3413,22
3414,1
3415,31
3416,68
3417,17
3418,37
3419,63
3420,50
3421,50
3422,31
3423,3
3424,1
3425,38
3426,16
3427,41
3428,3
3429,22
3430,6
3431,9
3432,45
3433,63
3434,50
3435,100
3436,79
3437,79
3438,8
3439,87
3440,50
3441,64
3442,43
3443,16
3444,3
3445,98
3446,50
3447,52
3448,13
3449,17
3450,16
3451,104
3452,79
3453,80
3454,8
3455,100
3456,104
3457,88
3458,81
3459,54
3460,1
3461,13
3462,17
3463,80
3464,106
3465,106
3466,64
3467,16
3468,45
3469,81
3470,77
3471,31
3472,26
3473,2
3474,41
3475,2
3476,17
3477,2
3478,98
3479,54
3480,63
3481,79
3482,32
3483,45
3484,17
3485,45
3486,31
3487,2
3488,31
3489,81
3490,34
3491,79
3492,2
3493,34
3494,16
3495,27
3496,54
3497,88
3498,63
3499,46
3500,65
3501,3
3502,100
3503,89
3504,79
3505,87
3506,37
3507,63
3508,31
3509,88
3510,25
3511,100
3512,26
3513,63
3514,58
3515,16
3516,32
3517,79
3518,13
3519,83
3520,37
3521,106
3522,1
3523,100
3524,1
3525,17
3526,58
3527,1
3528,77
3529,27
3530,31
3531,3
3532,45
3533,31
3534,1
3535,3
3536,50
3537,5
3538,63
3539,16
3540,100
3541,2
3542,58
3543,32
3544,16
3545,32
3546,8
3547,58
3548,81
3549,106
3550,80
3551,64
3552,1
3553,32
3554,17
3555,3
3556,1
3557,34
3558,34
3559,8
3560,37
3561,16
3562,104
3563,89
3564,106
3565,41
3566,26
3567,32
3568,100
3569,27
3570,88
3571,98
3572,2
3573,81
3574,43
3575,37
3576,88
3577,34
3578,50
3579,60
3580,1
3581,100
3582,16
3583,43
3584,3
3585,31
3586,106
3587,34
3588,1
3589,83
3590,43
3591,2
3592,43
3593,104
3594,104
3595,89
3596,13
3597,25
3598,25
3599,43
3600,31
3601,2
3602,34
3603,43
3604,79
3605,13
3606,43
3607,81
3608,60
3609,6
3610,17
3611,34
3612,41
3613,34
3614,22
3615,100
3616,28
3617,32
3618,100
3619,2
3620,32
3621,63
3622,60
3623,2
3624,17
3625,8
3626,54
3627,31
3628,41
3629,34
3630,25
3631,13
3632,89
3633,1
3634,77
3635,34
3636,104
3637,63
3638,27
3639,88
3640,88
3641,104
3642,16
3643,8
3644,37
3645,5
3646,16
3647,58
3648,65
3649,37
3650,63
3651,80
3652,98
3653,2
3654,34
3655,77
3656,1
3657,8
3658,2
3659,22
3660,26
3661,5
3662,31
3663,58
3664,3
3665,17
3666,64
3667,79
3668,3
3669,16
3670,100
3671,58
3672,63
3673,50
3674,26
3675,34
3676,37
3677,6
3678,26
3679,32
3680,3
3681,28
3682,31
3683,98
3684,63
3685,80
3686,60
3687,3
3688,31
3689,8
3690,58
3691,81
3692,43
3693,28
3694,34
3695,89
3696,25
3697,27
3698,77
3699,77
3700,1
3701,16
3702,89
3703,98
3704,32
3705,6
3706,37
3707,104
3708,34
3709,63
3710,88
3711,81
3712,50
3713,63
3714,6
3715,17
3716,28
3717,34
3718,34
3719,43
3720,27
3721,26
3722,43
3723,89
3724,104
3725,41
3726,43
3727,98
3728,43
3729,1
3730,37
3731,58
3732,41
3733,41
3734,28
3735,64
3736,3
3737,80
3738,98
3739,1
3740,58
3741,1
3742,32
3743,54
3744,104
3745,58
3746,28
3747,6
3748,98
3749,1
3750,60
3751,64
3752,60
3753,32
3754,60
3755,79
3756,3
3757,31
3758,89
3759,54
3760,41
3761,32
3762,26
3763,17
3764,27
3765,79
3766,37
3767,3
3768,1
3769,41
3770,2
3771,26
3772,1
3773,25
3774,1
3775,16
3776,1
3777,50
3778,2
3779,34
3780,16
3781,60
3782,2
3783,2
3784,65
3785,81
3786,89
3787,77
3788,106
3789,27
3790,16
3791,50
3792,32
3793,88
3794,88
3795,43
3796,77
3797,81
3798,77
3799,43
3800,64
3801,43
3802,77
3803,1
3804,104
3805,104
3806,98
3807,63
3808,63
3809,31
3810,77
3811,63
3812,37
3813,3
3814,27
3815,26
3816,27
3817,104
3818,27
3819,2
3820,25
3821,63
3822,50
3823,16
3824,41
3825,65
3826,58
3827,77
3828,16
3829,60
3830,43
3831,28
3832,104
3833,26
3834,22
3835,77
3836,104
3837,17
3838,16
3839,65
3840,28
3841,89
3842,58
3843,2
3844,63
3845,65
3846,31
3847,100
3848,28
3849,58
3850,64
3851,2
3852,34
3853,26
3854,106
3855,8
3856,104
3857,50
3858,34
3859,104
3860,63
3861,2
3862,6
3863,63
3864,58
3865,8
3866,104
3867,106
3868,31
3869,3
3870,32
3871,2
3872,64
3873,27
3874,64
3875,58
3876,16
3877,77
3878,2
3879,58
3880,1
3881,63
3882,81
3883,63
3884,58
3885,25
3886,63
3887,60
3888,100
3889,63
3890,31
3891,88
3892,58
3893,16
3894,58
3895,63
3896,77
3897,98
3898,106
3899,43
3900,17
3901,43
3902,79
3903,63
3904,50
3905,43
3906,81
3907,6
3908,60
3909,27
3910,27
3911,64
3912,8
3913,81
3914,106
3915,27
3916,79
3917,104
3918,79
3919,104
3920,3
3921,2
3922,63
3923,31
3924,77
3925,34
3926,106
3927,8
3928,65
3929,3
3930,58
3931,8
3932,31
3933,6
3934,28
3935,41
3936,43
3937,106
3938,50
3939,43
3940,58
3941,41
3942,34
3943,63
3944,50
3945,98
3946,41
3947,25
3948,8
3949,32
3950,58
3951,1
3952,50
3953,63
3954,8
3955,104
3956,31
3957,58
3958,17
3959,37
3960,100
3961,64
3962,58
3963,31
3964,98
3965,79
3966,100
3967,63
3968,34
3969,63
3970,58
3971,27
3972,32
3973,79
3974,27
3975,8
3976,88
3977,81
3978,3
3979,16
3980,6
3981,28
3982,104
3983,79
3984,106
3985,58
3986,58
3987,58
3988,31
3989,3
3990,37
3991,60
3992,37
3993,34
3994,1
3995,81
3996,58
3997,2
3998,106
3999,63
4000,77
