1,44
2,60
3,77
4,20
5,37
6,65
7,37
8,76
9,50
10,84
11,10
12,12
13,17
14,43
15,49
16,2
17,36
18,69
19,64
20,4
21,81
22,15
23,65
24,54
25,32
26,52
27,88
28,59
29,16
30,27
31,67
32,64
33,24
34,86
35,39
36,90
37,53
38,13
39,75
40,89
41,79
42,48
43,71
44,84
45,60
46,84
47,35
48,40
49,37
50,40
51,13
52,40
53,43
54,46
55,78
56,57
57,87
58,40
59,31
60,37
61,51
62,61
63,15
64,11
65,14
66,2
67,61
68,71
69,61
70,38
71,63
72,5
73,59
74,75
75,63
76,59
77,49
78,7
79,27
80,14
81,6
82,37
83,75
84,20
85,71
86,38
87,68
88,82
89,89
90,25
91,22
92,2
93,28
94,61
95,25
96,46
97,2
98,61
99,2
100,54
101,27
102,45
103,82
104,27
105,74
106,42
107,39
108,63
109,22
110,23
111,6
112,12
113,36
114,4
115,27
116,61
117,4
118,31
119,52
120,49
121,40
122,48
123,8
124,6
125,39
126,23
127,81
128,32
129,18
130,49
131,17
132,37
133,37
134,49
135,55
136,7
137,23
138,65
139,84
140,81
141,51
142,72
143,46
144,35
145,58
146,59
147,45
148,42
149,3
150,9
151,45
152,83
153,25
154,56
155,14
156,82
157,70
158,24
159,54
160,12
161,18
162,9
163,60
164,37
165,40
166,23
167,61
168,60
169,45
170,41
171,39
172,30
173,74
174,14
175,45
176,71
177,87
178,44
179,25
180,25
181,64
182,87
183,55
184,83
185,24
186,88
187,71
188,44
189,62
190,64
191,51
192,29
193,7
194,86
195,33
196,83
197,39
198,40
199,17
200,42
201,67
202,37
203,69
204,48
205,88
206,64
207,32
208,65
209,41
210,73
211,59
212,4
213,62
214,45
215,49
216,72
217,32
218,82
219,21
220,41
221,86
222,78
223,49
224,77
225,59
226,53
227,31
228,37
229,65
230,49
231,54
232,63
233,35
234,39
235,8
236,84
237,17
238,29
239,4
240,30
241,2
242,65
243,68
244,12
245,43
246,61
247,30
248,33
249,31
250,43
251,43
252,56
253,36
254,59
255,60
256,39
257,58
258,87
259,40
260,70
261,18
262,19
263,69
264,78
265,74
266,25
267,67
268,50
269,71
270,48
271,47
272,59
273,65
274,90
275,32
276,61
277,79
278,45
279,24
280,32
281,53
282,14
283,18
284,34
285,67
286,24
287,64
288,53
289,4
290,70
291,49
292,69
293,48
294,5
295,50
296,16
297,21
298,70
299,2
300,51
301,59
302,8
303,49
304,64
305,76
306,67
307,62
308,49
309,86
310,84
311,37
312,23
313,47
314,28
315,81
316,45
317,17
318,4
319,2
320,62
321,66
322,25
323,46
324,59
325,27
326,25
327,84
328,74
329,22
330,42
331,25
332,60
333,44
334,37
335,86
336,45
337,47
338,43
339,43
340,43
341,71
342,54
343,13
344,17
345,57
346,68
347,33
348,15
349,89
350,41
351,88
352,63
353,42
354,72
355,65
356,89
357,65
358,30
359,79
360,66
361,2
362,40
363,64
364,2
365,21
366,27
367,13
368,67
369,53
370,22
371,46
372,85
373,72
374,49
375,30
376,22
377,48
378,34
379,69
380,2
381,52
382,38
383,4
384,55
385,38
386,67
387,43
388,45
389,34
390,18
391,75
392,43
393,23
394,57
395,89
396,31
397,22
398,21
399,26
400,67
401,19
402,60
403,41
404,39
405,60
406,37
407,44
408,72
409,57
410,33
411,58
412,82
413,4
414,18
415,63
416,71
417,67
418,37
419,84
420,9
421,17
422,24
423,67
424,2
425,37
426,8
427,76
428,24
429,8
430,37
431,37
432,82
433,74
434,7
435,80
436,23
437,47
438,70
439,50
440,88
441,59
442,13
443,43
444,2
445,36
446,55
447,36
448,86
449,86
450,40
451,7
452,76
453,21
454,26
455,71
456,46
457,44
458,40
459,65
460,81
461,40
462,65
463,32
464,49
465,77
466,18
467,69
468,5
469,3
470,25
471,28
472,44
473,61
474,31
475,76
476,83
477,16
478,47
479,26
480,39
481,36
482,18
483,49
484,8
485,57
486,73
487,52
488,11
489,13
490,65
491,46
492,16
493,32
494,1
495,47
496,53
497,18
498,22
499,69
500,39
501,16
502,44
503,31
504,4
505,78
506,56
507,55
508,77
509,40
510,30
511,40
512,71
513,3
514,41
515,76
516,29
517,49
518,18
519,78
520,4
521,30
522,56
523,2
524,30
525,74
526,69
527,72
528,74
529,32
530,41
531,30
532,46
533,39
534,73
535,2
536,60
537,40
538,40
539,4
540,85
541,9
542,46
543,14
544,63
545,65
546,86
547,13
548,15
549,87
550,33
551,69
552,79
553,11
554,40
555,13
556,6
557,76
558,65
559,76
560,80
561,14
562,18
563,4
564,72
565,80
566,27
567,62
568,39
569,70
570,73
571,86
572,20
573,65
574,73
575,27
576,30
577,36
578,77
579,81
580,69
581,72
582,57
583,62
584,14
585,2
586,57
587,6
588,12
589,80
590,53
591,19
592,24
593,40
594,43
595,69
596,19
597,21
598,75
599,38
600,58
601,40
602,82
603,41
604,76
605,76
606,69
607,8
608,65
609,50
610,90
611,44
612,20
613,37
614,54
615,76
616,13
617,71
618,2
619,41
620,37
621,40
622,26
623,69
624,48
625,65
626,28
627,71
628,17
629,78
630,8
631,30
632,75
633,16
634,73
635,63
636,75
637,84
638,18
639,4
640,39
641,17
642,5
643,55
644,33
645,68
646,4
647,49
648,3
649,38
650,64
651,83
652,16
653,44
654,18
655,32
656,57
657,39
658,36
659,81
660,12
661,11
662,40
663,46
664,82
665,39
666,23
667,27
668,26
669,44
670,40
671,38
672,79
673,71
674,2
675,19
676,39
677,4
678,16
679,17
680,38
681,82
682,75
683,90
684,89
685,85
686,52
687,48
688,51
689,57
690,41
691,69
692,30
693,46
694,21
695,38
696,8
697,63
698,47
699,18
700,65
701,71
702,21
703,36
704,19
705,28
706,34
707,34
708,89
709,84
710,49
711,2
712,11
713,78
714,8
715,87
716,43
717,8
718,35
719,73
720,53
721,34
722,46
723,43
724,62
725,48
726,73
727,36
728,78
729,2
730,52
731,73
732,46
733,64
734,15
735,22
736,90
737,20
738,9
739,5
740,73
741,58
742,44
743,64
744,23
745,31
746,89
747,23
748,36
749,77
750,35
751,80
752,89
753,60
754,57
755,20
756,49
757,37
758,37
759,37
760,89
761,64
762,81
763,86
764,13
765,3
766,43
767,21
768,20
769,51
770,64
771,48
772,39
773,65
774,43
775,25
776,69
777,89
778,12
779,34
780,16
781,37
782,41
783,56
784,27
785,64
786,51
787,46
788,77
789,58
790,13
791,30
792,32
793,71
794,44
795,36
796,78
797,33
798,22
799,37
800,49
801,80
802,41
803,41
804,71
805,38
806,4
807,39
808,57
809,41
810,83
811,13
812,54
813,3
814,35
815,85
816,70
817,41
818,43
819,85
820,90
821,12
822,58
823,88
824,54
825,43
826,38
827,18
828,20
829,4
830,7
831,14
832,2
833,72
834,70
835,37
836,39
837,48
838,15
839,7
840,11
841,41
842,55
843,9
844,69
845,34
846,22
847,75
848,18
849,76
850,76
851,78
852,65
853,88
854,36
855,69
856,84
857,87
858,84
859,1
860,83
861,84
862,71
863,56
864,32
865,42
866,34
867,2
868,55
869,90
870,64
871,65
872,4
873,30
874,23
875,19
876,1
877,10
878,36
879,83
880,5
881,6
882,29
883,56
884,86
885,64
886,76
887,90
888,54
889,20
890,32
891,58
892,38
893,36
894,65
895,84
896,15
897,85
898,15
899,69
900,53
901,13
902,31
903,36
904,12
905,8
906,4
907,27
908,43
909,41
910,8
911,39
912,50
913,9
914,36
915,26
916,9
917,76
918,2
919,69
920,70
921,30
922,74
923,35
924,33
925,31
926,15
927,63
928,75
929,64
930,85
931,8
932,63
933,44
934,75
935,6
936,90
937,51
938,10
939,13
940,26
941,44
942,79
943,52
944,90
945,36
946,8
947,24
948,49
949,86
950,86
951,8
952,81
953,41
954,18
955,26
956,76
957,77
958,40
959,83
960,58
961,26
962,62
963,38
964,69
965,30
966,15
967,65
968,71
969,68
970,73
971,47
972,64
973,69
974,65
975,65
976,18
977,51
978,63
979,81
980,64
981,9
982,89
983,50
984,49
985,76
986,79
987,40
988,56
989,54
990,11
991,84
992,52
993,43
994,63
995,39
996,68
997,72
998,43
999,40
1000,65
1001,15
1002,34
1003,71
1004,69
1005,38
1006,32
1007,66
1008,46
1009,64
1010,39
1011,11
1012,7
1013,7
1014,88
1015,17
1016,80
1017,1
1018,6
1019,56
1020,70
1021,17
1022,28
1023,55
1024,38
1025,53
1026,20
1027,32
1028,28
1029,56
1030,89
1031,18
1032,46
1033,28
1034,83
1035,64
1036,38
1037,4
1038,44
1039,15
1040,4
1041,90
1042,32
1043,8
1044,85
1045,49
1046,31
1047,18
1048,5
1049,33
1050,76
1051,22
1052,13
1053,46
1054,68
1055,2
1056,88
1057,72
1058,8
1059,14
1060,48
1061,74
1062,4
1063,19
1064,43
1065,11
1066,27
1067,8
1068,28
1069,4
1070,46
1071,49
1072,88
1073,57
1074,7
1075,37
1076,82
1077,58
1078,65
1079,51
1080,70
1081,20
1082,18
1083,39
1084,41
1085,46
1086,83
1087,38
1088,30
1089,18
1090,34
1091,48
1092,75
1093,8
1094,60
1095,82
1096,60
1097,33
1098,46
1099,32
1100,35
1101,65
1102,90
1103,42
1104,9
1105,85
1106,56
1107,32
1108,71
1109,65
1110,39
1111,49
1112,34
1113,13
1114,39
1115,50
1116,18
1117,75
1118,32
1119,33
1120,35
1121,38
1122,66
1123,73
1124,10
1125,16
1126,49
1127,38
1128,39
1129,53
1130,56
1131,75
1132,53
1133,50
1134,7
1135,5
1136,55
1137,47
1138,65
1139,84
1140,65
1141,11
1142,22
1143,2
1144,21
1145,38
1146,4
1147,13
1148,63
1149,83
1150,5
1151,9
1152,35
1153,66
1154,69
1155,88
1156,84
1157,40
1158,43
1159,35
1160,39
1161,22
1162,71
1163,13
1164,83
1165,11
1166,85
1167,4
1168,31
1169,90
1170,82
1171,4
1172,14
1173,38
1174,14
1175,35
1176,68
1177,35
1178,74
1179,4
1180,4
1181,34
1182,53
1183,13
1184,40
1185,20
1186,83
1187,50
1188,76
1189,89
1190,28
1191,70
1192,47
1193,4
1194,13
1195,76
1196,30
1197,32
1198,81
1199,34
1200,83
1201,4
1202,40
1203,72
1204,74
1205,22
1206,38
1207,41
1208,29
1209,1
1210,41
1211,57
1212,12
1213,9
1214,23
1215,90
1216,16
1217,2
1218,75
1219,56
1220,71
1221,57
1222,86
1223,89
1224,39
1225,78
1226,50
1227,80
1228,34
1229,39
1230,9
1231,74
1232,54
1233,46
1234,85
1235,20
1236,84
1237,39
1238,44
1239,28
1240,50
1241,39
1242,36
1243,83
1244,9
1245,18
1246,4
1247,81
1248,76
1249,57
1250,69
1251,14
1252,84
1253,46
1254,78
1255,84
1256,9
1257,21
1258,10
1259,29
1260,29
1261,47
1262,49
1263,26
1264,30
1265,23
1266,57
1267,10
1268,31
1269,65
1270,49
1271,31
1272,62
1273,72
1274,50
1275,30
1276,73
1277,57
1278,38
1279,71
1280,20
1281,75
1282,62
1283,62
1284,64
1285,35
1286,44
1287,41
1288,33
1289,18
1290,13
1291,50
1292,44
1293,3
1294,6
1295,86
1296,38
1297,81
1298,40
1299,6
1300,66
1301,28
1302,49
1303,54
1304,8
1305,30
1306,89
1307,19
1308,64
1309,71
1310,39
1311,55
1312,64
1313,15
1314,49
1315,1
1316,37
1317,40
1318,75
1319,84
1320,20
1321,28
1322,13
1323,50
1324,41
1325,31
1326,32
1327,66
1328,43
1329,82
1330,74
1331,44
1332,18
1333,83
1334,71
1335,38
1336,40
1337,39
1338,13
1339,70
1340,51
1341,75
1342,49
1343,51
1344,37
1345,64
1346,44
1347,31
1348,33
1349,31
1350,88
1351,27
1352,78
1353,63
1354,47
1355,21
1356,43
1357,41
1358,65
1359,62
1360,57
1361,24
1362,81
1363,53
1364,28
1365,48
1366,29
1367,2
1368,34
1369,50
1370,41
1371,72
1372,69
1373,51
1374,48
1375,13
1376,50
1377,70
1378,86
1379,71
1380,4
1381,10
1382,5
1383,73
1384,18
1385,88
1386,46
1387,5
1388,43
1389,21
1390,84
1391,82
1392,87
1393,64
1394,30
1395,41
1396,22
1397,34
1398,43
1399,36
1400,65
1401,36
1402,84
1403,58
1404,65
1405,41
1406,69
1407,19
1408,10
1409,20
1410,12
1411,30
1412,49
1413,54
1414,39
1415,8
1416,7
1417,46
1418,53
1419,11
1420,18
1421,40
1422,30
1423,15
1424,32
1425,20
1426,56
1427,63
1428,27
1429,13
1430,37
1431,66
1432,83
1433,47
1434,4
1435,49
1436,62
1437,28
1438,64
1439,80
1440,32
1441,84
1442,71
1443,20
1444,10
1445,5
1446,7
1447,15
1448,20
1449,11
1450,48
1451,43
1452,12
1453,83
1454,71
1455,55
1456,69
1457,31
1458,39
1459,40
1460,49
1461,68
1462,73
1463,20
1464,13
1465,32
1466,88
1467,11
1468,38
1469,43
1470,5
1471,31
1472,31
1473,4
1474,27
1475,36
1476,8
1477,4
1478,55
1479,1
1480,32
1481,49
1482,1
1483,42
1484,84
1485,65
1486,21
1487,28
1488,43
1489,18
1490,36
1491,38
1492,80
1493,76
1494,65
1495,79
1496,8
1497,29
1498,20
1499,64
1500,71
1501,12
1502,80
1503,42
1504,76
1505,81
1506,4
1507,69
1508,65
1509,20
1510,13
1511,69
1512,65
1513,40
1514,23
1515,19
1516,41
1517,32
1518,66
1519,14
1520,2
1521,44
1522,26
1523,24
1524,77
1525,42
1526,87
1527,58
1528,35
1529,37
1530,3
1531,48
1532,81
1533,32
1534,44
1535,20
1536,46
1537,38
1538,35
1539,69
1540,15
1541,28
1542,85
1543,39
1544,88
1545,75
1546,71
1547,8
1548,83
1549,12
1550,24
1551,28
1552,38
1553,4
1554,46
1555,41
1556,48
1557,46
1558,86
1559,66
1560,30
1561,87
1562,2
1563,2
1564,72
1565,57
1566,43
1567,8
1568,5
1569,4
1570,83
1571,41
1572,41
1573,49
1574,37
1575,46
1576,16
1577,80
1578,44
1579,28
1580,74
1581,68
1582,37
1583,28
1584,32
1585,37
1586,74
1587,41
1588,28
1589,75
1590,65
1591,32
1592,63
1593,20
1594,6
1595,86
1596,89
1597,66
1598,10
1599,36
1600,57
1601,35
1602,46
1603,37
1604,17
1605,86
1606,23
1607,65
1608,37
1609,18
1610,62
1611,74
1612,19
1613,84
1614,52
1615,4
1616,89
1617,9
1618,9
1619,18
1620,42
1621,72
1622,77
1623,48
1624,31
1625,49
1626,39
1627,73
1628,4
1629,86
1630,43
1631,44
1632,74
1633,69
1634,24
1635,46
1636,63
1637,65
1638,26
1639,14
1640,64
1641,18
1642,2
1643,4
1644,19
1645,37
1646,30
1647,18
1648,18
1649,16
1650,49
1651,44
1652,53
1653,37
1654,81
1655,51
1656,83
1657,69
1658,43
1659,78
1660,48
1661,54
1662,43
1663,73
1664,9
1665,41
1666,54
1667,84
1668,17
1669,84
1670,74
1671,10
1672,88
1673,46
1674,2
1675,44
1676,43
1677,78
1678,75
1679,76
1680,40
1681,64
1682,53
1683,85
1684,77
1685,35
1686,64
1687,48
1688,72
1689,46
1690,2
1691,46
1692,49
1693,52
1694,47
1695,35
1696,65
1697,10
1698,40
1699,20
1700,31
1701,76
1702,71
1703,15
1704,86
1705,32
1706,43
1707,31
1708,37
1709,84
1710,14
1711,71
1712,9
1713,52
1714,22
1715,75
1716,5
1717,30
1718,4
1719,74
1720,65
1721,63
1722,19
1723,65
1724,83
1725,71
1726,43
1727,28
1728,23
1729,36
1730,43
1731,17
1732,71
1733,3
1734,39
1735,28
1736,20
1737,13
1738,83
1739,21
1740,4
1741,62
1742,84
1743,78
1744,44
1745,47
1746,79
1747,69
1748,31
1749,57
1750,64
1751,32
1752,41
1753,4
1754,35
1755,57
1756,77
1757,4
1758,42
1759,58
1760,47
1761,83
1762,36
1763,3
1764,75
1765,16
1766,10
1767,2
1768,83
1769,14
1770,11
1771,32
1772,34
1773,36
1774,62
1775,5
1776,89
1777,9
1778,40
1779,37
1780,35
1781,53
1782,78
1783,37
1784,71
1785,2
1786,37
1787,77
1788,39
1789,35
1790,88
1791,37
1792,69
1793,43
1794,49
1795,49
1796,47
1797,41
1798,38
1799,17
1800,57
1801,78
1802,86
1803,21
1804,13
1805,1
1806,13
1807,89
1808,10
1809,28
1810,9
1811,74
1812,83
1813,71
1814,2
1815,41
1816,24
1817,83
1818,4
1819,48
1820,1
1821,47
1822,43
1823,32
1824,37
1825,2
1826,15
1827,40
1828,16
1829,36
1830,85
1831,11
1832,75
1833,63
1834,36
1835,6
1836,16
1837,76
1838,89
1839,26
1840,35
1841,73
1842,75
1843,3
1844,64
1845,42
1846,73
1847,43
1848,42
1849,86
1850,53
1851,23
1852,12
1853,46
1854,40
1855,57
1856,71
1857,52
1858,36
1859,13
1860,5
1861,49
1862,52
1863,84
1864,36
1865,84
1866,89
1867,48
1868,87
1869,38
1870,37
1871,47
1872,13
1873,41
1874,2
1875,68
1876,9
1877,76
1878,32
1879,36
1880,35
1881,4
1882,20
1883,23
1884,64
1885,21
1886,29
1887,84
1888,9
1889,71
1890,86
1891,46
1892,55
1893,52
1894,6
1895,40
1896,86
1897,1
1898,50
1899,13
1900,13
1901,24
1902,65
1903,12
1904,80
1905,2
1906,3
1907,66
1908,28
1909,48
1910,81
1911,78
1912,37
1913,40
1914,46
1915,89
1916,89
1917,13
1918,8
1919,15
1920,1
1921,28
1922,43
1923,20
1924,53
1925,84
1926,39
1927,8
1928,65
1929,86
1930,32
1931,41
1932,77
1933,74
1934,50
1935,5
1936,75
1937,47
1938,85
1939,48
1940,64
1941,32
1942,85
1943,31
1944,43
1945,42
1946,69
1947,16
1948,88
1949,31
1950,44
1951,9
1952,37
1953,73
1954,41
1955,8
1956,49
1957,49
1958,39
1959,2
1960,46
1961,39
1962,11
1963,66
1964,30
1965,62
1966,44
1967,83
1968,30
1969,76
1970,39
1971,28
1972,75
1973,15
1974,83
1975,88
1976,43
1977,64
1978,39
1979,4
1980,47
1981,35
1982,22
1983,43
1984,18
1985,35
1986,4
1987,73
1988,18
1989,83
1990,31
1991,76
1992,46
1993,30
1994,32
1995,41
1996,42
1997,36
1998,48
1999,89
2000,20
2001,87
2002,80
2003,52
2004,55
2005,89
2006,8
2007,2
2008,20
2009,64
2010,81
2011,19
2012,40
2013,78
2014,43
2015,65
2016,86
2017,86
2018,65
2019,77
2020,88
2021,64
2022,84
2023,10
2024,34
2025,68
2026,73
2027,46
2028,38
2029,65
2030,35
2031,49
2032,69
2033,78
2034,69
2035,86
2036,75
2037,79
2038,48
2039,48
2040,29
2041,85
2042,65
2043,62
2044,9
2045,14
2046,6
2047,64
2048,40
2049,62
2050,15
2051,68
2052,35
2053,48
2054,64
2055,20
2056,64
2057,86
2058,72
2059,26
2060,41
2061,23
2062,43
2063,35
2064,75
2065,81
2066,84
2067,75
2068,6
2069,68
2070,29
2071,88
2072,9
2073,73
2074,15
2075,38
2076,32
2077,42
2078,50
2079,18
2080,75
2081,1
2082,74
2083,9
2084,44
2085,5
2086,62
2087,19
2088,42
2089,13
2090,32
2091,21
2092,43
2093,46
2094,57
2095,43
2096,35
2097,32
2098,43
2099,35
2100,31
2101,8
2102,39
2103,41
2104,29
2105,48
2106,1
2107,48
2108,40
2109,55
2110,14
2111,64
2112,69
2113,29
2114,42
2115,48
2116,36
2117,32
2118,12
2119,1
2120,76
2121,53
2122,22
2123,43
2124,41
2125,13
2126,66
2127,89
2128,12
2129,69
2130,1
2131,57
2132,30
2133,18
2134,36
2135,69
2136,2
2137,3
2138,12
2139,10
2140,88
2141,2
2142,29
2143,41
2144,37
2145,8
2146,48
2147,19
2148,52
2149,8
2150,40
2151,79
2152,43
2153,58
2154,2
2155,34
2156,37
2157,32
2158,43
2159,3
2160,62
2161,48
2162,2
2163,81
2164,65
2165,68
2166,21
2167,89
2168,38
2169,85
2170,15
2171,41
2172,4
2173,75
2174,52
2175,28
2176,46
2177,77
2178,20
2179,18
2180,63
2181,86
2182,47
2183,68
2184,87
2185,4
2186,50
2187,50
2188,3
2189,85
2190,37
2191,76
2192,74
2193,20
2194,83
2195,75
2196,53
2197,65
2198,66
2199,32
2200,65
2201,49
2202,12
2203,71
2204,57
2205,15
2206,9
2207,28
2208,35
2209,3
2210,48
2211,28
2212,65
2213,83
2214,1
2215,88
2216,39
2217,48
2218,2
2219,5
2220,2
2221,26
2222,23
2223,53
2224,66
2225,21
2226,74
2227,41
2228,8
2229,35
2230,64
2231,75
2232,80
2233,13
2234,78
2235,46
2236,58
2237,41
2238,46
2239,69
2240,50
2241,58
2242,87
2243,49
2244,65
2245,48
2246,41
2247,65
2248,48
2249,85
2250,13
2251,23
2252,18
2253,32
2254,80
2255,35
2256,18
2257,46
2258,89
2259,13
2260,40
2261,84
2262,79
2263,71
2264,12
2265,1
2266,11
2267,17
2268,40
2269,83
2270,79
2271,77
2272,6
2273,41
2274,18
2275,5
2276,21
2277,86
2278,37
2279,9
2280,13
2281,69
2282,81
2283,13
2284,18
2285,10
2286,34
2287,28
2288,42
2289,50
2290,46
2291,22
2292,74
2293,50
2294,43
2295,37
2296,46
2297,50
2298,2
2299,34
2300,30
2301,15
2302,21
2303,4
2304,43
2305,8
2306,36
2307,74
2308,37
2309,18
2310,68
2311,2
2312,18
2313,10
2314,81
2315,22
2316,58
2317,37
2318,46
2319,32
2320,8
2321,49
2322,50
2323,28
2324,11
2325,48
2326,74
2327,16
2328,69
2329,36
2330,10
2331,27
2332,66
2333,65
2334,12
2335,39
2336,4
2337,73
2338,4
2339,69
2340,85
2341,75
2342,36
2343,72
2344,76
2345,28
2346,78
2347,64
2348,79
2349,69
2350,37
2351,49
2352,2
2353,3
2354,35
2355,28
2356,87
2357,3
2358,31
2359,84
2360,85
2361,19
2362,74
2363,15
2364,11
2365,35
2366,42
2367,46
2368,72
2369,38
2370,65
2371,58
2372,15
2373,28
2374,68
2375,89
2376,21
2377,87
2378,62
2379,71
2380,28
2381,65
2382,4
2383,3
2384,71
2385,79
2386,2
2387,30
2388,49
2389,57
2390,84
2391,5
2392,38
2393,18
2394,66
2395,18
2396,74
2397,58
2398,49
2399,69
2400,64
2401,11
2402,49
2403,10
2404,72
2405,4
2406,38
2407,36
2408,39
2409,36
2410,4
2411,37
2412,76
2413,6
2414,32
2415,11
2416,4
2417,26
2418,11
2419,8
2420,47
2421,46
2422,13
2423,79
2424,31
2425,64
2426,8
2427,6
2428,35
2429,69
2430,46
2431,39
2432,8
2433,20
2434,17
2435,2
2436,37
2437,64
2438,2
2439,64
2440,4
2441,64
2442,65
2443,71
2444,85
2445,53
2446,2
2447,17
2448,15
2449,30
2450,39
2451,57
2452,79
2453,79
2454,38
2455,64
2456,41
2457,29
2458,72
2459,18
2460,30
2461,3
2462,29
2463,31
2464,36
2465,41
2466,16
2467,3
2468,46
2469,27
2470,15
2471,15
2472,85
2473,39
2474,15
2475,21
2476,68
2477,34
2478,78
2479,18
2480,81
2481,46
2482,15
2483,40
2484,13
2485,27
2486,31
2487,15
2488,17
2489,84
2490,16
2491,39
2492,9
2493,5
2494,41
2495,26
2496,73
2497,69
2498,44
2499,84
2500,84
2501,64
2502,35
2503,64
2504,2
2505,65
2506,18
2507,47
2508,71
2509,87
2510,73
2511,64
2512,52
2513,13
2514,64
2515,2
2516,48
2517,30
2518,84
2519,39
2520,46
2521,49
2522,36
2523,48
2524,2
2525,71
2526,69
2527,64
2528,39
2529,65
2530,49
2531,87
2532,13
2533,18
2534,85
2535,63
2536,13
2537,26
2538,62
2539,5
2540,85
2541,5
2542,31
2543,81
2544,16
2545,81
2546,41
2547,36
2548,5
2549,62
2550,30
2551,18
2552,13
2553,75
2554,28
2555,48
2556,31
2557,35
2558,49
2559,69
2560,41
2561,40
2562,52
2563,35
2564,11
2565,23
2566,80
2567,48
2568,84
2569,28
2570,75
2571,10
2572,47
2573,48
2574,32
2575,43
2576,64
2577,74
2578,14
2579,8
2580,21
2581,78
2582,64
2583,35
2584,84
2585,6
2586,29
2587,87
2588,32
2589,8
2590,49
2591,36
2592,39
2593,83
2594,86
2595,15
2596,36
2597,41
2598,89
2599,26
2600,39
2601,10
2602,80
2603,47
2604,35
2605,41
2606,35
2607,30
2608,50
2609,5
2610,31
2611,3
2612,47
2613,2
2614,80
2615,4
2616,48
2617,64
2618,64
2619,20
2620,46
2621,36
2622,43
2623,8
2624,38
2625,26
2626,4
2627,42
2628,39
2629,63
2630,38
2631,40
2632,37
2633,46
2634,32
2635,28
2636,75
2637,65
2638,29
2639,13
2640,84
2641,47
2642,37
2643,43
2644,39
2645,53
2646,30
2647,69
2648,41
2649,81
2650,2
2651,13
2652,37
2653,18
2654,40
2655,41
2656,80
2657,80
2658,6
2659,30
2660,36
2661,20
2662,43
2663,13
2664,84
2665,37
2666,75
2667,87
2668,40
2669,36
2670,48
2671,79
2672,23
2673,8
2674,40
2675,29
2676,43
2677,30
2678,41
2679,75
2680,79
2681,53
2682,9
2683,28
2684,89
2685,64
2686,15
2687,38
2688,2
2689,57
2690,4
2691,20
2692,41
2693,62
2694,11
2695,2
2696,69
2697,49
2698,23
2699,58
2700,52
2701,88
2702,44
2703,44
2704,39
2705,46
2706,75
2707,64
2708,9
2709,30
2710,16
2711,3
2712,22
2713,69
2714,27
2715,52
2716,27
2717,41
2718,32
2719,43
2720,87
2721,75
2722,89
2723,34
2724,74
2725,30
2726,76
2727,4
2728,3
2729,86
2730,30
2731,86
2732,37
2733,35
2734,29
2735,53
2736,38
2737,31
2738,53
2739,9
2740,73
2741,31
2742,2
2743,89
2744,79
2745,48
2746,64
2747,32
2748,21
2749,31
2750,15
2751,89
2752,10
2753,73
2754,37
2755,64
2756,65
2757,32
2758,75
2759,35
2760,35
2761,40
2762,78
2763,79
2764,37
2765,74
2766,71
2767,13
2768,83
2769,28
2770,6
2771,4
2772,62
2773,41
2774,50
2775,75
2776,30
2777,81
2778,11
2779,48
2780,4
2781,8
2782,6
2783,10
2784,57
2785,41
2786,6
2787,4
2788,65
2789,6
2790,81
2791,84
2792,84
2793,89
2794,74
2795,43
2796,49
2797,28
2798,41
2799,41
2800,30
2801,18
2802,49
2803,52
2804,13
2805,49
2806,15
2807,16
2808,86
2809,4
2810,83
2811,13
2812,41
2813,5
2814,48
2815,31
2816,89
2817,2
2818,20
2819,28
2820,80
2821,83
2822,36
2823,43
2824,74
2825,4
2826,22
2827,27
2828,32
2829,38
2830,8
2831,39
2832,52
2833,30
2834,64
2835,31
2836,27
2837,31
2838,16
2839,36
2840,65
2841,2
2842,36
2843,39
2844,22
2845,80
2846,78
2847,31
2848,47
2849,35
2850,40
2851,40
2852,69
2853,64
2854,84
2855,71
2856,85
2857,23
2858,47
2859,69
2860,12
2861,76
2862,32
2863,36
2864,35
2865,9
2866,89
2867,37
2868,2
2869,35
2870,44
2871,41
2872,50
2873,27
2874,6
2875,64
2876,28
2877,12
2878,69
2879,34
2880,44
2881,43
2882,16
2883,76
2884,63
2885,76
2886,11
2887,40
2888,81
2889,38
2890,76
2891,85
2892,62
2893,43
2894,13
2895,49
2896,44
2897,39
2898,88
2899,29
2900,75
2901,32
2902,81
2903,10
2904,84
2905,2
2906,23
2907,4
2908,16
2909,39
2910,49
2911,38
2912,2
2913,18
2914,57
2915,5
2916,43
2917,4
2918,30
2919,21
2920,84
2921,9
2922,13
2923,80
2924,13
2925,20
2926,76
2927,37
2928,4
2929,18
2930,36
2931,43
2932,88
2933,28
2934,48
2935,48
2936,72
2937,89
2938,71
2939,57
2940,65
2941,47
2942,22
2943,47
2944,20
2945,69
2946,28
2947,18
2948,80
2949,75
2950,9
2951,39
2952,29
2953,62
2954,43
2955,5
2956,28
2957,36
2958,65
2959,30
2960,79
2961,30
2962,5
2963,49
2964,76
2965,20
2966,80
2967,41
2968,79
2969,69
2970,65
2971,49
2972,73
2973,57
2974,34
2975,22
2976,83
2977,28
2978,65
2979,27
2980,84
2981,36
2982,43
2983,84
2984,37
2985,57
2986,49
2987,13
2988,49
2989,80
2990,73
2991,28
2992,21
2993,83
2994,76
2995,71
2996,84
2997,40
2998,22
2999,43
3000,81
3001,43
3002,18
3003,29
3004,4
3005,43
3006,9
3007,4
3008,65
3009,23
3010,32
3011,32
3012,78
3013,73
3014,50
3015,11
3016,18
3017,2
3018,41
3019,38
3020,75
3021,71
3022,32
3023,36
3024,65
3025,40
3026,38
3027,20
3028,40
3029,49
3030,41
3031,71
3032,41
3033,53
3034,22
3035,18
3036,79
3037,18
3038,71
3039,39
3040,89
3041,35
3042,4
3043,46
3044,8
3045,34
3046,16
3047,36
3048,2
3049,40
3050,86
3051,69
3052,15
3053,71
3054,37
3055,11
3056,35
3057,76
3058,29
3059,31
3060,47
3061,37
3062,43
3063,16
3064,46
3065,71
3066,16
3067,75
3068,22
3069,35
3070,15
3071,47
3072,84
3073,86
3074,63
3075,20
3076,40
3077,13
3078,13
3079,30
3080,2
3081,13
3082,35
3083,49
3084,36
3085,15
3086,9
3087,38
3088,47
3089,37
3090,15
3091,35
3092,64
3093,85
3094,10
3095,57
3096,10
3097,48
3098,48
3099,22
3100,8
3101,71
3102,22
3103,69
3104,31
3105,27
3106,75
3107,36
3108,20
3109,20
3110,18
3111,71
3112,29
3113,76
3114,8
3115,37
3116,71
3117,20
3118,32
3119,16
3120,5
3121,9
3122,12
3123,38
3124,47
3125,40
3126,41
3127,71
3128,44
3129,71
3130,74
3131,49
3132,53
3133,35
3134,79
3135,50
3136,78
3137,74
3138,37
3139,80
3140,32
3141,62
3142,16
3143,32
3144,73
3145,43
3146,12
3147,39
3148,4
3149,4
3150,49
3151,46
3152,18
3153,38
3154,30
3155,49
3156,35
3157,53
3158,75
3159,64
3160,20
3161,11
3162,32
3163,40
3164,32
3165,48
3166,44
3167,13
3168,37
3169,37
3170,30
3171,85
3172,39
3173,37
3174,43
3175,69
3176,89
3177,46
3178,12
3179,20
3180,43
3181,39
3182,13
3183,8
3184,11
3185,31
3186,8
3187,8
3188,39
3189,27
3190,27
3191,21
3192,43
3193,49
3194,86
3195,64
3196,15
3197,81
3198,12
3199,75
3200,20
3201,75
3202,64
3203,11
3204,13
3205,46
3206,74
3207,88
3208,40
3209,35
3210,69
3211,18
3212,71
3213,38
3214,15
3215,57
3216,71
3217,79
3218,47
3219,79
3220,86
3221,69
3222,46
3223,57
3224,11
3225,81
3226,8
3227,16
3228,50
3229,71
3230,57
3231,76
3232,16
3233,81
3234,32
3235,30
3236,43
3237,8
3238,83
3239,36
3240,47
3241,27
3242,31
3243,22
3244,2
3245,23
3246,4
3247,13
3248,5
3249,62
3250,15
3251,50
3252,50
3253,88
3254,43
3255,16
3256,39
3257,43
3258,8
3259,34
3260,84
3261,75
3262,78
3263,37
3264,41
3265,79
3266,31
3267,43
3268,38
3269,62
3270,76
3271,8
3272,53
3273,41
3274,62
3275,34
3276,81
3277,78
3278,35
3279,28
3280,41
3281,81
3282,71
3283,28
3284,8
3285,57
3286,46
3287,39
3288,8
3289,75
3290,30
3291,30
3292,89
3293,21
3294,2
3295,9
3296,47
3297,62
3298,83
3299,65
3300,64
3301,13
3302,69
3303,12
3304,9
3305,21
3306,39
3307,49
3308,41
3309,39
3310,69
3311,65
3312,12
3313,18
3314,12
3315,20
3316,75
3317,46
3318,85
3319,30
3320,62
3321,48
3322,49
3323,46
3324,49
3325,41
3326,85
3327,2
3328,44
3329,81
3330,65
3331,53
3332,22
3333,84
3334,30
3335,37
3336,57
3337,37
3338,84
3339,86
3340,12
3341,47
3342,9
3343,46
3344,83
3345,48
3346,40
3347,34
3348,86
3349,31
3350,38
3351,27
3352,35
3353,43
3354,65
3355,49
3356,37
3357,79
3358,49
3359,11
3360,21
3361,37
3362,50
3363,57
3364,38
3365,46
3366,21
3367,8
3368,35
3369,30
3370,37
3371,2
3372,27
3373,46
3374,53
3375,41
3376,36
3377,57
3378,65
3379,69
3380,57
3381,89
3382,15
3383,8
3384,76
3385,9
3386,71
3387,37
3388,13
3389,4
3390,50
3391,49
3392,20
3393,57
3394,5
3395,86
3396,81
3397,31
3398,4
3399,48
3400,32
3401,38
3402,69
3403,86
3404,20
3405,31
3406,79
3407,48
3408,41
3409,65
3410,43
3411,38
3412,4
3413,18
3414,9
3415,76
3416,49
3417,46
3418,46
3419,69
3420,71
3421,46
3422,39
3423,35
3424,15
3425,76
3426,43
3427,16
3428,37
3429,38
3430,5
3431,38
3432,31
3433,62
3434,22
3435,11
3436,69
3437,46
3438,84
3439,71
3440,84
3441,18
3442,64
3443,79
3444,20
3445,69
3446,75
3447,75
3448,30
3449,36
3450,20
3451,46
3452,9
3453,35
3454,71
3455,44
3456,37
3457,65
3458,62
3459,83
3460,78
3461,62
3462,12
3463,36
3464,75
3465,5
3466,8
3467,15
3468,2
3469,27
3470,85
3471,53
3472,47
3473,48
3474,84
3475,57
3476,39
3477,84
3478,40
3479,84
3480,46
3481,78
3482,73
3483,32
3484,30
3485,2
3486,46
3487,64
3488,47
3489,64
3490,30
3491,41
3492,78
3493,49
3494,40
3495,30
3496,53
3497,75
3498,75
3499,2
3500,38
3501,69
3502,62
3503,47
3504,44
3505,44
3506,64
3507,64
3508,81
3509,39
3510,39
3511,79
3512,39
3513,8
3514,5
3515,41
3516,57
3517,73
3518,50
3519,8
3520,4
3521,2
3522,2
3523,49
3524,75
3525,79
3526,15
3527,15
3528,39
3529,75
3530,40
3531,39
3532,36
3533,22
3534,86
3535,44
3536,79
3537,16
3538,37
3539,20
3540,43
3541,41
3542,13
3543,86
3544,71
3545,37
3546,39
3547,84
3548,62
3549,73
3550,31
3551,53
3552,8
3553,73
3554,86
3555,31
3556,36
3557,2
3558,50
3559,11
3560,84
3561,44
3562,49
3563,86
3564,83
3565,39
3566,76
3567,48
3568,89
3569,47
3570,76
3571,43
3572,37
3573,39
3574,74
3575,43
3576,16
3577,13
3578,69
3579,53
3580,86
3581,13
3582,50
3583,46
3584,37
3585,71
3586,13
3587,18
3588,69
3589,38
3590,4
3591,79
3592,81
3593,38
3594,43
3595,43
3596,71
3597,35
3598,35
3599,18
3600,47
3601,35
3602,44
3603,75
3604,4
3605,18
3606,46
3607,62
3608,86
3609,47
3610,11
3611,15
3612,39
3613,83
3614,2
3615,32
3616,49
3617,44
3618,46
3619,15
3620,40
3621,22
3622,49
3623,8
3624,86
3625,18
3626,83
3627,49
3628,49
3629,64
3630,40
3631,44
3632,9
3633,30
3634,74
3635,49
3636,76
3637,75
3638,4
3639,5
3640,15
3641,40
3642,79
3643,73
3644,79
3645,47
3646,38
3647,13
3648,4
3649,2
3650,9
3651,48
3652,2
3653,18
3654,43
3655,2
3656,69
3657,36
3658,86
3659,53
3660,86
3661,5
3662,71
3663,76
3664,86
3665,48
3666,39
3667,86
3668,65
3669,79
3670,28
3671,4
3672,28
3673,75
3674,84
3675,57
3676,20
3677,35
3678,22
3679,89
3680,75
3681,81
3682,8
3683,11
3684,40
3685,39
3686,84
3687,76
3688,18
3689,62
3690,79
3691,4
3692,22
3693,47
3694,46
3695,20
3696,64
3697,35
3698,35
3699,18
3700,32
3701,49
3702,35
3703,50
3704,46
3705,64
3706,35
3707,31
3708,5
3709,49
3710,89
3711,13
3712,40
3713,40
3714,64
3715,62
3716,79
3717,46
3718,4
3719,43
3720,48
3721,46
3722,22
3723,9
3724,83
3725,4
3726,76
3727,44
3728,46
3729,5
3730,15
3731,38
3732,57
3733,13
3734,89
3735,15
3736,75
3737,32
3738,37
3739,13
3740,49
3741,41
3742,48
3743,64
3744,47
3745,20
3746,8
3747,46
3748,62
3749,50
3750,36
3751,30
3752,50
3753,28
3754,13
3755,83
3756,49
3757,30
3758,4
3759,4
3760,74
3761,22
3762,53
3763,40
3764,69
3765,8
3766,49
3767,5
3768,65
3769,36
3770,37
3771,86
3772,86
3773,46
3774,71
3775,37
3776,22
3777,46
3778,28
3779,49
3780,35
3781,40
3782,69
3783,89
3784,47
3785,89
3786,69
3787,4
3788,49
3789,71
3790,65
3791,41
3792,43
3793,83
3794,79
3795,76
3796,37
3797,65
3798,8
3799,37
3800,74
3801,32
3802,48
3803,40
3804,46
3805,15
3806,36
3807,18
3808,84
3809,9
3810,4
3811,46
3812,30
3813,75
3814,89
3815,69
3816,13
3817,20
3818,46
3819,13
3820,31
3821,37
3822,86
3823,8
3824,84
3825,46
3826,43
3827,8
3828,5
3829,69
3830,69
3831,41
3832,9
3833,15
3834,40
3835,62
3836,41
3837,76
3838,49
3839,37
3840,40
3841,71
3842,83
3843,13
3844,9
3845,43
3846,46
3847,15
3848,39
3849,43
3850,36
3851,57
3852,31
3853,37
3854,4
3855,57
3856,76
3857,41
3858,43
3859,38
3860,43
3861,69
3862,40
3863,65
3864,20
3865,44
3866,41
3867,75
3868,37
3869,20
3870,84
3871,43
3872,9
3873,57
3874,69
3875,83
3876,39
3877,86
3878,49
3879,71
3880,41
3881,81
3882,39
3883,69
3884,18
3885,8
3886,83
3887,65
3888,35
3889,15
3890,76
3891,4
3892,47
3893,83
3894,38
3895,49
3896,69
3897,84
3898,38
3899,36
3900,41
3901,69
3902,13
3903,39
3904,40
3905,69
3906,41
3907,31
3908,46
3909,39
3910,40
3911,69
3912,71
3913,8
3914,46
3915,8
3916,13
3917,38
3918,4
3919,13
3920,13
3921,48
3922,2
3923,46
3924,39
3925,46
3926,84
3927,38
3928,18
3929,44
3930,46
3931,64
3932,35
3933,20
3934,8
3935,84
3936,83
3937,69
3938,36
3939,47
3940,46
3941,20
3942,75
3943,30
3944,37
3945,84
3946,38
3947,30
3948,35
3949,41
3950,30
3951,18
3952,20
3953,20
3954,30
3955,71
3956,48
3957,37
3958,43
3959,44
3960,4
3961,41
3962,49
3963,84
3964,20
3965,9
3966,71
3967,32
3968,2
3969,48
3970,49
3971,39
3972,8
3973,4
3974,20
3975,30
3976,36
3977,75
3978,65
3979,64
3980,48
3981,4
3982,39
3983,35
3984,20
3985,65
3986,30
3987,39
3988,2
3989,28
3990,57
3991,64
3992,37
3993,71
3994,57
3995,38
3996,8
3997,13
3998,8
3999,76
4000,41
