1,84
2,35
3,43
4,80
5,56
6,87
7,15
8,51
9,40
10,97
11,104
12,6
13,104
14,21
15,33
16,77
17,28
18,90
19,1
20,85
21,17
22,5
23,3
24,77
25,88
26,40
27,44
28,22
29,46
30,74
31,81
32,10
33,91
34,98
35,55
36,37
37,93
38,83
39,68
40,48
41,34
42,14
43,84
44,97
45,1
46,65
47,55
48,8
49,104
50,85
51,91
52,9
53,38
54,28
55,90
56,47
57,64
58,86
59,66
60,9
61,72
62,69
63,94
64,70
65,35
66,69
67,102
68,94
69,94
70,19
71,55
72,62
73,57
74,24
75,2
76,89
77,51
78,92
79,17
80,85
81,14
82,62
83,52
84,104
85,64
86,93
87,44
88,59
89,105
90,3
91,28
92,57
93,27
94,61
95,84
96,44
97,59
98,68
99,67
100,27
101,10
102,38
103,54
104,14
105,79
106,3
107,65
108,102
109,7
110,28
111,65
112,94
113,35
114,23
115,8
116,24
117,45
118,70
119,59
120,18
121,87
122,101
123,1
124,1
125,84
126,75
127,94
128,91
129,56
130,37
131,51
132,85
133,83
134,6
135,40
136,91
137,96
138,31
139,26
140,79
141,68
142,104
143,42
144,72
145,6
146,24
147,77
148,95
149,35
150,74
151,10
152,93
153,23
154,27
155,89
156,95
157,4
158,92
159,86
160,8
161,42
162,37
163,76
164,89
165,19
166,104
167,74
168,47
169,14
170,64
171,78
172,64
173,103
174,94
175,57
176,95
177,28
178,40
179,65
180,18
181,75
182,52
183,47
184,95
185,95
186,99
187,99
188,31
189,12
190,80
191,10
192,1
193,54
194,105
195,15
196,41
197,2
198,28
199,60
200,6
201,3
202,56
203,11
204,37
205,70
206,93
207,77
208,39
209,35
210,18
211,9
212,11
213,71
214,97
215,101
216,60
217,71
218,19
219,99
220,93
221,63
222,8
223,40
224,20
225,79
226,91
227,69
228,61
229,3
230,59
231,18
232,57
233,73
234,32
235,39
236,20
237,2
238,9
239,83
240,17
241,88
242,69
243,1
244,38
245,88
246,78
247,79
248,5
249,16
250,71
251,78
252,22
253,41
254,1
255,94
256,40
257,86
258,82
259,57
260,59
261,49
262,8
263,104
264,85
265,87
266,82
267,90
268,66
269,71
270,93
271,8
272,67
273,51
274,17
275,6
276,4
277,93
278,84
279,20
280,102
281,40
282,17
283,7
284,59
285,20
286,53
287,57
288,3
289,33
290,104
291,104
292,95
293,43
294,41
295,64
296,17
297,28
298,77
299,7
300,77
301,26
302,79
303,95
304,2
305,48
306,52
307,70
308,36
309,55
310,91
311,82
312,82
313,69
314,40
315,30
316,66
317,57
318,10
319,28
320,62
321,83
322,53
323,104
324,39
325,95
326,19
327,73
328,10
329,6
330,62
331,13
332,59
333,51
334,34
335,16
336,13
337,52
338,9
339,77
340,42
341,20
342,96
343,28
344,63
345,77
346,78
347,39
348,40
349,7
350,41
351,76
352,35
353,47
354,78
355,4
356,20
357,10
358,63
359,100
360,17
361,78
362,102
363,53
364,3
365,70
366,10
367,91
368,17
369,91
370,34
371,29
372,53
373,24
374,1
375,16
376,77
377,93
378,77
379,41
380,83
381,74
382,21
383,27
384,10
385,50
386,59
387,1
388,22
389,49
390,90
391,10
392,24
393,8
394,37
395,74
396,94
397,7
398,94
399,85
400,98
401,48
402,9
403,70
404,42
405,42
406,10
407,1
408,53
409,72
410,66
411,57
412,41
413,68
414,68
415,93
416,72
417,1
418,91
419,6
420,101
421,6
422,63
423,56
424,32
425,46
426,57
427,22
428,65
429,3
430,37
431,92
432,29
433,102
434,91
435,67
436,49
437,80
438,66
439,37
440,37
441,29
442,69
443,83
444,92
445,17
446,100
447,12
448,35
449,39
450,18
451,91
452,94
453,41
454,38
455,93
456,59
457,40
458,81
459,101
460,3
461,21
462,41
463,59
464,100
465,94
466,29
467,41
468,69
469,84
470,105
471,69
472,71
473,8
474,14
475,37
476,21
477,102
478,64
479,25
480,62
481,35
482,46
483,8
484,19
485,95
486,9
487,49
488,61
489,6
490,14
491,18
492,8
493,62
494,98
495,24
496,67
497,37
498,14
499,48
500,68
501,41
502,2
503,105
504,26
505,72
506,67
507,11
508,99
509,18
510,50
511,14
512,55
513,84
514,32
515,21
516,38
517,45
518,27
519,42
520,64
521,84
522,23
523,53
524,30
525,72
526,30
527,19
528,68
529,95
530,35
531,34
532,11
533,49
534,14
535,6
536,102
537,2
538,8
539,14
540,71
541,83
542,64
543,30
544,38
545,54
546,78
547,26
548,18
549,44
550,36
551,95
552,82
553,100
554,96
555,27
556,30
557,17
558,71
559,76
560,32
561,81
562,37
563,102
564,53
565,15
566,85
567,8
568,8
569,64
570,73
571,62
572,43
573,74
574,52
575,11
576,24
577,57
578,34
579,4
580,15
581,4
582,86
583,31
584,23
585,46
586,26
587,19
588,38
589,100
590,52
591,45
592,55
593,51
594,54
595,70
596,48
597,105
598,85
599,29
600,31
601,82
602,3
603,31
604,98
605,24
606,105
607,51
608,86
609,14
610,71
611,14
612,71
613,86
614,24
615,13
616,35
617,22
618,84
619,46
620,70
621,30
622,5
623,101
624,96
625,4
626,52
627,64
628,2
629,42
630,75
631,74
632,53
633,3
634,42
635,60
636,82
637,73
638,30
639,51
640,69
641,31
642,63
643,78
644,89
645,24
646,2
647,38
648,58
649,52
650,54
651,31
652,8
653,27
654,60
655,18
656,37
657,32
658,27
659,87
660,101
661,87
662,33
663,14
664,68
665,39
666,84
667,57
668,87
669,30
670,29
671,100
672,31
673,25
674,69
675,19
676,42
677,70
678,92
679,64
680,37
681,32
682,71
683,69
684,91
685,33
686,44
687,7
688,105
689,74
690,83
691,68
692,97
693,96
694,25
695,65
696,72
697,67
698,21
699,53
700,30
701,91
702,87
703,36
704,82
705,16
706,28
707,103
708,65
709,62
710,100
711,90
712,88
713,53
714,55
715,27
716,44
717,2
718,14
719,24
720,91
721,102
722,68
723,7
724,69
725,21
726,102
727,57
728,68
729,24
730,19
731,48
732,103
733,30
734,5
735,24
736,32
737,62
738,62
739,69
740,74
741,38
742,82
743,67
744,11
745,102
746,102
747,72
748,88
749,70
750,26
751,98
752,99
753,12
754,3
755,68
756,37
757,53
758,72
759,95
760,87
761,64
762,66
763,48
764,64
765,61
766,83
767,79
768,48
769,4
770,87
771,61
772,80
773,33
774,55
775,90
776,53
777,45
778,35
779,97
780,24
781,73
782,91
783,27
784,74
785,19
786,48
787,66
788,84
789,37
790,44
791,72
792,6
793,83
794,82
795,25
796,92
797,96
798,20
799,9
800,14
801,52
802,3
803,50
804,92
805,102
806,43
807,53
808,26
809,99
810,90
811,66
812,42
813,56
814,52
815,42
816,60
817,6
818,85
819,92
820,18
821,50
822,42
823,66
824,87
825,19
826,75
827,47
828,46
829,42
830,91
831,78
832,55
833,58
834,102
835,79
836,89
837,92
838,31
839,14
840,96
841,35
842,64
843,27
844,87
845,82
846,5
847,31
848,80
849,60
850,85
851,24
852,49
853,97
854,35
855,27
856,45
857,3
858,83
859,9
860,105
861,74
862,61
863,44
864,49
865,24
866,58
867,9
868,100
869,18
870,7
871,50
872,33
873,73
874,50
875,91
876,88
877,103
878,92
879,15
880,65
881,88
882,99
883,86
884,90
885,38
886,24
887,68
888,55
889,32
890,13
891,88
892,89
893,87
894,91
895,98
896,49
897,3
898,15
899,55
900,76
901,42
902,8
903,48
904,97
905,25
906,45
907,95
908,60
909,98
910,101
911,71
912,89
913,74
914,22
915,79
916,64
917,39
918,100
919,15
920,3
921,6
922,68
923,35
924,60
925,62
926,48
927,61
928,78
929,4
930,95
931,46
932,95
933,14
934,100
935,68
936,14
937,18
938,5
939,99
940,26
941,79
942,70
943,91
944,29
945,8
946,100
947,38
948,51
949,60
950,20
951,83
952,79
953,30
954,37
955,12
956,85
957,99
958,44
959,72
960,36
961,16
962,65
963,62
964,35
965,24
966,6
967,19
968,71
969,69
970,30
971,97
972,67
973,102
974,8
975,55
976,102
977,35
978,26
979,42
980,9
981,78
982,47
983,24
984,16
985,49
986,15
987,53
988,79
989,30
990,83
991,58
992,55
993,70
994,64
995,88
996,20
997,31
998,21
999,83
1000,79
1001,76
1002,49
1003,53
1004,42
1005,69
1006,23
1007,53
1008,105
1009,6
1010,79
1011,37
1012,14
1013,68
1014,49
1015,105
1016,12
1017,63
1018,20
1019,3
1020,43
1021,39
1022,33
1023,69
1024,20
1025,36
1026,46
1027,69
1028,64
1029,70
1030,34
1031,37
1032,102
1033,52
1034,97
1035,91
1036,44
1037,73
1038,56
1039,44
1040,4
1041,51
1042,5
1043,4
1044,65
1045,57
1046,100
1047,68
1048,24
1049,66
1050,87
1051,55
1052,34
1053,49
1054,97
1055,98
1056,42
1057,33
1058,7
1059,34
1060,3
1061,87
1062,52
1063,6
1064,78
1065,39
1066,14
1067,65
1068,43
1069,31
1070,92
1071,63
1072,16
1073,99
1074,69
1075,63
1076,8
1077,95
1078,33
1079,86
1080,54
1081,21
1082,98
1083,22
1084,80
1085,91
1086,37
1087,24
1088,37
1089,87
1090,6
1091,33
1092,42
1093,44
1094,56
1095,69
1096,64
1097,61
1098,2
1099,8
1100,6
1101,50
1102,97
1103,8
1104,68
1105,22
1106,96
1107,89
1108,8
1109,103
1110,37
1111,61
1112,32
1113,13
1114,22
1115,22
1116,18
1117,7
1118,79
1119,75
1120,6
1121,6
1122,103
1123,50
1124,76
1125,18
1126,13
1127,51
1128,98
1129,92
1130,53
1131,102
1132,49
1133,43
1134,61
1135,103
1136,69
1137,101
1138,4
1139,9
1140,42
1141,31
1142,97
1143,55
1144,75
1145,33
1146,79
1147,4
1148,64
1149,3
1150,33
1151,64
1152,105
1153,38
1154,5
1155,86
1156,84
1157,79
1158,3
1159,82
1160,56
1161,45
1162,29
1163,103
1164,14
1165,8
1166,76
1167,69
1168,65
1169,37
1170,68
1171,89
1172,5
1173,64
1174,69
1175,32
1176,81
1177,100
1178,43
1179,29
1180,89
1181,61
1182,18
1183,99
1184,91
1185,3
1186,103
1187,18
1188,21
1189,37
1190,76
1191,66
1192,72
1193,95
1194,76
1195,53
1196,100
1197,58
1198,78
1199,35
1200,78
1201,12
1202,72
1203,25
1204,64
1205,95
1206,95
1207,78
1208,74
1209,11
1210,24
1211,105
1212,7
1213,51
1214,3
1215,73
1216,89
1217,70
1218,53
1219,74
1220,35
1221,72
1222,7
1223,101
1224,4
1225,98
1226,53
1227,53
1228,49
1229,50
1230,102
1231,66
1232,8
1233,18
1234,23
1235,66
1236,54
1237,95
1238,51
1239,96
1240,89
1241,35
1242,64
1243,8
1244,8
1245,51
1246,18
1247,74
1248,25
1249,5
1250,79
1251,14
1252,92
1253,105
1254,84
1255,18
1256,83
1257,96
1258,42
1259,20
1260,25
1261,90
1262,97
1263,7
1264,69
1265,105
1266,91
1267,66
1268,37
1269,88
1270,71
1271,81
1272,60
1273,91
1274,72
1275,68
1276,85
1277,14
1278,88
1279,70
1280,24
1281,91
1282,76
1283,86
1284,72
1285,33
1286,67
1287,102
1288,105
1289,67
1290,48
1291,14
1292,54
1293,24
1294,69
1295,102
1296,14
1297,45
1298,4
1299,105
1300,50
1301,53
1302,88
1303,69
1304,42
1305,103
1306,24
1307,30
1308,4
1309,69
1310,73
1311,101
1312,101
1313,56
1314,100
1315,37
1316,13
1317,87
1318,76
1319,51
1320,70
1321,14
1322,20
1323,42
1324,88
1325,63
1326,42
1327,102
1328,73
1329,86
1330,38
1331,32
1332,57
1333,86
1334,4
1335,24
1336,67
1337,69
1338,89
1339,68
1340,78
1341,31
1342,69
1343,24
1344,79
1345,4
1346,64
1347,34
1348,3
1349,53
1350,90
1351,6
1352,8
1353,53
1354,65
1355,86
1356,83
1357,6
1358,95
1359,8
1360,89
1361,87
1362,32
1363,35
1364,48
1365,51
1366,14
1367,53
1368,74
1369,68
1370,7
1371,3
1372,4
1373,71
1374,54
1375,96
1376,100
1377,14
1378,33
1379,53
1380,6
1381,4
1382,12
1383,69
1384,2
1385,74
1386,50
1387,63
1388,70
1389,22
1390,80
1391,44
1392,35
1393,30
1394,81
1395,88
1396,55
1397,47
1398,70
1399,12
1400,44
1401,21
1402,43
1403,85
1404,11
1405,37
1406,6
1407,32
1408,48
1409,44
1410,8
1411,87
1412,5
1413,4
1414,60
1415,83
1416,66
1417,70
1418,23
1419,69
1420,79
1421,58
1422,74
1423,11
1424,31
1425,12
1426,105
1427,7
1428,70
1429,90
1430,48
1431,95
1432,60
1433,100
1434,80
1435,96
1436,73
1437,80
1438,90
1439,76
1440,65
1441,74
1442,95
1443,91
1444,6
1445,60
1446,30
1447,64
1448,21
1449,80
1450,66
1451,44
1452,12
1453,69
1454,6
1455,25
1456,80
1457,53
1458,56
1459,21
1460,103
1461,36
1462,37
1463,22
1464,30
1465,14
1466,13
1467,8
1468,65
1469,91
1470,50
1471,72
1472,62
1473,76
1474,74
1475,76
1476,71
1477,47
1478,99
1479,64
1480,71
1481,39
1482,6
1483,50
1484,18
1485,49
1486,35
1487,67
1488,49
1489,24
1490,71
1491,16
1492,55
1493,53
1494,100
1495,95
1496,97
1497,69
1498,55
1499,26
1500,54
1501,11
1502,50
1503,96
1504,73
1505,68
1506,105
1507,33
1508,81
1509,12
1510,74
1511,8
1512,85
1513,25
1514,66
1515,78
1516,24
1517,26
1518,75
1519,101
1520,63
1521,95
1522,6
1523,42
1524,53
1525,68
1526,98
1527,6
1528,74
1529,24
1530,43
1531,75
1532,42
1533,45
1534,67
1535,2
1536,81
1537,83
1538,6
1539,66
1540,6
1541,6
1542,26
1543,51
1544,30
1545,83
1546,21
1547,18
1548,16
1549,3
1550,65
1551,98
1552,37
1553,29
1554,43
1555,30
1556,29
1557,46
1558,14
1559,51
1560,48
1561,44
1562,13
1563,53
1564,72
1565,39
1566,105
1567,13
1568,15
1569,67
1570,95
1571,45
1572,6
1573,31
1574,12
1575,81
1576,36
1577,85
1578,7
1579,60
1580,53
1581,18
1582,6
1583,79
1584,86
1585,16
1586,39
1587,51
1588,64
1589,3
1590,4
1591,90
1592,39
1593,37
1594,63
1595,34
1596,42
1597,3
1598,32
1599,29
1600,37
1601,11
1602,11
1603,24
1604,62
1605,23
1606,39
1607,24
1608,79
1609,43
1610,18
1611,67
1612,46
1613,83
1614,105
1615,68
1616,14
1617,51
1618,42
1619,71
1620,66
1621,63
1622,47
1623,55
1624,51
1625,65
1626,70
1627,51
1628,105
1629,23
1630,87
1631,60
1632,43
1633,83
1634,99
1635,86
1636,95
1637,53
1638,26
1639,31
1640,7
1641,53
1642,38
1643,38
1644,62
1645,69
1646,24
1647,72
1648,6
1649,63
1650,55
1651,105
1652,21
1653,42
1654,11
1655,69
1656,98
1657,34
1658,78
1659,102
1660,95
1661,8
1662,58
1663,47
1664,6
1665,30
1666,43
1667,47
1668,51
1669,23
1670,6
1671,4
1672,45
1673,29
1674,70
1675,11
1676,79
1677,51
1678,61
1679,75
1680,22
1681,71
1682,4
1683,33
1684,32
1685,47
1686,2
1687,81
1688,95
1689,53
1690,42
1691,66
1692,14
1693,18
1694,21
1695,46
1696,105
1697,39
1698,37
1699,43
1700,37
1701,65
1702,71
1703,36
1704,79
1705,3
1706,75
1707,72
1708,96
1709,29
1710,8
1711,72
1712,8
1713,68
1714,45
1715,105
1716,63
1717,21
1718,8
1719,105
1720,58
1721,6
1722,11
1723,5
1724,31
1725,6
1726,91
1727,8
1728,16
1729,71
1730,48
1731,49
1732,75
1733,64
1734,34
1735,74
1736,65
1737,95
1738,99
1739,54
1740,66
1741,24
1742,68
1743,26
1744,80
1745,6
1746,32
1747,14
1748,33
1749,100
1750,87
1751,14
1752,66
1753,99
1754,29
1755,23
1756,37
1757,55
1758,51
1759,55
1760,7
1761,105
1762,25
1763,66
1764,66
1765,11
1766,8
1767,96
1768,95
1769,6
1770,42
1771,49
1772,45
1773,53
1774,21
1775,69
1776,16
1777,4
1778,58
1779,61
1780,61
1781,35
1782,105
1783,53
1784,55
1785,11
1786,42
1787,102
1788,72
1789,18
1790,100
1791,4
1792,74
1793,42
1794,5
1795,46
1796,2
1797,53
1798,85
1799,49
1800,105
1801,85
1802,65
1803,37
1804,51
1805,61
1806,35
1807,48
1808,51
1809,102
1810,2
1811,70
1812,96
1813,91
1814,88
1815,70
1816,51
1817,24
1818,6
1819,83
1820,18
1821,13
1822,11
1823,14
1824,24
1825,64
1826,91
1827,56
1828,60
1829,34
1830,25
1831,42
1832,12
1833,81
1834,5
1835,21
1836,38
1837,6
1838,72
1839,56
1840,97
1841,69
1842,42
1843,87
1844,15
1845,46
1846,26
1847,25
1848,7
1849,87
1850,69
1851,85
1852,47
1853,7
1854,99
1855,95
1856,62
1857,81
1858,35
1859,83
1860,81
1861,24
1862,36
1863,48
1864,33
1865,69
1866,14
1867,103
1868,12
1869,36
1870,6
1871,37
1872,31
1873,103
1874,43
1875,35
1876,23
1877,50
1878,52
1879,53
1880,97
1881,33
1882,37
1883,97
1884,12
1885,74
1886,42
1887,30
1888,50
1889,51
1890,101
1891,53
1892,33
1893,78
1894,87
1895,87
1896,91
1897,21
1898,37
1899,101
1900,105
1901,45
1902,87
1903,52
1904,91
1905,13
1906,51
1907,18
1908,90
1909,12
1910,83
1911,70
1912,48
1913,105
1914,45
1915,34
1916,66
1917,5
1918,7
1919,64
1920,103
1921,15
1922,83
1923,30
1924,18
1925,74
1926,99
1927,3
1928,23
1929,3
1930,14
1931,80
1932,24
1933,56
1934,22
1935,74
1936,51
1937,64
1938,30
1939,47
1940,23
1941,58
1942,58
1943,18
1944,66
1945,69
1946,42
1947,69
1948,81
1949,99
1950,83
1951,96
1952,73
1953,90
1954,4
1955,42
1956,80
1957,69
1958,8
1959,3
1960,12
1961,70
1962,6
1963,61
1964,21
1965,91
1966,35
1967,51
1968,46
1969,38
1970,49
1971,24
1972,68
1973,51
1974,73
1975,5
1976,53
1977,74
1978,44
1979,18
1980,38
1981,45
1982,66
1983,75
1984,13
1985,68
1986,55
1987,87
1988,26
1989,44
1990,74
1991,31
1992,54
1993,55
1994,31
1995,71
1996,47
1997,37
1998,95
1999,34
2000,14
2001,36
2002,71
2003,54
2004,66
2005,37
2006,14
2007,8
2008,81
2009,60
2010,5
2011,15
2012,24
2013,49
2014,73
2015,5
2016,62
2017,68
2018,56
2019,83
2020,105
2021,8
2022,103
2023,47
2024,13
2025,16
2026,75
2027,24
2028,44
2029,60
2030,87
2031,68
2032,58
2033,43
2034,66
2035,24
2036,25
2037,81
2038,69
2039,53
2040,53
2041,73
2042,47
2043,96
2044,95
2045,36
2046,31
2047,18
2048,37
2049,79
2050,46
2051,36
2052,64
2053,37
2054,45
2055,61
2056,69
2057,85
2058,14
2059,37
2060,30
2061,100
2062,69
2063,51
2064,105
2065,85
2066,8
2067,102
2068,61
2069,11
2070,6
2071,22
2072,53
2073,3
2074,5
2075,16
2076,103
2077,74
2078,18
2079,36
2080,68
2081,83
2082,55
2083,99
2084,29
2085,62
2086,2
2087,23
2088,96
2089,58
2090,52
2091,105
2092,52
2093,8
2094,58
2095,64
2096,32
2097,15
2098,51
2099,91
2100,35
2101,3
2102,69
2103,62
2104,8
2105,24
2106,91
2107,32
2108,72
2109,8
2110,96
2111,24
2112,24
2113,66
2114,3
2115,65
2116,90
2117,70
2118,37
2119,101
2120,15
2121,69
2122,34
2123,69
2124,96
2125,25
2126,46
2127,30
2128,54
2129,7
2130,22
2131,32
2132,103
2133,8
2134,87
2135,69
2136,3
2137,42
2138,13
2139,78
2140,78
2141,105
2142,74
2143,66
2144,42
2145,16
2146,88
2147,34
2148,7
2149,70
2150,95
2151,53
2152,87
2153,14
2154,105
2155,45
2156,69
2157,54
2158,99
2159,49
2160,35
2161,83
2162,49
2163,60
2164,15
2165,80
2166,103
2167,35
2168,18
2169,87
2170,5
2171,18
2172,4
2173,72
2174,78
2175,5
2176,70
2177,79
2178,32
2179,66
2180,18
2181,72
2182,61
2183,60
2184,16
2185,42
2186,86
2187,37
2188,30
2189,5
2190,101
2191,64
2192,13
2193,81
2194,83
2195,66
2196,33
2197,6
2198,47
2199,74
2200,3
2201,102
2202,69
2203,52
2204,58
2205,46
2206,31
2207,97
2208,35
2209,91
2210,105
2211,45
2212,24
2213,51
2214,87
2215,95
2216,74
2217,81
2218,75
2219,21
2220,56
2221,22
2222,74
2223,47
2224,53
2225,6
2226,83
2227,16
2228,52
2229,75
2230,22
2231,33
2232,6
2233,47
2234,47
2235,71
2236,47
2237,3
2238,54
2239,56
2240,53
2241,16
2242,22
2243,47
2244,7
2245,31
2246,42
2247,90
2248,99
2249,87
2250,71
2251,68
2252,95
2253,16
2254,24
2255,73
2256,103
2257,72
2258,60
2259,91
2260,75
2261,72
2262,21
2263,79
2264,11
2265,69
2266,71
2267,66
2268,105
2269,24
2270,33
2271,96
2272,36
2273,54
2274,46
2275,56
2276,101
2277,55
2278,24
2279,35
2280,79
2281,61
2282,79
2283,69
2284,15
2285,62
2286,35
2287,54
2288,64
2289,15
2290,87
2291,58
2292,74
2293,103
2294,52
2295,54
2296,7
2297,3
2298,21
2299,79
2300,56
2301,6
2302,7
2303,46
2304,3
2305,30
2306,103
2307,75
2308,53
2309,53
2310,90
2311,70
2312,7
2313,53
2314,51
2315,100
2316,53
2317,15
2318,43
2319,68
2320,81
2321,85
2322,37
2323,36
2324,102
2325,52
2326,74
2327,25
2328,103
2329,30
2330,52
2331,18
2332,91
2333,91
2334,47
2335,32
2336,78
2337,53
2338,101
2339,51
2340,91
2341,47
2342,66
2343,71
2344,42
2345,73
2346,18
2347,65
2348,32
2349,36
2350,51
2351,37
2352,102
2353,43
2354,96
2355,55
2356,91
2357,91
2358,46
2359,53
2360,49
2361,14
2362,74
2363,72
2364,37
2365,4
2366,91
2367,105
2368,74
2369,3
2370,91
2371,48
2372,95
2373,79
2374,25
2375,64
2376,14
2377,99
2378,35
2379,83
2380,97
2381,65
2382,8
2383,30
2384,85
2385,52
2386,102
2387,25
2388,86
2389,30
2390,14
2391,97
2392,95
2393,33
2394,13
2395,79
2396,13
2397,91
2398,100
2399,62
2400,68
2401,105
2402,49
2403,14
2404,74
2405,78
2406,88
2407,102
2408,81
2409,35
2410,85
2411,49
2412,87
2413,36
2414,88
2415,46
2416,79
2417,53
2418,33
2419,55
2420,30
2421,75
2422,85
2423,55
2424,24
2425,70
2426,43
2427,58
2428,8
2429,105
2430,14
2431,66
2432,15
2433,95
2434,58
2435,66
2436,78
2437,55
2438,90
2439,68
2440,100
2441,87
2442,54
2443,24
2444,5
2445,49
2446,23
2447,86
2448,80
2449,30
2450,52
2451,95
2452,18
2453,85
2454,86
2455,105
2456,105
2457,36
2458,31
2459,88
2460,64
2461,72
2462,90
2463,21
2464,14
2465,69
2466,37
2467,56
2468,80
2469,75
2470,75
2471,65
2472,47
2473,8
2474,3
2475,51
2476,100
2477,8
2478,37
2479,60
2480,18
2481,71
2482,88
2483,14
2484,97
2485,102
2486,87
2487,102
2488,74
2489,8
2490,99
2491,8
2492,7
2493,87
2494,32
2495,74
2496,101
2497,42
2498,68
2499,48
2500,25
2501,73
2502,58
2503,18
2504,5
2505,47
2506,52
2507,100
2508,11
2509,13
2510,72
2511,62
2512,8
2513,23
2514,80
2515,8
2516,99
2517,85
2518,3
2519,11
2520,60
2521,78
2522,66
2523,88
2524,56
2525,35
2526,48
2527,6
2528,37
2529,85
2530,54
2531,8
2532,86
2533,60
2534,5
2535,58
2536,31
2537,12
2538,83
2539,35
2540,14
2541,79
2542,79
2543,12
2544,83
2545,72
2546,78
2547,32
2548,69
2549,7
2550,42
2551,80
2552,24
2553,25
2554,103
2555,91
2556,70
2557,23
2558,5
2559,68
2560,80
2561,86
2562,81
2563,58
2564,69
2565,65
2566,64
2567,47
2568,88
2569,24
2570,31
2571,68
2572,62
2573,97
2574,14
2575,14
2576,74
2577,51
2578,95
2579,5
2580,81
2581,4
2582,37
2583,86
2584,6
2585,52
2586,102
2587,105
2588,46
2589,68
2590,74
2591,61
2592,81
2593,91
2594,44
2595,31
2596,105
2597,85
2598,68
2599,61
2600,66
2601,33
2602,103
2603,8
2604,87
2605,79
2606,91
2607,24
2608,36
2609,69
2610,23
2611,66
2612,36
2613,53
2614,54
2615,35
2616,52
2617,73
2618,91
2619,100
2620,8
2621,58
2622,18
2623,65
2624,45
2625,45
2626,8
2627,51
2628,105
2629,56
2630,64
2631,72
2632,95
2633,43
2634,105
2635,66
2636,14
2637,23
2638,35
2639,101
2640,68
2641,96
2642,12
2643,18
2644,47
2645,21
2646,38
2647,105
2648,68
2649,51
2650,48
2651,74
2652,95
2653,30
2654,60
2655,86
2656,68
2657,97
2658,35
2659,96
2660,32
2661,8
2662,64
2663,54
2664,62
2665,87
2666,38
2667,105
2668,71
2669,97
2670,14
2671,83
2672,69
2673,102
2674,38
2675,23
2676,78
2677,52
2678,30
2679,52
2680,69
2681,78
2682,58
2683,80
2684,4
2685,64
2686,54
2687,6
2688,56
2689,75
2690,35
2691,105
2692,74
2693,91
2694,32
2695,35
2696,8
2697,70
2698,78
2699,60
2700,42
2701,21
2702,60
2703,95
2704,14
2705,24
2706,64
2707,99
2708,47
2709,44
2710,105
2711,83
2712,5
2713,18
2714,5
2715,87
2716,7
2717,13
2718,45
2719,6
2720,8
2721,42
2722,95
2723,96
2724,53
2725,88
2726,87
2727,42
2728,56
2729,14
2730,36
2731,55
2732,32
2733,74
2734,91
2735,91
2736,95
2737,37
2738,35
2739,47
2740,65
2741,11
2742,49
2743,102
2744,66
2745,101
2746,91
2747,13
2748,73
2749,95
2750,80
2751,38
2752,75
2753,42
2754,5
2755,45
2756,3
2757,36
2758,85
2759,83
2760,24
2761,21
2762,7
2763,6
2764,53
2765,49
2766,70
2767,64
2768,8
2769,69
2770,3
2771,36
2772,66
2773,23
2774,88
2775,102
2776,95
2777,37
2778,91
2779,45
2780,79
2781,49
2782,13
2783,24
2784,91
2785,95
2786,37
2787,12
2788,64
2789,83
2790,91
2791,66
2792,11
2793,96
2794,53
2795,69
2796,31
2797,69
2798,87
2799,8
2800,99
2801,14
2802,32
2803,12
2804,23
2805,24
2806,91
2807,14
2808,58
2809,96
2810,60
2811,48
2812,74
2813,102
2814,103
2815,6
2816,32
2817,69
2818,102
2819,83
2820,101
2821,48
2822,37
2823,11
2824,68
2825,18
2826,42
2827,65
2828,72
2829,14
2830,80
2831,37
2832,48
2833,6
2834,88
2835,91
2836,18
2837,78
2838,102
2839,48
2840,95
2841,24
2842,91
2843,87
2844,33
2845,23
2846,6
2847,37
2848,78
2849,35
2850,42
2851,24
2852,37
2853,13
2854,72
2855,62
2856,72
2857,75
2858,72
2859,47
2860,42
2861,31
2862,37
2863,53
2864,87
2865,37
2866,85
2867,68
2868,8
2869,56
2870,75
2871,100
2872,95
2873,66
2874,101
2875,83
2876,12
2877,18
2878,14
2879,5
2880,13
2881,68
2882,38
2883,35
2884,31
2885,97
2886,35
2887,54
2888,51
2889,3
2890,91
2891,33
2892,8
2893,105
2894,32
2895,95
2896,87
2897,32
2898,99
2899,37
2900,56
2901,70
2902,78
2903,103
2904,75
2905,33
2906,46
2907,5
2908,6
2909,95
2910,75
2911,69
2912,101
2913,42
2914,100
2915,30
2916,53
2917,101
2918,91
2919,97
2920,58
2921,74
2922,87
2923,78
2924,49
2925,24
2926,37
2927,103
2928,47
2929,71
2930,74
2931,75
2932,37
2933,7
2934,53
2935,32
2936,23
2937,72
2938,53
2939,105
2940,71
2941,7
2942,24
2943,69
2944,30
2945,95
2946,88
2947,30
2948,62
2949,79
2950,31
2951,105
2952,14
2953,56
2954,5
2955,105
2956,97
2957,72
2958,8
2959,66
2960,6
2961,75
2962,91
2963,74
2964,66
2965,35
2966,91
2967,74
2968,56
2969,103
2970,5
2971,85
2972,30
2973,42
2974,79
2975,35
2976,74
2977,49
2978,79
2979,71
2980,46
2981,99
2982,32
2983,105
2984,38
2985,69
2986,99
2987,85
2988,69
2989,4
2990,72
2991,54
2992,72
2993,70
2994,13
2995,88
2996,36
2997,23
2998,33
2999,69
3000,7
3001,86
3002,78
3003,42
3004,56
3005,74
3006,100
3007,32
3008,79
3009,78
3010,21
3011,49
3012,53
3013,86
3014,65
3015,68
3016,46
3017,91
3018,87
3019,62
3020,105
3021,78
3022,64
3023,3
3024,13
3025,6
3026,4
3027,79
3028,105
3029,24
3030,105
3031,38
3032,69
3033,38
3034,105
3035,69
3036,23
3037,69
3038,78
3039,24
3040,101
3041,91
3042,66
3043,70
3044,36
3045,83
3046,66
3047,18
3048,46
3049,97
3050,56
3051,64
3052,47
3053,36
3054,21
3055,69
3056,105
3057,37
3058,66
3059,91
3060,37
3061,38
3062,105
3063,75
3064,105
3065,18
3066,99
3067,23
3068,66
3069,35
3070,6
3071,53
3072,54
3073,42
3074,70
3075,103
3076,24
3077,96
3078,33
3079,78
3080,47
3081,53
3082,74
3083,37
3084,47
3085,87
3086,52
3087,100
3088,66
3089,21
3090,30
3091,96
3092,21
3093,35
3094,66
3095,24
3096,74
3097,35
3098,101
3099,66
3100,62
3101,14
3102,51
3103,87
3104,83
3105,60
3106,49
3107,35
3108,31
3109,60
3110,24
3111,6
3112,32
3113,8
3114,78
3115,97
3116,56
3117,35
3118,96
3119,7
3120,7
3121,66
3122,46
3123,46
3124,95
3125,49
3126,18
3127,54
3128,47
3129,37
3130,6
3131,95
3132,66
3133,88
3134,13
3135,101
3136,105
3137,91
3138,32
3139,23
3140,69
3141,36
3142,37
3143,42
3144,103
3145,3
3146,32
3147,51
3148,53
3149,86
3150,78
3151,35
3152,35
3153,88
3154,24
3155,55
3156,36
3157,66
3158,83
3159,49
3160,24
3161,6
3162,53
3163,97
3164,79
3165,85
3166,46
3167,21
3168,46
3169,23
3170,95
3171,66
3172,42
3173,69
3174,32
3175,60
3176,35
3177,103
3178,83
3179,74
3180,47
3181,56
3182,37
3183,13
3184,78
3185,87
3186,69
3187,99
3188,30
3189,42
3190,6
3191,51
3192,97
3193,31
3194,62
3195,33
3196,18
3197,4
3198,97
3199,49
3200,24
3201,91
3202,30
3203,14
3204,68
3205,91
3206,47
3207,47
3208,105
3209,74
3210,6
3211,37
3212,30
3213,37
3214,102
3215,105
3216,95
3217,3
3218,64
3219,3
3220,79
3221,70
3222,36
3223,30
3224,36
3225,14
3226,105
3227,74
3228,31
3229,31
3230,33
3231,24
3232,24
3233,69
3234,37
3235,101
3236,33
3237,60
3238,33
3239,60
3240,71
3241,14
3242,53
3243,6
3244,62
3245,13
3246,14
3247,36
3248,7
3249,87
3250,95
3251,91
3252,86
3253,101
3254,3
3255,69
3256,86
3257,95
3258,102
3259,64
3260,99
3261,32
3262,32
3263,99
3264,79
3265,91
3266,33
3267,53
3268,24
3269,3
3270,68
3271,37
3272,75
3273,66
3274,74
3275,49
3276,54
3277,86
3278,95
3279,103
3280,86
3281,60
3282,3
3283,23
3284,79
3285,71
3286,99
3287,95
3288,74
3289,105
3290,3
3291,66
3292,21
3293,85
3294,79
3295,14
3296,91
3297,53
3298,49
3299,95
3300,85
3301,72
3302,95
3303,68
3304,35
3305,66
3306,83
3307,66
3308,66
3309,35
3310,72
3311,8
3312,42
3313,14
3314,83
3315,8
3316,37
3317,37
3318,37
3319,65
3320,18
3321,99
3322,51
3323,35
3324,60
3325,4
3326,36
3327,36
3328,65
3329,3
3330,18
3331,32
3332,21
3333,69
3334,46
3335,53
3336,78
3337,100
3338,30
3339,30
3340,30
3341,4
3342,47
3343,74
3344,3
3345,18
3346,71
3347,53
3348,79
3349,87
3350,8
3351,5
3352,71
3353,52
3354,86
3355,4
3356,47
3357,68
3358,66
3359,52
3360,97
3361,64
3362,102
3363,18
3364,60
3365,7
3366,36
3367,60
3368,30
3369,78
3370,105
3371,69
3372,79
3373,35
3374,14
3375,24
3376,86
3377,102
3378,35
3379,32
3380,70
3381,96
3382,96
3383,18
3384,8
3385,56
3386,105
3387,4
3388,91
3389,68
3390,21
3391,53
3392,71
3393,71
3394,86
3395,18
3396,8
3397,46
3398,62
3399,24
3400,62
3401,33
3402,35
3403,103
3404,72
3405,86
3406,42
3407,87
3408,55
3409,37
3410,74
3411,46
3412,55
3413,4
3414,18
3415,6
3416,65
3417,37
3418,86
3419,83
3420,95
3421,53
3422,46
3423,8
3424,102
3425,31
3426,14
3427,32
3428,83
3429,42
3430,66
3431,69
3432,95
3433,47
3434,8
3435,24
3436,102
3437,46
3438,8
3439,7
3440,14
3441,18
3442,36
3443,33
3444,30
3445,79
3446,51
3447,105
3448,70
3449,68
3450,46
3451,32
3452,35
3453,83
3454,36
3455,95
3456,69
3457,71
3458,3
3459,51
3460,24
3461,36
3462,35
3463,18
3464,8
3465,47
3466,66
3467,31
3468,35
3469,74
3470,30
3471,91
3472,4
3473,87
3474,8
3475,33
3476,91
3477,47
3478,8
3479,32
3480,68
3481,83
3482,91
3483,42
3484,68
3485,6
3486,33
3487,74
3488,37
3489,60
3490,46
3491,95
3492,66
3493,8
3494,6
3495,71
3496,30
3497,24
3498,14
3499,66
3500,53
3501,6
3502,97
3503,66
3504,30
3505,31
3506,30
3507,3
3508,18
3509,105
3510,78
3511,64
3512,6
3513,49
3514,86
3515,83
3516,95
3517,105
3518,24
3519,105
3520,105
3521,37
3522,68
3523,33
3524,87
3525,69
3526,42
3527,37
3528,36
3529,86
3530,78
3531,95
3532,78
3533,6
3534,99
3535,105
3536,6
3537,105
3538,8
3539,72
3540,74
3541,105
3542,33
3543,69
3544,64
3545,74
3546,21
3547,70
3548,42
3549,83
3550,24
3551,60
3552,24
3553,36
3554,69
3555,95
3556,37
3557,66
3558,32
3559,33
3560,51
3561,4
3562,31
3563,74
3564,105
3565,6
3566,35
3567,66
3568,64
3569,83
3570,8
3571,69
3572,72
3573,5
3574,6
3575,105
3576,47
3577,86
3578,14
3579,83
3580,72
3581,51
3582,24
3583,85
3584,69
3585,37
3586,69
3587,37
3588,3
3589,95
3590,31
3591,78
3592,42
3593,36
3594,66
3595,69
3596,32
3597,78
3598,4
3599,24
3600,31
3601,85
3602,74
3603,6
3604,91
3605,66
3606,42
3607,69
3608,70
3609,105
3610,64
3611,35
3612,60
3613,24
3614,74
3615,102
3616,78
3617,7
3618,30
3619,102
3620,18
3621,51
3622,70
3623,14
3624,37
3625,53
3626,53
3627,18
3628,30
3629,83
3630,47
3631,33
3632,35
3633,87
3634,102
3635,72
3636,91
3637,95
3638,51
3639,53
3640,35
3641,53
3642,7
3643,79
3644,74
3645,79
3646,64
3647,42
3648,105
3649,79
3650,69
3651,83
3652,24
3653,24
3654,66
3655,21
3656,64
3657,24
3658,60
3659,8
3660,30
3661,83
3662,72
3663,79
3664,3
3665,31
3666,4
3667,18
3668,7
3669,64
3670,71
3671,79
3672,53
3673,78
3674,18
3675,49
3676,35
3677,85
3678,42
3679,36
3680,8
3681,85
3682,30
3683,46
3684,47
3685,85
3686,53
3687,32
3688,14
3689,68
3690,53
3691,30
3692,4
3693,37
3694,49
3695,51
3696,37
3697,51
3698,42
3699,79
3700,8
3701,85
3702,68
3703,69
3704,8
3705,68
3706,102
3707,6
3708,31
3709,72
3710,31
3711,33
3712,102
3713,83
3714,105
3715,74
3716,69
3717,86
3718,78
3719,36
3720,33
3721,69
3722,66
3723,3
3724,35
3725,24
3726,49
3727,72
3728,64
3729,64
3730,102
3731,105
3732,53
3733,86
3734,105
3735,51
3736,46
3737,91
3738,74
3739,42
3740,46
3741,78
3742,14
3743,74
3744,72
3745,37
3746,72
3747,64
3748,66
3749,79
3750,42
3751,86
3752,60
3753,95
3754,7
3755,3
3756,69
3757,46
3758,85
3759,105
3760,6
3761,66
3762,83
3763,102
3764,4
3765,6
3766,47
3767,105
3768,3
3769,74
3770,91
3771,74
3772,14
3773,37
3774,86
3775,8
3776,74
3777,24
3778,71
3779,53
3780,74
3781,32
3782,35
3783,51
3784,18
3785,79
3786,60
3787,86
3788,70
3789,36
3790,83
3791,14
3792,47
3793,86
3794,35
3795,31
3796,105
3797,6
3798,42
3799,71
3800,68
3801,7
3802,18
3803,36
3804,74
3805,71
3806,83
3807,53
3808,42
3809,105
3810,53
3811,33
3812,87
3813,18
3814,24
3815,66
3816,53
3817,78
3818,78
3819,53
3820,30
3821,69
3822,70
3823,14
3824,87
3825,91
3826,72
3827,3
3828,33
3829,102
3830,6
3831,60
3832,83
3833,33
3834,86
3835,3
3836,4
3837,30
3838,86
3839,69
3840,35
3841,32
3842,14
3843,78
3844,14
3845,3
3846,83
3847,8
3848,6
3849,74
3850,51
3851,42
3852,69
3853,83
3854,83
3855,79
3856,49
3857,18
3858,83
3859,74
3860,79
3861,68
3862,69
3863,6
3864,53
3865,14
3866,86
3867,72
3868,95
3869,51
3870,14
3871,68
3872,36
3873,105
3874,51
3875,105
3876,64
3877,24
3878,72
3879,6
3880,31
3881,18
3882,51
3883,78
3884,66
3885,87
3886,91
3887,42
3888,78
3889,68
3890,8
3891,36
3892,70
3893,47
3894,32
3895,30
3896,49
3897,66
3898,30
3899,47
3900,35
3901,66
3902,86
3903,18
3904,86
3905,24
3906,64
3907,91
3908,66
3909,30
3910,49
3911,24
3912,74
3913,33
3914,83
3915,105
3916,68
3917,8
3918,37
3919,18
3920,83
3921,6
3922,83
3923,32
3924,35
3925,8
3926,37
3927,53
3928,66
3929,49
3930,66
3931,74
3932,83
3933,42
3934,37
3935,68
3936,37
3937,24
3938,49
3939,36
3940,18
3941,53
3942,18
3943,64
3944,24
3945,105
3946,79
3947,74
3948,53
3949,64
3950,51
3951,37
3952,8
3953,6
3954,32
3955,6
3956,8
3957,64
3958,86
3959,49
3960,37
3961,102
3962,51
3963,66
3964,51
3965,32
3966,68
3967,14
3968,72
3969,72
3970,30
3971,47
3972,69
3973,87
3974,24
3975,95
3976,35
3977,105
3978,74
3979,95
3980,24
3981,47
3982,53
3983,37
3984,32
3985,24
3986,53
3987,66
3988,49
3989,74
3990,87
3991,91
3992,91
3993,37
3994,6
3995,6
3996,66
3997,30
3998,53
3999,83
4000,6
