1,31
2,37
3,21
4,4
5,1
6,18
7,5
8,5
9,15
10,32
11,31
12,26
13,21
14,36
15,1
16,26
17,4
18,36
19,31
20,10
21,12
22,8
23,31
24,37
25,4
26,32
27,21
28,15
29,19
30,35
31,21
32,38
33,31
34,11
35,9
36,38
37,36
38,4
39,16
40,13
41,37
42,7
43,5
44,16
45,24
46,15
47,17
48,31
49,32
50,15
51,23
52,28
53,36
54,2
55,38
56,21
57,4
58,6
59,23
60,1
61,15
62,30
63,17
64,17
65,21
66,14
67,3
68,1
69,8
70,34
71,10
72,1
73,16
74,31
75,34
76,25
77,32
78,32
79,14
80,32
81,32
82,31
83,26
84,32
85,35
86,35
87,31
88,25
89,38
90,34
91,4
92,6
93,28
94,4
95,9
96,4
97,5
98,19
99,21
100,8
101,16
102,32
103,9
104,11
105,3
106,8
107,14
108,23
109,32
110,2
111,2
112,32
113,32
114,24
115,8
116,19
117,32
118,1
119,14
120,1
121,32
122,34
123,5
124,38
125,35
126,12
127,4
128,31
129,38
130,34
131,36
132,32
133,14
134,37
135,35
136,36
137,9
138,28
139,34
140,4
141,21
142,28
143,6
144,15
145,35
146,11
147,22
148,36
149,35
150,7
151,15
152,18
153,17
154,29
155,19
156,37
157,3
158,32
159,10
160,19
161,23
162,22
163,4
164,31
165,13
166,26
167,21
168,3
169,21
170,22
171,16
172,21
173,28
174,9
175,11
176,25
177,21
178,33
179,8
180,4
181,27
182,38
183,35
184,27
185,27
186,15
187,31
188,30
189,13
190,25
191,34
192,36
193,34
194,8
195,8
196,16
197,16
198,32
199,2
200,37
201,22
202,24
203,16
204,36
205,37
206,22
207,28
208,16
209,32
210,3
211,13
212,10
213,12
214,32
215,19
216,2
217,13
218,37
219,20
220,16
221,35
222,15
223,28
224,4
225,1
226,27
227,13
228,1
229,34
230,33
231,16
232,26
233,28
234,3
235,1
236,14
237,15
238,13
239,5
240,20
241,4
242,31
243,34
244,37
245,27
246,31
247,28
248,16
249,23
250,7
251,21
252,7
253,16
254,23
255,28
256,28
257,26
258,26
259,37
260,28
261,33
262,21
263,34
264,24
265,12
266,18
267,14
268,1
269,19
270,3
271,9
272,34
273,13
274,15
275,1
276,21
277,28
278,24
279,31
280,28
281,21
282,34
283,8
284,9
285,30
286,32
287,19
288,32
289,11
290,19
291,21
292,9
293,23
294,13
295,13
296,15
297,26
298,21
299,3
300,24
301,17
302,15
303,32
304,34
305,29
306,1
307,20
308,22
309,27
310,2
311,1
312,9
313,17
314,35
315,20
316,21
317,34
318,21
319,5
320,8
321,8
322,9
323,32
324,16
325,22
326,9
327,24
328,26
329,36
330,31
331,14
332,3
333,9
334,2
335,9
336,4
337,28
338,15
339,15
340,15
341,34
342,6
343,34
344,35
345,2
346,28
347,34
348,24
349,16
350,27
351,31
352,32
353,16
354,9
355,14
356,15
357,25
358,8
359,3
360,15
361,21
362,18
363,37
364,34
365,10
366,1
367,15
368,34
369,5
370,27
371,35
372,21
373,21
374,13
375,2
376,20
377,9
378,38
379,6
380,24
381,5
382,30
383,4
384,6
385,8
386,21
387,4
388,26
389,5
390,35
391,31
392,20
393,22
394,21
395,15
396,29
397,13
398,18
399,15
400,34
401,17
402,25
403,4
404,19
405,32
406,26
407,34
408,8
409,13
410,23
411,15
412,37
413,28
414,11
415,16
416,32
417,21
418,1
419,28
420,15
421,16
422,28
423,8
424,13
425,32
426,8
427,18
428,22
429,28
430,9
431,26
432,17
433,25
434,10
435,27
436,26
437,5
438,17
439,8
440,9
441,32
442,37
443,8
444,15
445,7
446,29
447,27
448,30
449,11
450,16
451,31
452,8
453,27
454,36
455,29
456,8
457,14
458,5
459,23
460,3
461,17
462,32
463,22
464,2
465,3
466,32
467,5
468,23
469,34
470,16
471,32
472,21
473,19
474,33
475,4
476,21
477,3
478,9
479,8
480,15
481,37
482,21
483,8
484,18
485,31
486,17
487,4
488,5
489,9
490,28
491,10
492,34
493,21
494,34
495,16
496,25
497,9
498,17
499,9
500,1
501,38
502,32
503,34
504,34
505,19
506,32
507,34
508,21
509,36
510,25
511,15
512,14
513,25
514,16
515,2
516,2
517,28
518,31
519,15
520,11
521,31
522,3
523,22
524,16
525,8
526,16
527,15
528,26
529,36
530,21
531,34
532,18
533,9
534,3
535,8
536,28
537,4
538,5
539,33
540,3
541,34
542,2
543,38
544,21
545,33
546,3
547,16
548,15
549,4
550,33
551,23
552,12
553,4
554,37
555,8
556,28
557,25
558,36
559,34
560,38
561,24
562,17
563,15
564,1
565,36
566,28
567,20
568,19
569,8
570,4
571,12
572,2
573,23
574,34
575,9
576,34
577,9
578,19
579,21
580,2
581,31
582,18
583,34
584,9
585,29
586,5
587,29
588,31
589,14
590,15
591,37
592,24
593,21
594,36
595,15
596,36
597,8
598,4
599,34
600,21
601,15
602,4
603,32
604,9
605,32
606,34
607,19
608,30
609,2
610,4
611,17
612,27
613,9
614,8
615,21
616,1
617,6
618,4
619,35
620,5
621,15
622,11
623,34
624,28
625,14
626,3
627,17
628,1
629,8
630,34
631,10
632,16
633,13
634,12
635,37
636,36
637,34
638,38
639,15
640,35
641,21
642,9
643,9
644,15
645,31
646,27
647,9
648,30
649,38
650,8
651,22
652,14
653,34
654,34
655,30
656,16
657,9
658,34
659,13
660,22
661,9
662,9
663,7
664,15
665,5
666,9
667,2
668,37
669,34
670,8
671,35
672,37
673,25
674,37
675,24
676,9
677,36
678,31
679,36
680,24
681,9
682,13
683,21
684,9
685,28
686,5
687,23
688,23
689,38
690,15
691,15
692,25
693,9
694,5
695,32
696,24
697,5
698,8
699,23
700,1
701,16
702,8
703,19
704,18
705,26
706,18
707,15
708,19
709,34
710,22
711,3
712,19
713,18
714,34
715,36
716,12
717,36
718,37
719,17
720,16
721,8
722,25
723,8
724,23
725,27
726,38
727,1
728,8
729,2
730,17
731,20
732,2
733,9
734,14
735,2
736,21
737,1
738,21
739,18
740,19
741,16
742,4
743,22
744,15
745,38
746,29
747,2
748,5
749,28
750,1
751,23
752,17
753,32
754,8
755,38
756,5
757,28
758,28
759,2
760,34
761,15
762,11
763,11
764,5
765,31
766,5
767,30
768,13
769,27
770,34
771,9
772,1
773,5
774,12
775,36
776,26
777,35
778,38
779,8
780,15
781,34
782,9
783,31
784,4
785,28
786,13
787,6
788,26
789,6
790,2
791,18
792,30
793,23
794,9
795,16
796,29
797,34
798,28
799,4
800,4
801,25
802,23
803,28
804,35
805,17
806,28
807,21
808,14
809,19
810,25
811,31
812,17
813,28
814,4
815,16
816,3
817,36
818,34
819,28
820,21
821,13
822,25
823,21
824,7
825,36
826,33
827,36
828,32
829,28
830,31
831,34
832,3
833,21
834,37
835,38
836,25
837,17
838,1
839,10
840,3
841,15
842,5
843,37
844,1
845,34
846,13
847,9
848,4
849,8
850,17
851,35
852,3
853,17
854,38
855,1
856,31
857,33
858,3
859,38
860,6
861,1
862,34
863,31
864,21
865,31
866,10
867,5
868,1
869,9
870,16
871,21
872,21
873,37
874,8
875,11
876,22
877,17
878,1
879,34
880,34
881,1
882,25
883,13
884,8
885,10
886,12
887,36
888,7
889,25
890,2
891,32
892,19
893,34
894,5
895,9
896,13
897,19
898,1
899,5
900,2
901,20
902,19
903,1
904,32
905,15
906,5
907,5
908,13
909,21
910,31
911,4
912,8
913,5
914,34
915,28
916,5
917,29
918,29
919,6
920,32
921,31
922,22
923,9
924,8
925,6
926,7
927,8
928,34
929,9
930,5
931,17
932,16
933,27
934,13
935,19
936,9
937,3
938,21
939,17
940,28
941,16
942,28
943,8
944,21
945,3
946,23
947,30
948,8
949,12
950,8
951,10
952,5
953,24
954,38
955,7
956,13
957,15
958,5
959,28
960,19
961,19
962,14
963,30
964,30
965,24
966,23
967,1
968,4
969,36
970,16
971,38
972,4
973,23
974,5
975,28
976,38
977,29
978,26
979,31
980,17
981,28
982,3
983,32
984,22
985,31
986,3
987,34
988,26
989,16
990,32
991,32
992,9
993,21
994,4
995,17
996,18
997,4
998,38
999,3
1000,27
1001,34
1002,26
1003,32
1004,23
1005,34
1006,13
1007,4
1008,33
1009,8
1010,9
1011,13
1012,27
1013,16
1014,9
1015,26
1016,6
1017,4
1018,30
1019,1
1020,31
1021,4
1022,9
1023,16
1024,7
1025,9
1026,19
1027,8
1028,28
1029,3
1030,31
1031,38
1032,38
1033,28
1034,33
1035,38
1036,9
1037,25
1038,9
1039,9
1040,34
1041,2
1042,19
1043,16
1044,22
1045,30
1046,2
1047,7
1048,28
1049,19
1050,1
1051,16
1052,24
1053,31
1054,2
1055,25
1056,26
1057,3
1058,3
1059,15
1060,5
1061,32
1062,38
1063,11
1064,27
1065,28
1066,34
1067,2
1068,5
1069,30
1070,19
1071,31
1072,34
1073,31
1074,11
1075,31
1076,16
1077,11
1078,16
1079,9
1080,34
1081,17
1082,16
1083,16
1084,20
1085,15
1086,17
1087,26
1088,4
1089,21
1090,19
1091,35
1092,23
1093,5
1094,9
1095,28
1096,16
1097,6
1098,33
1099,5
1100,8
1101,8
1102,14
1103,20
1104,3
1105,3
1106,34
1107,14
1108,31
1109,37
1110,4
1111,10
1112,7
1113,3
1114,30
1115,31
1116,4
1117,32
1118,6
1119,36
1120,31
1121,8
1122,3
1123,11
1124,22
1125,37
1126,31
1127,11
1128,15
1129,31
1130,26
1131,14
1132,3
1133,37
1134,13
1135,16
1136,6
1137,34
1138,19
1139,28
1140,4
1141,7
1142,37
1143,31
1144,32
1145,38
1146,28
1147,21
1148,4
1149,17
1150,34
1151,22
1152,13
1153,32
1154,17
1155,3
1156,34
1157,31
1158,27
1159,18
1160,27
1161,4
1162,2
1163,29
1164,34
1165,11
1166,36
1167,3
1168,33
1169,34
1170,31
1171,5
1172,28
1173,1
1174,35
1175,34
1176,24
1177,8
1178,11
1179,4
1180,10
1181,31
1182,13
1183,32
1184,38
1185,3
1186,9
1187,37
1188,38
1189,35
1190,8
1191,38
1192,18
1193,31
1194,38
1195,8
1196,13
1197,16
1198,8
1199,17
1200,12
1201,11
1202,15
1203,34
1204,31
1205,9
1206,15
1207,18
1208,5
1209,21
1210,32
1211,15
1212,8
1213,20
1214,20
1215,19
1216,10
1217,21
1218,20
1219,32
1220,23
1221,9
1222,8
1223,38
1224,15
1225,10
1226,16
1227,16
1228,21
1229,31
1230,26
1231,8
1232,5
1233,15
1234,23
1235,5
1236,23
1237,31
1238,38
1239,1
1240,25
1241,35
1242,32
1243,10
1244,17
1245,36
1246,13
1247,31
1248,15
1249,34
1250,17
1251,16
1252,8
1253,25
1254,26
1255,19
1256,21
1257,32
1258,34
1259,7
1260,1
1261,22
1262,32
1263,5
1264,17
1265,19
1266,34
1267,15
1268,32
1269,18
1270,9
1271,15
1272,32
1273,26
1274,26
1275,28
1276,5
1277,31
1278,3
1279,38
1280,16
1281,21
1282,5
1283,24
1284,1
1285,1
1286,37
1287,21
1288,23
1289,38
1290,2
1291,8
1292,1
1293,10
1294,2
1295,3
1296,28
1297,28
1298,34
1299,8
1300,19
1301,1
1302,16
1303,5
1304,37
1305,25
1306,32
1307,38
1308,15
1309,5
1310,34
1311,32
1312,28
1313,30
1314,8
1315,19
1316,2
1317,13
1318,1
1319,23
1320,36
1321,1
1322,19
1323,4
1324,17
1325,4
1326,2
1327,24
1328,8
1329,5
1330,34
1331,30
1332,20
1333,26
1334,19
1335,3
1336,3
1337,9
1338,16
1339,21
1340,2
1341,35
1342,5
1343,16
1344,33
1345,14
1346,26
1347,8
1348,17
1349,23
1350,15
1351,9
1352,37
1353,5
1354,34
1355,16
1356,19
1357,5
1358,1
1359,20
1360,26
1361,15
1362,1
1363,31
1364,36
1365,7
1366,28
1367,32
1368,28
1369,17
1370,21
1371,27
1372,31
1373,6
1374,4
1375,9
1376,28
1377,5
1378,27
1379,21
1380,22
1381,5
1382,15
1383,6
1384,27
1385,5
1386,27
1387,12
1388,22
1389,28
1390,4
1391,4
1392,31
1393,30
1394,9
1395,25
1396,38
1397,8
1398,36
1399,32
1400,3
1401,21
1402,34
1403,1
1404,15
1405,8
1406,30
1407,5
1408,14
1409,9
1410,16
1411,34
1412,1
1413,32
1414,35
1415,16
1416,23
1417,1
1418,15
1419,19
1420,4
1421,1
1422,15
1423,17
1424,34
1425,7
1426,5
1427,37
1428,6
1429,8
1430,36
1431,34
1432,15
1433,38
1434,15
1435,35
1436,2
1437,19
1438,21
1439,9
1440,22
1441,7
1442,10
1443,13
1444,32
1445,13
1446,20
1447,36
1448,38
1449,21
1450,13
1451,18
1452,1
1453,2
1454,12
1455,16
1456,15
1457,27
1458,17
1459,28
1460,19
1461,16
1462,26
1463,19
1464,34
1465,26
1466,15
1467,23
1468,2
1469,5
1470,21
1471,6
1472,8
1473,8
1474,15
1475,19
1476,20
1477,21
1478,9
1479,13
1480,4
1481,31
1482,22
1483,27
1484,34
1485,4
1486,36
1487,4
1488,11
1489,38
1490,13
1491,31
1492,11
1493,3
1494,32
1495,15
1496,13
1497,31
1498,4
1499,28
1500,2
1501,16
1502,1
1503,8
1504,30
1505,30
1506,10
1507,28
1508,31
1509,1
1510,15
1511,34
1512,19
1513,9
1514,26
1515,8
1516,24
1517,15
1518,5
1519,5
1520,7
1521,37
1522,29
1523,4
1524,25
1525,21
1526,5
1527,21
1528,5
1529,21
1530,14
1531,15
1532,1
1533,38
1534,15
1535,36
1536,16
1537,37
1538,3
1539,21
1540,1
1541,4
1542,3
1543,34
1544,37
1545,15
1546,32
1547,19
1548,32
1549,16
1550,1
1551,31
1552,23
1553,2
1554,21
1555,5
1556,14
1557,7
1558,32
1559,2
1560,1
1561,28
1562,1
1563,1
1564,16
1565,2
1566,21
1567,34
1568,6
1569,22
1570,5
1571,2
1572,31
1573,19
1574,21
1575,4
1576,24
1577,16
1578,36
1579,29
1580,29
1581,16
1582,32
1583,38
1584,35
1585,22
1586,1
1587,22
1588,35
1589,16
1590,37
1591,1
1592,18
1593,13
1594,26
1595,8
1596,36
1597,32
1598,16
1599,22
1600,19
1601,4
1602,15
1603,26
1604,8
1605,28
1606,4
1607,25
1608,38
1609,26
1610,21
1611,32
1612,5
1613,36
1614,25
1615,14
1616,1
1617,14
1618,17
1619,8
1620,1
1621,3
1622,31
1623,23
1624,34
1625,13
1626,19
1627,5
1628,21
1629,31
1630,5
1631,9
1632,14
1633,32
1634,10
1635,5
1636,4
1637,5
1638,30
1639,4
1640,36
1641,16
1642,1
1643,37
1644,32
1645,14
1646,8
1647,14
1648,23
1649,27
1650,8
1651,18
1652,30
1653,16
1654,2
1655,35
1656,27
1657,8
1658,16
1659,4
1660,5
1661,21
1662,28
1663,4
1664,1
1665,21
1666,7
1667,35
1668,12
1669,31
1670,3
1671,15
1672,28
1673,10
1674,25
1675,35
1676,31
1677,21
1678,28
1679,8
1680,6
1681,20
1682,31
1683,37
1684,34
1685,29
1686,38
1687,19
1688,1
1689,34
1690,34
1691,17
1692,30
1693,28
1694,28
1695,15
1696,21
1697,33
1698,1
1699,26
1700,3
1701,25
1702,19
1703,4
1704,8
1705,15
1706,7
1707,34
1708,3
1709,26
1710,15
1711,4
1712,18
1713,26
1714,31
1715,37
1716,8
1717,6
1718,35
1719,32
1720,26
1721,11
1722,19
1723,28
1724,31
1725,26
1726,27
1727,31
1728,38
1729,15
1730,3
1731,32
1732,2
1733,19
1734,31
1735,15
1736,14
1737,25
1738,9
1739,19
1740,31
1741,15
1742,21
1743,29
1744,32
1745,32
1746,21
1747,14
1748,1
1749,34
1750,30
1751,8
1752,32
1753,1
1754,14
1755,1
1756,32
1757,15
1758,34
1759,11
1760,35
1761,1
1762,38
1763,14
1764,3
1765,3
1766,16
1767,4
1768,7
1769,34
1770,4
1771,32
1772,37
1773,13
1774,16
1775,5
1776,3
1777,12
1778,22
1779,37
1780,23
1781,15
1782,5
1783,8
1784,34
1785,1
1786,26
1787,13
1788,22
1789,15
1790,15
1791,1
1792,2
1793,16
1794,14
1795,1
1796,26
1797,30
1798,33
1799,38
1800,35
1801,28
1802,22
1803,8
1804,20
1805,1
1806,28
1807,15
1808,9
1809,5
1810,1
1811,34
1812,21
1813,30
1814,22
1815,34
1816,35
1817,19
1818,26
1819,15
1820,26
1821,17
1822,34
1823,19
1824,8
1825,8
1826,4
1827,4
1828,3
1829,34
1830,35
1831,23
1832,1
1833,16
1834,14
1835,14
1836,37
1837,9
1838,22
1839,1
1840,15
1841,32
1842,26
1843,1
1844,8
1845,21
1846,19
1847,21
1848,1
1849,18
1850,32
1851,16
1852,26
1853,17
1854,38
1855,5
1856,31
1857,13
1858,11
1859,29
1860,35
1861,1
1862,30
1863,29
1864,9
1865,35
1866,6
1867,17
1868,24
1869,34
1870,4
1871,14
1872,22
1873,37
1874,1
1875,19
1876,3
1877,28
1878,21
1879,25
1880,38
1881,5
1882,31
1883,32
1884,5
1885,3
1886,9
1887,28
1888,37
1889,7
1890,1
1891,16
1892,1
1893,10
1894,1
1895,16
1896,5
1897,25
1898,36
1899,5
1900,15
1901,26
1902,21
1903,32
1904,13
1905,5
1906,38
1907,3
1908,37
1909,25
1910,15
1911,16
1912,5
1913,12
1914,4
1915,31
1916,8
1917,19
1918,19
1919,21
1920,7
1921,31
1922,18
1923,16
1924,34
1925,9
1926,28
1927,15
1928,35
1929,21
1930,11
1931,9
1932,17
1933,36
1934,4
1935,38
1936,8
1937,1
1938,33
1939,1
1940,38
1941,4
1942,32
1943,30
1944,15
1945,19
1946,3
1947,19
1948,16
1949,5
1950,19
1951,12
1952,12
1953,9
1954,24
1955,15
1956,9
1957,13
1958,21
1959,37
1960,5
1961,4
1962,21
1963,33
1964,26
1965,6
1966,32
1967,17
1968,30
1969,8
1970,13
1971,1
1972,15
1973,7
1974,27
1975,30
1976,15
1977,32
1978,36
1979,35
1980,28
1981,21
1982,29
1983,9
1984,23
1985,16
1986,8
1987,29
1988,34
1989,34
1990,14
1991,25
1992,27
1993,17
1994,29
1995,7
1996,23
1997,16
1998,30
1999,4
2000,9
2001,10
2002,22
2003,3
2004,33
2005,19
2006,28
2007,9
2008,14
2009,35
2010,12
2011,11
2012,4
2013,19
2014,2
2015,34
2016,15
2017,28
2018,26
2019,17
2020,35
2021,8
2022,9
2023,18
2024,24
2025,32
2026,2
2027,15
2028,26
2029,11
2030,32
2031,3
2032,24
2033,8
2034,1
2035,21
2036,28
2037,1
2038,1
2039,12
2040,35
2041,22
2042,8
2043,3
2044,36
2045,36
2046,21
2047,15
2048,34
2049,4
2050,32
2051,1
2052,7
2053,32
2054,1
2055,4
2056,16
2057,17
2058,30
2059,38
2060,34
2061,5
2062,14
2063,34
2064,35
2065,32
2066,31
2067,15
2068,34
2069,1
2070,16
2071,24
2072,15
2073,36
2074,9
2075,16
2076,3
2077,8
2078,1
2079,27
2080,3
2081,27
2082,17
2083,37
2084,4
2085,34
2086,8
2087,31
2088,31
2089,6
2090,14
2091,35
2092,12
2093,5
2094,21
2095,2
2096,5
2097,22
2098,18
2099,34
2100,18
2101,35
2102,31
2103,31
2104,30
2105,16
2106,9
2107,25
2108,16
2109,32
2110,1
2111,5
2112,2
2113,22
2114,4
2115,10
2116,10
2117,34
2118,25
2119,8
2120,2
2121,25
2122,34
2123,32
2124,21
2125,28
2126,34
2127,19
2128,38
2129,1
2130,21
2131,9
2132,32
2133,33
2134,1
2135,36
2136,21
2137,24
2138,32
2139,2
2140,3
2141,31
2142,15
2143,33
2144,4
2145,9
2146,3
2147,37
2148,20
2149,3
2150,17
2151,8
2152,7
2153,31
2154,32
2155,34
2156,21
2157,1
2158,5
2159,12
2160,28
2161,30
2162,26
2163,19
2164,16
2165,19
2166,32
2167,32
2168,16
2169,25
2170,36
2171,34
2172,21
2173,5
2174,34
2175,32
2176,9
2177,5
2178,28
2179,32
2180,9
2181,16
2182,8
2183,32
2184,29
2185,17
2186,33
2187,4
2188,31
2189,14
2190,32
2191,6
2192,13
2193,4
2194,4
2195,1
2196,9
2197,2
2198,35
2199,19
2200,17
2201,24
2202,5
2203,15
2204,4
2205,4
2206,2
2207,34
2208,9
2209,5
2210,23
2211,28
2212,31
2213,28
2214,8
2215,33
2216,1
2217,4
2218,8
2219,13
2220,3
2221,10
2222,5
2223,5
2224,37
2225,3
2226,7
2227,19
2228,25
2229,4
2230,21
2231,1
2232,1
2233,19
2234,34
2235,8
2236,34
2237,15
2238,34
2239,4
2240,8
2241,23
2242,9
2243,31
2244,31
2245,17
2246,8
2247,15
2248,3
2249,13
2250,35
2251,31
2252,18
2253,22
2254,37
2255,38
2256,3
2257,5
2258,16
2259,27
2260,23
2261,21
2262,28
2263,25
2264,29
2265,30
2266,5
2267,37
2268,2
2269,3
2270,24
2271,30
2272,1
2273,16
2274,1
2275,17
2276,25
2277,14
2278,21
2279,10
2280,8
2281,10
2282,16
2283,13
2284,32
2285,22
2286,34
2287,17
2288,6
2289,19
2290,32
2291,8
2292,34
2293,23
2294,15
2295,31
2296,21
2297,25
2298,26
2299,32
2300,9
2301,32
2302,9
2303,26
2304,8
2305,9
2306,28
2307,1
2308,9
2309,16
2310,5
2311,15
2312,11
2313,38
2314,13
2315,28
2316,31
2317,21
2318,14
2319,14
2320,27
2321,17
2322,1
2323,4
2324,1
2325,10
2326,16
2327,28
2328,32
2329,6
2330,34
2331,4
2332,25
2333,14
2334,31
2335,3
2336,32
2337,32
2338,23
2339,7
2340,21
2341,25
2342,4
2343,33
2344,28
2345,13
2346,34
2347,31
2348,12
2349,35
2350,37
2351,10
2352,36
2353,1
2354,35
2355,35
2356,34
2357,16
2358,15
2359,34
2360,15
2361,38
2362,34
2363,6
2364,5
2365,16
2366,34
2367,14
2368,28
2369,21
2370,5
2371,10
2372,3
2373,4
2374,11
2375,15
2376,19
2377,21
2378,25
2379,15
2380,28
2381,34
2382,18
2383,15
2384,38
2385,37
2386,16
2387,7
2388,34
2389,9
2390,17
2391,8
2392,31
2393,32
2394,3
2395,34
2396,18
2397,25
2398,32
2399,4
2400,26
2401,19
2402,35
2403,4
2404,36
2405,1
2406,12
2407,12
2408,19
2409,26
2410,8
2411,12
2412,8
2413,1
2414,8
2415,16
2416,34
2417,30
2418,21
2419,35
2420,8
2421,37
2422,31
2423,10
2424,13
2425,37
2426,31
2427,1
2428,1
2429,25
2430,9
2431,25
2432,1
2433,8
2434,32
2435,28
2436,8
2437,37
2438,4
2439,28
2440,34
2441,32
2442,27
2443,9
2444,7
2445,22
2446,26
2447,32
2448,6
2449,5
2450,5
2451,17
2452,8
2453,19
2454,2
2455,4
2456,3
2457,16
2458,4
2459,18
2460,37
2461,3
2462,35
2463,21
2464,17
2465,5
2466,7
2467,25
2468,9
2469,19
2470,13
2471,13
2472,21
2473,29
2474,29
2475,16
2476,28
2477,32
2478,32
2479,8
2480,9
2481,27
2482,23
2483,12
2484,34
2485,25
2486,33
2487,28
2488,4
2489,15
2490,21
2491,12
2492,27
2493,31
2494,3
2495,16
2496,28
2497,17
2498,3
2499,9
2500,18
2501,15
2502,31
2503,21
2504,34
2505,9
2506,21
2507,7
2508,35
2509,25
2510,15
2511,3
2512,26
2513,4
2514,9
2515,14
2516,20
2517,31
2518,9
2519,5
2520,1
2521,32
2522,33
2523,1
2524,31
2525,9
2526,6
2527,21
2528,6
2529,19
2530,31
2531,3
2532,15
2533,8
2534,30
2535,25
2536,4
2537,4
2538,12
2539,9
2540,36
2541,32
2542,3
2543,6
2544,22
2545,23
2546,21
2547,21
2548,21
2549,25
2550,23
2551,9
2552,36
2553,37
2554,34
2555,14
2556,15
2557,9
2558,23
2559,6
2560,18
2561,21
2562,9
2563,28
2564,30
2565,1
2566,37
2567,23
2568,21
2569,15
2570,26
2571,4
2572,24
2573,15
2574,18
2575,3
2576,35
2577,11
2578,22
2579,1
2580,28
2581,21
2582,19
2583,34
2584,4
2585,21
2586,21
2587,35
2588,2
2589,15
2590,24
2591,16
2592,34
2593,21
2594,3
2595,29
2596,3
2597,12
2598,1
2599,34
2600,5
2601,32
2602,9
2603,3
2604,18
2605,21
2606,9
2607,5
2608,15
2609,1
2610,7
2611,32
2612,34
2613,21
2614,13
2615,4
2616,15
2617,35
2618,21
2619,14
2620,19
2621,38
2622,10
2623,6
2624,4
2625,5
2626,32
2627,1
2628,25
2629,34
2630,15
2631,8
2632,12
2633,37
2634,22
2635,17
2636,36
2637,37
2638,26
2639,3
2640,16
2641,8
2642,13
2643,27
2644,21
2645,31
2646,20
2647,4
2648,19
2649,34
2650,31
2651,28
2652,5
2653,26
2654,21
2655,21
2656,16
2657,11
2658,36
2659,29
2660,9
2661,28
2662,36
2663,9
2664,23
2665,22
2666,21
2667,34
2668,3
2669,22
2670,8
2671,36
2672,17
2673,21
2674,7
2675,10
2676,13
2677,8
2678,34
2679,16
2680,15
2681,13
2682,32
2683,14
2684,32
2685,16
2686,14
2687,19
2688,8
2689,31
2690,8
2691,23
2692,5
2693,28
2694,34
2695,31
2696,17
2697,23
2698,34
2699,38
2700,32
2701,2
2702,29
2703,32
2704,29
2705,31
2706,3
2707,35
2708,2
2709,8
2710,38
2711,28
2712,4
2713,21
2714,22
2715,34
2716,25
2717,12
2718,9
2719,37
2720,31
2721,19
2722,32
2723,4
2724,28
2725,9
2726,25
2727,8
2728,1
2729,1
2730,25
2731,1
2732,32
2733,31
2734,32
2735,28
2736,25
2737,9
2738,31
2739,23
2740,13
2741,5
2742,15
2743,3
2744,27
2745,35
2746,22
2747,13
2748,32
2749,34
2750,26
2751,16
2752,7
2753,24
2754,16
2755,23
2756,25
2757,32
2758,26
2759,19
2760,5
2761,25
2762,9
2763,23
2764,11
2765,30
2766,36
2767,35
2768,28
2769,34
2770,33
2771,30
2772,33
2773,24
2774,14
2775,31
2776,9
2777,8
2778,37
2779,1
2780,28
2781,11
2782,1
2783,7
2784,33
2785,2
2786,28
2787,8
2788,15
2789,5
2790,14
2791,33
2792,30
2793,8
2794,2
2795,23
2796,15
2797,19
2798,16
2799,28
2800,25
2801,36
2802,15
2803,37
2804,32
2805,15
2806,35
2807,25
2808,1
2809,32
2810,9
2811,31
2812,38
2813,31
2814,1
2815,7
2816,18
2817,11
2818,29
2819,26
2820,9
2821,1
2822,3
2823,16
2824,22
2825,14
2826,21
2827,8
2828,16
2829,30
2830,1
2831,4
2832,4
2833,15
2834,26
2835,21
2836,9
2837,17
2838,17
2839,9
2840,24
2841,4
2842,11
2843,22
2844,20
2845,21
2846,24
2847,7
2848,24
2849,21
2850,2
2851,24
2852,31
2853,16
2854,15
2855,21
2856,31
2857,32
2858,32
2859,3
2860,35
2861,8
2862,5
2863,9
2864,32
2865,21
2866,1
2867,1
2868,19
2869,6
2870,5
2871,9
2872,9
2873,19
2874,2
2875,32
2876,12
2877,23
2878,28
2879,28
2880,20
2881,27
2882,11
2883,17
2884,4
2885,35
2886,20
2887,35
2888,34
2889,27
2890,33
2891,21
2892,17
2893,3
2894,22
2895,31
2896,25
2897,28
2898,21
2899,28
2900,34
2901,3
2902,34
2903,3
2904,24
2905,4
2906,38
2907,31
2908,38
2909,1
2910,36
2911,6
2912,15
2913,26
2914,9
2915,6
2916,4
2917,29
2918,31
2919,13
2920,19
2921,14
2922,31
2923,8
2924,4
2925,5
2926,25
2927,9
2928,16
2929,38
2930,30
2931,11
2932,1
2933,35
2934,26
2935,29
2936,9
2937,4
2938,31
2939,21
2940,5
2941,3
2942,8
2943,26
2944,15
2945,11
2946,16
2947,4
2948,16
2949,5
2950,1
2951,3
2952,15
2953,1
2954,5
2955,9
2956,21
2957,34
2958,15
2959,36
2960,34
2961,22
2962,23
2963,2
2964,10
2965,28
2966,3
2967,10
2968,34
2969,20
2970,21
2971,21
2972,35
2973,8
2974,8
2975,8
2976,34
2977,28
2978,21
2979,15
2980,31
2981,31
2982,1
2983,7
2984,4
2985,14
2986,17
2987,38
2988,16
2989,36
2990,15
2991,3
2992,35
2993,31
2994,31
2995,28
2996,21
2997,21
2998,2
2999,6
3000,11
3001,28
3002,31
3003,25
3004,30
3005,3
3006,31
3007,5
3008,9
3009,16
3010,25
3011,21
3012,16
3013,16
3014,31
3015,23
3016,38
3017,8
3018,20
3019,1
3020,14
3021,37
3022,31
3023,14
3024,8
3025,28
3026,27
3027,1
3028,26
3029,19
3030,37
3031,1
3032,8
3033,21
3034,9
3035,17
3036,11
3037,2
3038,3
3039,4
3040,32
3041,9
3042,21
3043,32
3044,31
3045,3
3046,20
3047,16
3048,2
3049,38
3050,9
3051,12
3052,8
3053,5
3054,21
3055,1
3056,13
3057,23
3058,31
3059,8
3060,8
3061,21
3062,31
3063,16
3064,31
3065,36
3066,24
3067,1
3068,28
3069,1
3070,14
3071,8
3072,21
3073,14
3074,13
3075,31
3076,22
3077,1
3078,5
3079,31
3080,16
3081,15
3082,15
3083,12
3084,12
3085,26
3086,33
3087,27
3088,14
3089,34
3090,29
3091,34
3092,19
3093,4
3094,5
3095,21
3096,17
3097,3
3098,8
3099,9
3100,9
3101,17
3102,31
3103,16
3104,1
3105,1
3106,6
3107,16
3108,31
3109,8
3110,12
3111,25
3112,9
3113,3
3114,25
3115,36
3116,8
3117,26
3118,2
3119,12
3120,35
3121,34
3122,26
3123,34
3124,8
3125,9
3126,16
3127,5
3128,9
3129,27
3130,23
3131,34
3132,28
3133,36
3134,25
3135,34
3136,9
3137,9
3138,21
3139,3
3140,16
3141,25
3142,1
3143,6
3144,19
3145,1
3146,30
3147,30
3148,25
3149,15
3150,11
3151,5
3152,25
3153,4
3154,35
3155,26
3156,21
3157,13
3158,33
3159,26
3160,34
3161,28
3162,9
3163,21
3164,5
3165,32
3166,22
3167,1
3168,34
3169,9
3170,22
3171,24
3172,28
3173,19
3174,12
3175,3
3176,22
3177,3
3178,28
3179,17
3180,20
3181,37
3182,28
3183,9
3184,9
3185,30
3186,30
3187,29
3188,13
3189,3
3190,29
3191,33
3192,37
3193,8
3194,32
3195,22
3196,21
3197,4
3198,16
3199,35
3200,29
3201,32
3202,21
3203,12
3204,30
3205,22
3206,21
3207,27
3208,16
3209,37
3210,38
3211,34
3212,34
3213,37
3214,34
3215,32
3216,16
3217,36
3218,4
3219,4
3220,23
3221,36
3222,32
3223,15
3224,35
3225,5
3226,19
3227,8
3228,26
3229,13
3230,8
3231,8
3232,36
3233,9
3234,9
3235,16
3236,2
3237,38
3238,22
3239,21
3240,6
3241,10
3242,34
3243,31
3244,34
3245,35
3246,20
3247,36
3248,28
3249,34
3250,10
3251,34
3252,34
3253,9
3254,1
3255,10
3256,10
3257,34
3258,15
3259,21
3260,27
3261,34
3262,9
3263,29
3264,37
3265,24
3266,19
3267,10
3268,20
3269,36
3270,21
3271,16
3272,35
3273,21
3274,32
3275,5
3276,29
3277,4
3278,11
3279,23
3280,16
3281,34
3282,29
3283,20
3284,34
3285,38
3286,22
3287,9
3288,25
3289,28
3290,34
3291,16
3292,15
3293,31
3294,32
3295,7
3296,19
3297,21
3298,21
3299,16
3300,18
3301,21
3302,13
3303,6
3304,12
3305,9
3306,1
3307,8
3308,13
3309,8
3310,20
3311,22
3312,15
3313,17
3314,34
3315,3
3316,21
3317,26
3318,26
3319,4
3320,4
3321,9
3322,35
3323,21
3324,15
3325,15
3326,37
3327,29
3328,1
3329,4
3330,8
3331,32
3332,32
3333,15
3334,7
3335,34
3336,9
3337,23
3338,32
3339,6
3340,21
3341,21
3342,35
3343,26
3344,22
3345,23
3346,8
3347,1
3348,19
3349,21
3350,20
3351,13
3352,3
3353,26
3354,25
3355,3
3356,29
3357,15
3358,5
3359,2
3360,36
3361,4
3362,32
3363,17
3364,33
3365,6
3366,21
3367,35
3368,9
3369,31
3370,37
3371,34
3372,2
3373,36
3374,5
3375,36
3376,25
3377,6
3378,4
3379,31
3380,35
3381,26
3382,5
3383,8
3384,35
3385,1
3386,15
3387,33
3388,5
3389,23
3390,36
3391,8
3392,4
3393,9
3394,30
3395,21
3396,21
3397,21
3398,17
3399,21
3400,13
3401,3
3402,8
3403,9
3404,21
3405,38
3406,5
3407,34
3408,15
3409,5
3410,24
3411,9
3412,26
3413,37
3414,29
3415,5
3416,25
3417,23
3418,28
3419,25
3420,32
3421,7
3422,32
3423,29
3424,21
3425,4
3426,21
3427,36
3428,21
3429,9
3430,3
3431,16
3432,16
3433,18
3434,32
3435,1
3436,28
3437,9
3438,26
3439,13
3440,7
3441,35
3442,28
3443,28
3444,30
3445,25
3446,15
3447,28
3448,13
3449,20
3450,17
3451,1
3452,4
3453,38
3454,4
3455,34
3456,13
3457,14
3458,31
3459,32
3460,36
3461,35
3462,31
3463,17
3464,2
3465,19
3466,9
3467,34
3468,21
3469,16
3470,8
3471,33
3472,21
3473,1
3474,25
3475,22
3476,32
3477,31
3478,35
3479,34
3480,30
3481,32
3482,5
3483,26
3484,1
3485,23
3486,8
3487,21
3488,9
3489,15
3490,9
3491,26
3492,13
3493,32
3494,2
3495,3
3496,16
3497,10
3498,17
3499,15
3500,38
3501,4
3502,8
3503,18
3504,22
3505,34
3506,28
3507,14
3508,34
3509,23
3510,1
3511,15
3512,6
3513,13
3514,1
3515,21
3516,18
3517,5
3518,32
3519,35
3520,37
3521,19
3522,16
3523,14
3524,34
3525,8
3526,3
3527,9
3528,21
3529,18
3530,28
3531,4
3532,8
3533,5
3534,26
3535,34
3536,5
3537,20
3538,36
3539,35
3540,21
3541,1
3542,22
3543,19
3544,1
3545,2
3546,21
3547,11
3548,9
3549,1
3550,20
3551,9
3552,6
3553,15
3554,38
3555,24
3556,31
3557,14
3558,38
3559,7
3560,11
3561,4
3562,2
3563,5
3564,16
3565,5
3566,1
3567,19
3568,18
3569,23
3570,38
3571,9
3572,1
3573,1
3574,19
3575,15
3576,16
3577,23
3578,18
3579,28
3580,27
3581,15
3582,38
3583,10
3584,1
3585,11
3586,35
3587,34
3588,8
3589,15
3590,9
3591,9
3592,23
3593,16
3594,31
3595,30
3596,9
3597,1
3598,37
3599,34
3600,28
3601,25
3602,29
3603,1
3604,36
3605,3
3606,15
3607,31
3608,16
3609,4
3610,1
3611,22
3612,34
3613,32
3614,33
3615,7
3616,33
3617,1
3618,18
3619,32
3620,9
3621,21
3622,16
3623,20
3624,1
3625,22
3626,35
3627,2
3628,34
3629,5
3630,1
3631,21
3632,23
3633,15
3634,10
3635,11
3636,8
3637,4
3638,30
3639,38
3640,28
3641,28
3642,30
3643,36
3644,11
3645,30
3646,5
3647,37
3648,1
3649,16
3650,5
3651,6
3652,21
3653,33
3654,34
3655,15
3656,31
3657,21
3658,19
3659,15
3660,31
3661,4
3662,1
3663,10
3664,32
3665,11
3666,23
3667,4
3668,21
3669,36
3670,3
3671,8
3672,28
3673,17
3674,33
3675,2
3676,34
3677,28
3678,8
3679,5
3680,6
3681,28
3682,33
3683,12
3684,32
3685,3
3686,16
3687,35
3688,36
3689,17
3690,14
3691,16
3692,3
3693,28
3694,15
3695,8
3696,14
3697,34
3698,15
3699,27
3700,15
3701,26
3702,16
3703,28
3704,18
3705,22
3706,8
3707,2
3708,34
3709,5
3710,15
3711,21
3712,14
3713,21
3714,30
3715,31
3716,28
3717,4
3718,22
3719,19
3720,21
3721,7
3722,3
3723,9
3724,27
3725,5
3726,36
3727,16
3728,15
3729,34
3730,19
3731,7
3732,6
3733,15
3734,9
3735,35
3736,9
3737,33
3738,3
3739,4
3740,35
3741,1
3742,16
3743,1
3744,20
3745,3
3746,4
3747,30
3748,30
3749,3
3750,12
3751,5
3752,1
3753,12
3754,1
3755,38
3756,3
3757,37
3758,13
3759,15
3760,21
3761,8
3762,8
3763,27
3764,12
3765,5
3766,28
3767,9
3768,28
3769,31
3770,20
3771,26
3772,29
3773,23
3774,33
3775,21
3776,21
3777,26
3778,4
3779,34
3780,5
3781,38
3782,5
3783,33
3784,36
3785,3
3786,2
3787,25
3788,32
3789,32
3790,4
3791,18
3792,35
3793,11
3794,15
3795,26
3796,8
3797,1
3798,36
3799,9
3800,21
3801,9
3802,1
3803,6
3804,6
3805,6
3806,21
3807,28
3808,2
3809,8
3810,28
3811,9
3812,28
3813,21
3814,10
3815,14
3816,15
3817,34
3818,19
3819,4
3820,26
3821,34
3822,5
3823,13
3824,5
3825,38
3826,34
3827,32
3828,28
3829,4
3830,15
3831,9
3832,34
3833,20
3834,2
3835,2
3836,19
3837,9
3838,24
3839,16
3840,21
3841,14
3842,33
3843,12
3844,31
3845,29
3846,23
3847,19
3848,5
3849,9
3850,9
3851,4
3852,15
3853,4
3854,5
3855,10
3856,4
3857,26
3858,19
3859,25
3860,18
3861,34
3862,5
3863,5
3864,28
3865,24
3866,28
3867,13
3868,36
3869,32
3870,27
3871,3
3872,4
3873,32
3874,35
3875,15
3876,21
3877,15
3878,23
3879,1
3880,9
3881,36
3882,25
3883,32
3884,5
3885,36
3886,25
3887,36
3888,16
3889,6
3890,5
3891,8
3892,25
3893,2
3894,31
3895,28
3896,23
3897,4
3898,5
3899,8
3900,18
3901,21
3902,10
3903,26
3904,17
3905,17
3906,1
3907,9
3908,32
3909,10
3910,4
3911,25
3912,33
3913,8
3914,2
3915,14
3916,32
3917,8
3918,29
3919,10
3920,21
3921,23
3922,32
3923,4
3924,5
3925,33
3926,8
3927,8
3928,9
3929,21
3930,16
3931,33
3932,28
3933,19
3934,11
3935,5
3936,20
3937,30
3938,28
3939,31
3940,6
3941,23
3942,8
3943,17
3944,21
3945,4
3946,24
3947,14
3948,9
3949,5
3950,28
3951,35
3952,7
3953,15
3954,33
3955,8
3956,16
3957,9
3958,34
3959,12
3960,35
3961,34
3962,36
3963,4
3964,32
3965,29
3966,8
3967,2
3968,31
3969,12
3970,16
3971,17
3972,1
3973,20
3974,8
3975,21
3976,24
3977,26
3978,36
3979,1
3980,9
3981,33
3982,22
3983,5
3984,20
3985,4
3986,15
3987,23
3988,8
3989,34
3990,33
3991,15
3992,36
3993,31
3994,23
3995,33
3996,32
3997,36
3998,31
3999,19
4000,32
4001,34
4002,3
4003,13
4004,17
4005,1
4006,16
4007,36
4008,9
4009,24
4010,9
4011,23
4012,36
4013,24
4014,16
4015,1
4016,16
4017,25
4018,25
4019,9
4020,15
4021,15
4022,32
4023,31
4024,6
4025,8
4026,17
4027,10
4028,23
4029,34
4030,34
4031,26
4032,16
4033,34
4034,16
4035,15
4036,21
4037,10
4038,5
4039,38
4040,9
4041,4
4042,34
4043,15
4044,13
4045,22
4046,32
4047,20
4048,21
4049,21
4050,5
4051,32
4052,10
4053,34
4054,30
4055,26
4056,15
4057,33
4058,18
4059,3
4060,37
4061,27
4062,7
4063,23
4064,23
4065,8
4066,19
4067,9
4068,22
4069,14
4070,12
4071,36
4072,27
4073,12
4074,22
4075,1
4076,16
4077,16
4078,25
4079,16
4080,9
4081,12
4082,25
4083,6
4084,4
4085,21
4086,34
4087,28
4088,19
4089,34
4090,16
4091,15
4092,32
4093,16
4094,31
4095,15
4096,10
4097,19
4098,9
4099,24
4100,33
4101,27
4102,1
4103,28
4104,9
4105,6
4106,37
4107,16
4108,27
4109,32
4110,22
4111,33
4112,10
4113,8
4114,19
4115,32
4116,34
4117,3
4118,4
4119,19
4120,1
4121,17
4122,22
4123,1
4124,23
4125,13
4126,34
4127,26
4128,12
4129,9
4130,15
4131,36
4132,9
4133,2
4134,27
4135,4
4136,2
4137,26
4138,30
4139,22
4140,17
4141,10
4142,35
4143,33
4144,22
4145,16
4146,28
4147,2
4148,16
4149,32
4150,34
4151,36
4152,16
4153,1
4154,26
4155,4
4156,21
4157,5
4158,9
4159,22
4160,34
4161,11
4162,38
4163,35
4164,18
4165,1
4166,26
4167,36
4168,1
4169,8
4170,3
4171,9
4172,2
4173,15
4174,27
4175,16
4176,20
4177,34
4178,9
4179,2
4180,2
4181,4
4182,12
4183,9
4184,15
4185,34
4186,2
4187,1
4188,25
4189,8
4190,31
4191,6
4192,18
4193,8
4194,9
4195,35
4196,21
4197,1
4198,4
4199,26
4200,8
4201,24
4202,8
4203,1
4204,32
4205,17
4206,21
4207,31
4208,33
4209,24
4210,16
4211,8
4212,5
4213,9
4214,9
4215,9
4216,27
4217,9
4218,26
4219,17
4220,28
4221,22
4222,27
4223,5
4224,4
4225,32
4226,15
4227,21
4228,4
4229,1
4230,30
4231,8
4232,15
4233,32
4234,17
4235,26
4236,9
4237,35
4238,3
4239,36
4240,32
4241,19
4242,31
4243,30
4244,20
4245,37
4246,7
4247,7
4248,1
4249,37
4250,6
4251,33
4252,24
4253,20
4254,19
4255,4
4256,19
4257,11
4258,32
4259,35
4260,21
4261,4
4262,16
4263,9
4264,36
4265,23
4266,3
4267,38
4268,34
4269,4
4270,3
4271,21
4272,21
4273,23
4274,1
4275,32
4276,16
4277,37
4278,14
4279,2
4280,17
4281,38
4282,1
4283,21
4284,32
4285,28
4286,3
4287,28
4288,36
4289,8
4290,19
4291,13
4292,20
4293,36
4294,37
4295,38
4296,3
4297,7
4298,21
4299,9
4300,8
4301,1
4302,31
4303,1
4304,21
4305,6
4306,31
4307,25
4308,26
4309,32
4310,33
4311,25
4312,32
4313,9
4314,33
4315,2
4316,19
4317,12
4318,25
4319,1
4320,27
4321,25
4322,25
4323,22
4324,25
4325,24
4326,15
4327,1
4328,21
4329,35
4330,19
4331,5
4332,19
4333,1
4334,8
4335,23
4336,33
4337,33
4338,34
4339,9
4340,34
4341,31
4342,8
4343,2
4344,38
4345,22
4346,31
4347,36
4348,25
4349,14
4350,5
4351,7
4352,9
4353,16
4354,14
4355,36
4356,16
4357,37
4358,26
4359,31
4360,32
4361,26
4362,32
4363,21
4364,26
4365,1
4366,5
4367,16
4368,25
4369,19
4370,1
4371,33
4372,7
4373,38
4374,36
4375,1
4376,23
4377,24
4378,3
4379,8
4380,28
4381,15
4382,21
4383,4
4384,27
4385,21
4386,23
4387,15
4388,15
4389,25
4390,34
4391,1
4392,36
4393,9
4394,20
4395,32
4396,20
4397,31
4398,5
4399,31
4400,31
4401,24
4402,15
4403,31
4404,31
4405,21
4406,11
4407,31
4408,28
4409,8
4410,1
4411,16
4412,32
4413,4
4414,3
4415,16
4416,34
4417,17
4418,31
4419,31
4420,16
4421,2
4422,35
4423,21
4424,32
4425,4
4426,9
4427,19
4428,25
4429,2
4430,8
4431,36
4432,34
4433,21
4434,38
4435,3
4436,38
4437,13
4438,9
4439,37
4440,1
4441,14
4442,26
4443,27
4444,1
4445,5
4446,28
4447,1
4448,35
4449,4
4450,26
4451,7
4452,1
4453,25
4454,12
4455,2
4456,8
4457,11
4458,36
4459,28
4460,21
4461,9
4462,22
4463,4
4464,19
4465,2
4466,20
4467,16
4468,17
4469,4
4470,25
4471,9
4472,12
4473,12
4474,13
4475,30
4476,36
4477,16
4478,20
4479,8
4480,9
4481,16
4482,5
4483,8
4484,5
4485,17
4486,1
4487,4
4488,14
4489,4
4490,33
4491,9
4492,8
4493,33
4494,8
4495,21
4496,37
4497,34
4498,1
4499,37
4500,19
4501,19
4502,3
4503,21
4504,28
4505,17
4506,28
4507,28
4508,15
4509,1
4510,15
4511,28
4512,13
4513,22
4514,16
4515,8
4516,31
4517,21
4518,8
4519,21
4520,35
4521,21
4522,32
4523,16
4524,2
4525,15
4526,5
4527,9
4528,30
4529,34
4530,3
4531,11
4532,9
4533,28
4534,17
4535,1
4536,30
4537,22
4538,21
4539,16
4540,20
4541,34
4542,16
4543,37
4544,19
4545,3
4546,32
4547,12
4548,14
4549,28
4550,4
4551,13
4552,36
4553,9
4554,34
4555,27
4556,11
4557,35
4558,23
4559,8
4560,16
4561,16
4562,8
4563,4
4564,34
4565,22
4566,11
4567,21
4568,8
4569,2
4570,16
4571,38
4572,5
4573,34
4574,6
4575,16
4576,16
4577,19
4578,9
4579,9
4580,31
4581,31
4582,13
4583,21
4584,24
4585,2
4586,5
4587,12
4588,16
4589,31
4590,20
4591,15
4592,1
4593,34
4594,19
4595,21
4596,5
4597,31
4598,21
4599,6
4600,9
4601,32
4602,21
4603,6
4604,8
4605,3
4606,1
4607,26
4608,32
4609,35
4610,21
4611,28
4612,8
4613,1
4614,31
4615,28
4616,36
4617,10
4618,32
4619,33
4620,15
4621,4
4622,9
4623,16
4624,14
4625,5
4626,8
4627,27
4628,5
4629,4
4630,15
4631,21
4632,35
4633,9
4634,10
4635,12
4636,16
4637,15
4638,16
4639,20
4640,2
4641,25
4642,9
4643,22
4644,2
4645,15
4646,31
4647,32
4648,31
4649,34
4650,4
4651,16
4652,31
4653,3
4654,3
4655,17
4656,25
4657,34
4658,34
4659,13
4660,5
4661,15
4662,23
4663,15
4664,16
4665,1
4666,1
4667,20
4668,4
4669,37
4670,25
4671,15
4672,8
4673,15
4674,19
4675,31
4676,37
4677,5
4678,1
4679,37
4680,35
4681,5
4682,19
4683,12
4684,26
4685,35
4686,20
4687,30
4688,27
4689,27
4690,25
4691,9
4692,38
4693,31
4694,26
4695,20
4696,2
4697,16
4698,15
4699,1
4700,14
4701,14
4702,27
4703,14
4704,8
4705,7
4706,8
4707,8
4708,1
4709,17
4710,16
4711,19
4712,16
4713,21
4714,16
4715,5
4716,15
4717,19
4718,13
4719,8
4720,31
4721,16
4722,37
4723,38
4724,26
4725,34
4726,32
4727,23
4728,12
4729,5
4730,28
4731,15
4732,3
4733,8
4734,7
4735,34
4736,9
4737,34
4738,21
4739,13
4740,5
4741,38
4742,16
4743,36
4744,34
4745,16
4746,21
4747,14
4748,1
4749,35
4750,10
4751,36
4752,22
4753,10
4754,17
4755,31
4756,32
4757,2
4758,19
4759,4
4760,37
4761,1
4762,34
4763,21
4764,19
4765,34
4766,25
4767,22
4768,34
4769,31
4770,19
4771,36
4772,23
4773,35
4774,26
4775,21
4776,22
4777,22
4778,36
4779,31
4780,38
4781,25
4782,7
4783,19
4784,13
4785,19
4786,34
4787,23
4788,21
4789,36
4790,19
4791,31
4792,37
4793,23
4794,2
4795,34
4796,28
4797,34
4798,9
4799,26
4800,30
4801,1
4802,4
4803,16
4804,8
4805,15
4806,15
4807,1
4808,35
4809,5
4810,21
4811,28
4812,38
4813,34
4814,25
4815,15
4816,32
4817,15
4818,6
4819,28
4820,3
4821,5
4822,37
4823,34
4824,1
4825,25
4826,12
4827,27
4828,28
4829,2
4830,22
4831,28
4832,4
4833,15
4834,32
4835,35
4836,36
4837,3
4838,36
4839,10
4840,5
4841,21
4842,14
4843,8
4844,5
4845,12
4846,2
4847,9
4848,5
4849,16
4850,31
4851,31
4852,32
4853,38
4854,9
4855,4
4856,22
4857,5
4858,37
4859,19
4860,5
4861,38
4862,22
4863,32
4864,17
4865,1
4866,9
4867,34
4868,3
4869,4
4870,31
4871,16
4872,1
4873,32
4874,15
4875,1
4876,19
4877,32
4878,21
4879,19
4880,32
4881,35
4882,3
4883,33
4884,38
4885,16
4886,4
4887,23
4888,21
4889,28
4890,23
4891,21
4892,13
4893,4
4894,32
4895,32
4896,3
4897,17
4898,1
4899,37
4900,5
4901,31
4902,1
4903,9
4904,15
4905,7
4906,32
4907,5
4908,32
4909,26
4910,10
4911,34
4912,21
4913,16
4914,6
4915,8
4916,13
4917,28
4918,25
4919,36
4920,9
4921,3
4922,34
4923,26
4924,2
4925,37
4926,8
4927,36
4928,34
4929,31
4930,13
4931,14
4932,17
4933,26
4934,16
4935,34
4936,8
4937,28
4938,37
4939,19
4940,28
4941,14
4942,32
4943,26
4944,9
4945,16
4946,25
4947,12
4948,28
4949,21
4950,9
4951,38
4952,3
4953,13
4954,25
4955,22
4956,21
4957,7
4958,30
4959,14
4960,6
4961,34
4962,21
4963,7
4964,1
4965,31
4966,28
4967,37
4968,4
4969,13
4970,26
4971,15
4972,16
4973,8
4974,34
4975,32
4976,23
4977,19
4978,4
4979,15
4980,15
4981,2
4982,32
4983,15
4984,19
4985,32
4986,33
4987,35
4988,26
4989,38
4990,5
4991,26
4992,21
4993,35
4994,28
4995,32
4996,10
4997,21
4998,26
4999,35
5000,19
5001,19
5002,31
5003,4
5004,36
5005,13
5006,15
5007,4
5008,13
5009,28
5010,34
5011,32
5012,13
5013,23
5014,28
5015,15
5016,34
5017,15
5018,7
5019,9
5020,16
5021,3
5022,2
5023,33
5024,21
5025,34
5026,30
5027,2
5028,10
5029,21
5030,9
5031,6
5032,2
5033,6
5034,37
5035,32
5036,23
5037,2
5038,10
5039,2
5040,37
5041,9
5042,22
5043,38
5044,28
5045,9
5046,8
5047,35
5048,5
5049,8
5050,12
5051,19
5052,21
5053,37
5054,21
5055,21
5056,35
5057,9
5058,31
5059,8
5060,23
5061,3
5062,15
5063,2
5064,4
5065,32
5066,5
5067,8
5068,38
5069,5
5070,14
5071,21
5072,5
5073,25
5074,1
5075,36
5076,37
5077,34
5078,26
5079,30
5080,28
5081,2
5082,21
5083,9
5084,1
5085,4
5086,13
5087,8
5088,21
5089,36
5090,4
5091,37
5092,32
5093,9
5094,34
5095,31
5096,37
5097,9
5098,38
5099,13
5100,5
5101,25
5102,38
5103,3
5104,31
5105,25
5106,27
5107,28
5108,28
5109,28
5110,2
5111,21
5112,32
5113,31
5114,9
5115,34
5116,4
5117,10
5118,28
5119,1
5120,17
5121,17
5122,5
5123,31
5124,34
5125,8
5126,1
5127,2
5128,19
5129,37
5130,21
5131,6
5132,32
5133,21
5134,7
5135,19
5136,1
5137,13
5138,5
5139,37
5140,1
5141,6
5142,26
5143,31
5144,37
5145,34
5146,15
5147,8
5148,10
5149,3
5150,32
5151,26
5152,15
5153,30
5154,21
5155,12
5156,34
5157,23
5158,13
5159,14
5160,34
5161,37
5162,17
5163,22
5164,21
5165,5
5166,21
5167,8
5168,21
5169,9
5170,26
5171,3
5172,34
5173,35
5174,35
5175,28
5176,10
5177,22
5178,16
5179,15
5180,25
5181,34
5182,21
5183,28
5184,3
5185,23
5186,3
5187,8
5188,22
5189,7
5190,32
5191,23
5192,34
5193,34
5194,7
5195,21
5196,30
5197,37
5198,35
5199,26
5200,1
5201,33
5202,15
5203,16
5204,34
5205,28
5206,27
5207,21
5208,7
5209,1
5210,32
5211,4
5212,17
5213,31
5214,34
5215,6
5216,21
5217,16
5218,1
5219,4
5220,13
5221,32
5222,16
5223,8
5224,10
5225,16
5226,3
5227,36
5228,21
5229,13
5230,28
5231,21
5232,16
5233,13
5234,9
5235,25
5236,16
5237,5
5238,7
5239,32
5240,32
5241,19
5242,32
5243,21
5244,13
5245,4
5246,21
5247,15
5248,36
5249,36
5250,2
5251,1
5252,19
5253,6
5254,34
5255,3
5256,1
5257,13
5258,30
5259,35
5260,23
5261,21
5262,25
5263,9
5264,9
5265,19
5266,34
5267,30
5268,21
5269,35
5270,14
5271,8
5272,15
5273,21
5274,9
5275,34
5276,3
5277,31
5278,1
5279,5
5280,19
5281,9
5282,28
5283,4
5284,9
5285,38
5286,19
5287,6
5288,15
5289,31
5290,2
5291,23
5292,3
5293,19
5294,23
5295,4
5296,23
5297,22
5298,25
5299,34
5300,32
5301,34
5302,3
5303,19
5304,28
5305,32
5306,1
5307,16
5308,8
5309,4
5310,28
5311,25
5312,31
5313,16
5314,16
5315,21
5316,15
5317,21
5318,5
5319,9
5320,28
5321,38
5322,19
5323,34
5324,16
5325,8
5326,13
5327,31
5328,19
5329,27
5330,19
5331,9
5332,16
5333,5
5334,30
5335,21
5336,6
5337,8
5338,8
5339,36
5340,21
5341,3
5342,30
5343,37
5344,1
5345,31
5346,23
5347,2
5348,23
5349,15
5350,35
5351,23
5352,6
5353,25
5354,4
5355,16
5356,5
5357,15
5358,36
5359,35
5360,9
5361,28
5362,31
5363,8
5364,28
5365,35
5366,5
5367,31
5368,36
5369,30
5370,23
5371,1
5372,15
5373,8
5374,8
5375,4
5376,26
5377,22
5378,16
5379,31
5380,6
5381,23
5382,28
5383,34
5384,34
5385,17
5386,14
5387,32
5388,36
5389,4
5390,1
5391,4
5392,37
5393,21
5394,32
5395,3
5396,34
5397,3
5398,34
5399,27
5400,25
5401,8
5402,2
5403,1
5404,32
5405,15
5406,35
5407,3
5408,5
5409,15
5410,14
5411,32
5412,5
5413,4
5414,16
5415,27
5416,34
5417,32
5418,25
5419,31
5420,34
5421,13
5422,28
5423,36
5424,1
5425,33
5426,32
5427,32
5428,3
5429,30
5430,22
5431,16
5432,15
5433,17
5434,8
5435,14
5436,28
5437,26
5438,16
5439,32
5440,30
5441,34
5442,35
5443,4
5444,9
5445,2
5446,32
5447,13
5448,23
5449,30
5450,6
5451,33
5452,17
5453,15
5454,31
5455,22
5456,28
5457,6
5458,8
5459,23
5460,32
5461,14
5462,37
5463,25
5464,15
5465,2
5466,21
5467,5
5468,34
5469,33
5470,15
5471,34
5472,3
5473,34
5474,6
5475,37
5476,8
5477,34
5478,27
5479,1
5480,28
5481,3
5482,2
5483,34
5484,25
5485,1
5486,31
5487,21
5488,3
5489,32
5490,4
5491,22
5492,4
5493,28
5494,14
5495,9
5496,8
5497,28
5498,28
5499,13
5500,9
5501,22
5502,34
5503,13
5504,25
5505,27
5506,4
5507,25
5508,5
5509,3
5510,15
5511,21
5512,9
5513,16
5514,36
5515,13
5516,28
5517,34
5518,21
5519,28
5520,2
5521,2
5522,5
5523,35
5524,35
5525,26
5526,21
5527,4
5528,31
5529,1
5530,34
5531,28
5532,2
5533,33
5534,32
5535,34
5536,37
5537,16
5538,4
5539,5
5540,5
5541,25
5542,35
5543,8
5544,17
5545,21
5546,28
5547,9
5548,16
5549,28
5550,22
5551,22
5552,33
5553,9
5554,28
5555,8
5556,16
5557,14
5558,2
5559,13
5560,13
5561,21
5562,9
5563,30
5564,16
5565,5
5566,34
5567,21
5568,2
5569,34
5570,19
5571,32
5572,1
5573,19
5574,32
5575,13
5576,35
5577,16
5578,28
5579,19
5580,31
5581,16
5582,27
5583,26
5584,34
5585,8
5586,4
5587,27
5588,4
5589,25
5590,22
5591,21
5592,32
5593,9
5594,17
5595,5
5596,16
5597,27
5598,15
5599,32
5600,15
5601,4
5602,32
5603,23
5604,22
5605,15
5606,9
5607,1
5608,4
5609,19
5610,8
5611,28
5612,23
5613,5
5614,31
5615,13
5616,32
5617,37
5618,21
5619,3
5620,5
5621,26
5622,26
5623,5
5624,26
5625,9
5626,28
5627,15
5628,5
5629,16
5630,34
5631,21
5632,32
5633,16
5634,32
5635,19
5636,1
5637,15
5638,30
5639,34
5640,23
5641,31
5642,21
5643,1
5644,1
5645,9
5646,34
5647,38
5648,9
5649,28
5650,3
5651,35
5652,26
5653,15
5654,8
5655,4
5656,13
5657,13
5658,28
5659,34
5660,28
5661,28
5662,5
5663,14
5664,16
5665,4
5666,34
5667,13
5668,31
5669,34
5670,5
5671,8
5672,21
5673,27
5674,28
5675,19
5676,9
5677,5
5678,32
5679,13
5680,2
5681,15
5682,8
5683,26
5684,21
5685,4
5686,28
5687,34
5688,32
5689,3
5690,26
5691,26
5692,32
5693,32
5694,25
5695,36
5696,27
5697,32
5698,15
5699,21
5700,15
5701,38
5702,8
5703,4
5704,13
5705,9
5706,5
5707,27
5708,36
5709,2
5710,2
5711,5
5712,30
5713,3
5714,9
5715,22
5716,19
5717,19
5718,38
5719,23
5720,28
5721,21
5722,31
5723,1
5724,9
5725,16
5726,5
5727,2
5728,16
5729,32
5730,19
5731,22
5732,28
5733,9
5734,14
5735,2
5736,34
5737,15
5738,32
5739,30
5740,32
5741,3
5742,28
5743,9
5744,27
5745,4
5746,4
5747,5
5748,4
5749,15
5750,2
5751,32
5752,1
5753,15
5754,21
5755,32
5756,16
5757,36
5758,1
5759,16
5760,4
5761,5
5762,28
5763,23
5764,16
5765,1
5766,2
5767,1
5768,5
5769,31
5770,15
5771,5
5772,5
5773,9
5774,27
5775,22
5776,17
5777,37
5778,32
5779,4
5780,36
5781,32
5782,1
5783,4
5784,14
5785,32
5786,36
5787,32
5788,26
5789,3
5790,1
5791,15
5792,26
5793,19
5794,35
5795,32
5796,2
5797,23
5798,9
5799,27
5800,32
5801,13
5802,34
5803,21
5804,16
5805,4
5806,1
5807,25
5808,38
5809,27
5810,25
5811,22
5812,13
5813,25
5814,5
5815,9
5816,16
5817,3
5818,9
5819,15
5820,1
5821,1
5822,35
5823,16
5824,35
5825,31
5826,27
5827,8
5828,26
5829,38
5830,8
5831,37
5832,37
5833,25
5834,36
5835,37
5836,34
5837,37
5838,32
5839,8
5840,38
5841,2
5842,31
5843,1
5844,34
5845,35
5846,22
5847,13
5848,2
5849,9
5850,1
5851,1
5852,31
5853,30
5854,32
5855,28
5856,4
5857,21
5858,19
5859,15
5860,17
5861,1
5862,23
5863,25
5864,21
5865,25
5866,19
5867,1
5868,31
5869,32
5870,1
5871,37
5872,34
5873,35
5874,27
5875,32
5876,37
5877,9
5878,28
5879,9
5880,32
5881,27
5882,3
5883,2
5884,2
5885,31
5886,37
5887,3
5888,31
5889,8
5890,21
5891,27
5892,8
5893,32
5894,31
5895,35
5896,31
5897,1
5898,13
5899,21
5900,26
5901,17
5902,15
5903,34
5904,5
5905,37
5906,9
5907,4
5908,21
5909,22
5910,21
5911,36
5912,32
5913,28
5914,28
5915,21
5916,2
5917,34
5918,28
5919,13
5920,32
5921,3
5922,36
5923,23
5924,25
5925,28
5926,17
5927,8
5928,14
5929,34
5930,26
5931,22
5932,37
5933,21
5934,8
5935,17
5936,19
5937,14
5938,17
5939,16
5940,8
5941,37
5942,9
5943,19
5944,8
5945,8
5946,2
5947,5
5948,19
5949,3
5950,9
5951,32
5952,23
5953,32
5954,9
5955,22
5956,4
5957,34
5958,19
5959,28
5960,4
5961,31
5962,28
5963,21
5964,2
5965,13
5966,28
5967,34
5968,22
5969,23
5970,13
5971,2
5972,21
5973,34
5974,30
5975,34
5976,26
5977,1
5978,19
5979,28
5980,4
5981,36
5982,5
5983,15
5984,32
5985,14
5986,21
5987,25
5988,21
5989,16
5990,19
5991,26
5992,34
5993,31
5994,37
5995,25
5996,4
5997,19
5998,17
5999,16
6000,34
6001,1
6002,26
6003,8
6004,28
6005,36
6006,17
6007,32
6008,13
6009,31
6010,8
6011,4
6012,35
6013,4
6014,19
6015,21
6016,38
6017,37
6018,30
6019,1
6020,22
6021,1
6022,19
6023,2
6024,13
6025,32
6026,26
6027,4
6028,27
6029,21
6030,4
6031,32
6032,35
6033,34
6034,21
6035,16
6036,38
6037,9
6038,8
6039,1
6040,28
6041,14
6042,37
6043,4
6044,21
6045,17
6046,8
6047,13
6048,19
6049,23
6050,19
6051,9
6052,23
6053,5
6054,28
6055,2
6056,23
6057,9
6058,15
6059,16
6060,14
6061,21
6062,1
6063,8
6064,37
6065,21
6066,38
6067,27
6068,28
6069,31
6070,31
6071,21
6072,23
6073,1
6074,19
6075,16
6076,8
6077,9
6078,5
6079,34
6080,31
6081,15
6082,28
6083,9
6084,27
6085,31
6086,14
6087,2
6088,30
6089,34
6090,16
6091,9
6092,31
6093,13
6094,34
6095,34
6096,25
6097,31
6098,31
6099,8
6100,36
6101,16
6102,36
6103,16
6104,28
6105,21
6106,8
6107,31
6108,4
6109,17
6110,21
6111,2
6112,35
6113,34
6114,22
6115,3
6116,35
6117,9
6118,16
6119,31
6120,1
6121,3
6122,38
6123,27
6124,9
6125,13
6126,30
6127,8
6128,19
6129,16
6130,2
6131,9
6132,9
6133,16
6134,21
6135,26
6136,14
6137,3
6138,31
6139,16
6140,34
6141,28
6142,23
6143,1
6144,4
6145,32
6146,22
6147,9
6148,17
6149,32
6150,32
6151,26
6152,14
6153,31
6154,27
6155,16
6156,28
6157,21
6158,19
6159,8
6160,4
6161,8
6162,21
6163,4
6164,21
6165,13
6166,5
6167,4
6168,9
6169,28
6170,21
6171,19
6172,8
6173,28
6174,16
6175,38
6176,1
6177,26
6178,14
6179,3
6180,16
6181,15
6182,8
6183,31
6184,21
6185,32
6186,26
6187,38
6188,17
6189,17
6190,22
6191,28
6192,27
6193,31
6194,15
6195,37
6196,5
6197,14
6198,31
6199,34
6200,32
6201,25
6202,15
6203,1
6204,32
6205,31
6206,16
6207,15
6208,23
6209,36
6210,4
6211,16
6212,22
6213,5
6214,17
6215,31
6216,28
6217,4
6218,21
6219,32
6220,4
6221,1
6222,25
6223,3
6224,14
6225,34
6226,25
6227,21
6228,13
6229,16
6230,37
6231,28
6232,5
6233,14
6234,27
6235,21
6236,4
6237,21
6238,1
6239,15
6240,15
6241,4
6242,1
6243,4
6244,5
6245,32
6246,8
6247,9
6248,8
6249,15
6250,16
6251,9
6252,14
6253,15
6254,1
6255,23
6256,27
6257,9
6258,14
6259,4
6260,35
6261,16
6262,5
6263,14
6264,27
6265,19
6266,36
6267,34
6268,16
6269,34
6270,8
6271,4
6272,4
6273,9
6274,32
6275,19
6276,9
6277,32
6278,13
6279,23
6280,14
6281,8
6282,32
6283,9
6284,5
6285,31
6286,27
6287,2
6288,32
6289,4
6290,21
6291,15
6292,9
6293,4
6294,36
6295,21
6296,15
6297,34
6298,15
6299,38
6300,1
6301,1
6302,9
6303,4
6304,9
6305,34
6306,37
6307,1
6308,34
6309,34
6310,14
6311,17
6312,15
6313,26
6314,5
6315,14
6316,37
6317,16
6318,32
6319,31
6320,31
6321,16
6322,8
6323,28
6324,4
6325,17
6326,37
6327,36
6328,37
6329,1
6330,4
6331,9
6332,5
6333,28
6334,35
6335,31
6336,16
6337,3
6338,21
6339,25
6340,31
6341,3
6342,21
6343,1
6344,16
6345,19
6346,3
6347,9
6348,15
6349,38
6350,5
6351,15
6352,35
6353,25
6354,1
6355,31
6356,1
6357,9
6358,34
6359,16
6360,26
6361,8
6362,1
6363,34
6364,13
6365,32
6366,32
6367,21
6368,15
6369,8
6370,37
6371,4
6372,16
6373,5
6374,32
6375,17
6376,5
6377,5
6378,23
6379,22
6380,31
6381,34
6382,15
6383,37
6384,28
6385,21
6386,31
6387,22
6388,3
6389,3
6390,8
6391,25
6392,1
6393,21
6394,31
6395,4
6396,32
6397,38
6398,2
6399,5
6400,34
6401,9
6402,2
6403,28
6404,1
6405,15
6406,8
6407,4
6408,35
6409,34
6410,25
6411,35
6412,36
6413,17
6414,34
6415,31
6416,26
6417,5
6418,21
6419,37
6420,15
6421,4
6422,8
6423,8
6424,4
6425,9
6426,36
6427,32
6428,1
6429,38
6430,9
6431,22
6432,35
6433,14
6434,8
6435,1
6436,25
6437,34
6438,13
6439,1
6440,32
6441,35
6442,19
6443,34
6444,16
6445,28
6446,19
6447,34
6448,34
6449,31
6450,37
6451,22
6452,32
6453,34
6454,21
6455,21
6456,26
6457,8
6458,2
6459,1
6460,5
6461,31
6462,19
6463,15
6464,36
6465,9
6466,1
6467,31
6468,5
6469,19
6470,22
6471,21
6472,15
6473,13
6474,22
6475,14
6476,8
6477,28
6478,1
6479,2
6480,15
6481,21
6482,36
6483,38
6484,28
6485,16
6486,32
6487,35
6488,13
6489,2
6490,13
6491,4
6492,8
6493,22
6494,8
6495,34
6496,9
6497,28
6498,35
6499,28
6500,3
6501,31
6502,34
6503,19
6504,1
6505,26
6506,5
6507,34
6508,1
6509,19
6510,34
6511,1
6512,22
6513,16
6514,2
6515,15
6516,5
6517,4
6518,34
6519,28
6520,28
6521,32
6522,17
6523,34
6524,5
6525,35
6526,19
6527,1
6528,25
6529,8
6530,21
6531,2
6532,14
6533,31
6534,31
6535,1
6536,34
6537,22
6538,32
6539,5
6540,3
6541,1
6542,22
6543,34
6544,23
6545,21
6546,9
6547,32
6548,31
6549,4
6550,4
6551,23
6552,34
6553,23
6554,13
6555,1
6556,8
6557,2
6558,17
6559,8
6560,1
6561,17
6562,26
6563,13
6564,16
6565,21
6566,26
6567,3
6568,15
6569,32
6570,28
6571,38
6572,31
6573,2
6574,5
6575,9
6576,19
6577,9
6578,9
6579,16
6580,16
6581,34
6582,34
6583,9
6584,3
6585,8
6586,8
6587,1
6588,32
6589,31
6590,21
6591,9
6592,28
6593,5
6594,25
6595,37
6596,26
6597,2
6598,1
6599,9
6600,28
6601,9
6602,34
6603,4
6604,36
6605,2
6606,31
6607,31
6608,16
6609,13
6610,15
6611,26
6612,28
6613,31
6614,38
6615,21
6616,2
6617,9
6618,3
6619,4
6620,9
6621,2
6622,4
6623,25
6624,37
6625,1
6626,28
6627,2
6628,31
6629,22
6630,31
6631,4
6632,32
6633,34
6634,9
6635,32
6636,34
6637,21
6638,34
6639,5
6640,19
6641,25
6642,8
6643,15
6644,21
6645,22
6646,8
6647,36
6648,32
6649,28
6650,4
6651,34
6652,32
6653,15
6654,28
6655,15
6656,9
6657,28
6658,9
6659,16
6660,8
6661,35
6662,32
6663,38
6664,31
6665,16
6666,25
6667,8
6668,15
6669,17
6670,9
6671,9
6672,25
6673,36
6674,14
6675,3
6676,32
6677,25
6678,8
6679,8
6680,37
6681,21
6682,34
6683,25
6684,1
6685,4
6686,9
6687,34
6688,14
6689,3
6690,19
6691,22
6692,38
6693,5
6694,28
6695,32
6696,28
6697,15
6698,21
6699,21
6700,2
6701,36
6702,9
6703,1
6704,16
6705,14
6706,38
6707,4
6708,8
6709,15
6710,8
6711,16
6712,34
6713,3
6714,31
6715,9
6716,31
6717,13
6718,38
6719,8
6720,3
6721,8
6722,5
6723,32
6724,1
6725,19
6726,15
6727,13
6728,1
6729,17
6730,4
6731,35
6732,15
6733,26
6734,28
6735,25
6736,34
6737,34
6738,32
6739,1
6740,3
6741,36
6742,15
6743,16
6744,31
6745,2
6746,3
6747,31
6748,28
6749,31
6750,38
6751,9
6752,22
6753,38
6754,16
6755,1
6756,8
6757,34
6758,22
6759,8
6760,3
6761,8
6762,37
6763,21
6764,5
6765,25
6766,9
6767,16
6768,34
6769,21
6770,22
6771,9
6772,22
6773,38
6774,4
6775,31
6776,9
6777,34
6778,28
6779,8
6780,4
6781,38
6782,37
6783,34
6784,8
6785,34
6786,34
6787,34
6788,4
6789,16
6790,37
6791,21
6792,26
6793,5
6794,4
6795,8
6796,34
6797,9
6798,38
6799,13
6800,32
6801,13
6802,5
6803,21
6804,17
6805,3
6806,38
6807,34
6808,15
6809,15
6810,1
6811,38
6812,21
6813,31
6814,38
6815,4
6816,4
6817,21
6818,25
6819,26
6820,9
6821,5
6822,15
6823,3
6824,23
6825,8
6826,16
6827,9
6828,5
6829,35
6830,17
6831,25
6832,19
6833,31
6834,36
6835,16
6836,1
6837,4
6838,32
6839,22
6840,28
6841,5
6842,15
6843,26
6844,2
6845,5
6846,31
6847,31
6848,16
6849,34
6850,5
6851,35
6852,21
6853,25
6854,9
6855,13
6856,1
6857,5
6858,23
6859,34
6860,5
6861,16
6862,19
6863,31
6864,15
6865,28
6866,37
6867,9
6868,5
6869,23
6870,19
6871,31
6872,8
6873,3
6874,2
6875,37
6876,32
6877,26
6878,1
6879,38
6880,9
6881,28
6882,4
6883,28
6884,19
6885,16
6886,28
6887,4
6888,21
6889,1
6890,13
6891,1
6892,8
6893,34
6894,31
6895,9
6896,4
6897,28
6898,9
6899,5
6900,22
6901,8
6902,28
6903,8
6904,15
6905,9
6906,5
6907,34
6908,9
6909,16
6910,25
6911,25
6912,1
6913,8
6914,22
6915,8
6916,26
6917,8
6918,34
6919,17
6920,28
6921,31
6922,36
6923,4
6924,15
6925,34
6926,34
6927,21
6928,38
6929,23
6930,21
6931,19
6932,5
6933,22
6934,15
6935,15
6936,36
6937,15
6938,4
6939,13
6940,13
6941,28
6942,17
6943,34
6944,4
6945,38
6946,37
6947,23
6948,32
6949,1
6950,26
6951,4
6952,26
6953,21
6954,35
6955,22
6956,37
6957,8
6958,9
6959,9
6960,1
6961,19
6962,8
6963,34
6964,21
6965,26
6966,26
6967,16
6968,25
6969,4
6970,2
6971,4
6972,1
6973,17
6974,34
6975,34
6976,9
6977,2
6978,16
6979,28
6980,15
6981,26
6982,21
6983,2
6984,9
6985,35
6986,37
6987,26
6988,8
6989,13
6990,21
6991,21
6992,37
6993,2
6994,5
6995,16
6996,21
6997,19
6998,32
6999,3
7000,28
7001,13
7002,15
7003,13
7004,9
7005,34
7006,19
7007,1
7008,37
7009,1
7010,37
7011,37
7012,5
7013,34
7014,5
7015,3
7016,5
7017,5
7018,28
7019,1
7020,28
7021,21
7022,2
7023,34
7024,21
7025,5
7026,21
7027,8
7028,21
7029,1
7030,31
7031,21
7032,8
7033,32
7034,4
7035,15
7036,3
7037,5
7038,35
7039,34
7040,35
7041,37
7042,37
7043,9
7044,25
7045,4
7046,34
7047,8
7048,5
7049,34
7050,26
7051,15
7052,32
7053,16
7054,19
7055,1
7056,8
7057,2
7058,8
7059,1
7060,8
7061,16
7062,16
7063,32
7064,34
7065,19
7066,26
7067,16
7068,32
7069,26
7070,32
7071,21
7072,25
7073,5
7074,26
7075,3
7076,34
7077,32
7078,15
7079,4
7080,2
7081,26
7082,34
7083,36
7084,4
7085,31
7086,15
7087,36
7088,5
7089,21
7090,5
7091,3
7092,1
7093,9
7094,37
7095,21
7096,31
7097,3
7098,9
7099,31
7100,28
7101,21
7102,15
7103,1
7104,28
7105,28
7106,3
7107,4
7108,5
7109,3
7110,32
7111,34
7112,21
7113,3
7114,31
7115,31
7116,16
7117,31
7118,28
7119,3
7120,15
7121,19
7122,26
7123,32
7124,8
7125,25
7126,2
7127,25
7128,16
7129,31
7130,2
7131,2
7132,34
7133,25
7134,31
7135,28
7136,21
7137,32
7138,1
7139,9
7140,28
7141,21
7142,13
7143,15
7144,32
7145,21
7146,5
7147,1
7148,34
7149,5
7150,32
7151,25
7152,34
7153,5
7154,3
7155,3
7156,4
7157,4
7158,15
7159,37
7160,16
7161,34
7162,2
7163,4
7164,15
7165,16
7166,19
7167,19
7168,3
7169,9
7170,16
7171,21
7172,21
7173,21
7174,37
7175,32
7176,26
7177,37
7178,28
7179,13
7180,31
7181,3
7182,28
7183,4
7184,35
7185,21
7186,25
7187,32
7188,34
7189,34
7190,1
7191,8
7192,4
7193,8
7194,25
7195,4
7196,26
7197,31
7198,1
7199,2
7200,19
7201,31
7202,13
7203,8
7204,8
7205,15
7206,5
7207,3
7208,8
7209,28
7210,9
7211,34
7212,8
7213,1
7214,19
7215,16
7216,13
7217,19
7218,26
7219,32
7220,31
7221,9
7222,32
7223,1
7224,4
7225,37
7226,32
7227,19
7228,36
7229,21
7230,9
7231,15
7232,31
7233,3
7234,1
7235,3
7236,32
7237,19
7238,31
7239,9
7240,9
7241,9
7242,31
7243,32
7244,25
7245,1
7246,25
7247,1
7248,8
7249,3
7250,16
7251,34
7252,8
7253,15
7254,28
7255,15
7256,26
7257,8
7258,3
7259,21
7260,4
7261,9
7262,8
7263,31
7264,2
7265,25
7266,15
7267,28
7268,9
7269,16
7270,4
7271,21
7272,4
7273,16
7274,25
7275,34
7276,28
7277,21
7278,5
7279,15
7280,16
7281,21
7282,26
7283,1
7284,28
7285,28
7286,34
7287,31
7288,15
7289,16
7290,26
7291,31
7292,1
7293,16
7294,32
7295,16
7296,3
7297,32
7298,31
7299,21
7300,32
7301,1
7302,5
7303,32
7304,26
7305,1
7306,26
7307,1
7308,1
7309,9
7310,21
7311,1
7312,31
7313,31
7314,3
7315,8
7316,28
7317,15
7318,32
7319,5
7320,15
7321,32
7322,5
7323,26
7324,34
7325,19
7326,21
7327,32
7328,31
7329,28
7330,31
7331,31
7332,34
7333,21
7334,34
7335,2
7336,15
7337,2
7338,3
7339,16
7340,28
7341,21
7342,21
7343,19
7344,21
7345,32
7346,21
7347,16
7348,19
7349,19
7350,3
7351,2
7352,9
7353,5
7354,28
7355,28
7356,32
7357,26
7358,21
7359,28
7360,3
7361,8
7362,28
7363,32
7364,31
7365,3
7366,21
7367,4
7368,15
7369,28
7370,21
7371,16
7372,2
7373,21
7374,9
7375,5
7376,34
7377,2
7378,16
7379,28
7380,21
7381,21
7382,21
7383,34
7384,28
7385,19
7386,5
7387,21
7388,34
7389,5
7390,21
7391,19
7392,26
7393,26
7394,19
7395,1
7396,5
7397,26
7398,15
7399,1
7400,1
7401,34
7402,5
7403,28
7404,4
7405,9
7406,1
7407,2
7408,21
7409,15
7410,1
7411,1
7412,8
7413,1
7414,31
7415,8
7416,4
7417,3
7418,26
7419,34
7420,5
7421,34
7422,32
7423,8
7424,16
7425,9
7426,4
7427,1
7428,4
7429,31
7430,26
7431,19
7432,34
7433,31
7434,32
7435,16
7436,32
7437,34
7438,34
7439,1
7440,8
7441,21
7442,21
7443,32
7444,1
7445,26
7446,1
7447,32
7448,16
7449,21
7450,4
7451,9
7452,26
7453,34
7454,19
7455,26
7456,26
7457,21
7458,1
7459,19
7460,9
7461,31
7462,21
7463,16
7464,34
7465,31
7466,21
7467,31
7468,1
7469,5
7470,28
7471,21
7472,21
7473,9
7474,28
7475,34
7476,21
7477,21
7478,32
7479,19
7480,9
7481,19
7482,15
7483,1
7484,21
7485,16
7486,19
7487,21
7488,1
7489,1
7490,19
7491,1
7492,4
7493,32
7494,31
7495,16
7496,32
7497,5
7498,32
7499,32
7500,3
7501,34
7502,16
7503,28
7504,15
7505,8
7506,3
7507,9
7508,3
7509,28
7510,19
7511,34
7512,16
7513,15
7514,4
7515,9
7516,28
7517,32
7518,28
7519,21
7520,8
7521,31
7522,28
7523,1
7524,8
7525,31
7526,28
7527,3
7528,16
7529,19
7530,32
7531,21
7532,15
7533,1
7534,3
7535,4
7536,1
7537,31
7538,1
7539,16
7540,19
7541,32
7542,32
7543,31
7544,34
7545,31
7546,15
7547,4
7548,21
7549,3
7550,9
7551,32
7552,16
7553,21
7554,28
7555,9
7556,4
7557,21
7558,1
7559,8
7560,9
7561,15
7562,21
7563,32
7564,1
7565,4
7566,9
7567,5
7568,1
7569,9
7570,21
7571,8
7572,21
7573,5
7574,34
7575,9
7576,19
7577,34
7578,15
7579,3
7580,31
7581,9
7582,32
7583,4
7584,19
7585,32
7586,34
7587,1
7588,28
7589,4
7590,5
7591,21
7592,19
7593,31
7594,15
7595,1
7596,32
7597,9
7598,9
7599,3
7600,19
7601,34
7602,32
7603,8
7604,21
7605,8
7606,9
7607,3
7608,15
7609,5
7610,4
7611,31
7612,34
7613,4
7614,16
7615,3
7616,5
7617,16
7618,34
7619,28
7620,3
7621,28
7622,34
7623,1
7624,5
7625,3
7626,15
7627,15
7628,3
7629,34
7630,8
7631,32
7632,5
7633,31
7634,1
7635,21
7636,32
7637,9
7638,31
7639,21
7640,16
7641,9
7642,31
7643,4
7644,16
7645,21
7646,3
7647,1
7648,5
7649,1
7650,32
7651,28
7652,8
7653,3
7654,21
7655,1
7656,34
7657,1
7658,16
7659,16
7660,3
7661,5
7662,34
7663,8
7664,34
7665,1
7666,28
7667,1
7668,9
7669,9
7670,8
7671,21
7672,4
7673,32
7674,21
7675,15
7676,9
7677,8
7678,9
7679,21
7680,31
7681,34
7682,34
7683,28
7684,4
7685,15
7686,1
7687,15
7688,32
7689,8
7690,3
7691,1
7692,4
7693,34
7694,9
7695,8
7696,1
7697,21
7698,5
7699,9
7700,28
7701,4
7702,1
7703,1
7704,32
7705,15
7706,5
7707,9
7708,9
7709,8
7710,1
7711,32
7712,28
7713,34
7714,34
7715,9
7716,21
7717,9
7718,1
7719,1
7720,1
7721,9
7722,32
7723,32
7724,1
7725,9
7726,16
7727,16
7728,32
7729,9
7730,15
7731,15
7732,31
7733,4
7734,16
7735,9
7736,15
7737,9
7738,16
7739,4
7740,16
7741,1
7742,32
7743,1
7744,16
7745,32
7746,15
7747,31
7748,16
7749,4
7750,34
7751,21
7752,15
7753,21
7754,31
7755,21
7756,15
7757,1
7758,4
7759,1
7760,31
7761,15
7762,8
7763,34
7764,21
7765,1
7766,5
7767,15
7768,16
7769,9
7770,5
7771,1
7772,21
7773,4
7774,9
7775,21
7776,21
7777,8
7778,1
7779,15
7780,1
7781,32
7782,9
7783,34
7784,32
7785,28
7786,8
7787,16
7788,32
7789,32
7790,28
7791,21
7792,8
7793,9
7794,5
7795,5
7796,8
7797,1
7798,31
7799,9
7800,34
7801,1
7802,31
7803,9
7804,1
7805,4
7806,4
7807,34
7808,8
7809,31
7810,1
7811,32
7812,34
7813,15
7814,8
7815,8
7816,21
7817,31
7818,34
7819,34
7820,8
7821,8
7822,9
7823,8
7824,8
7825,15
7826,4
7827,8
7828,1
7829,15
7830,1
7831,9
7832,31
7833,4
7834,15
7835,28
7836,31
7837,21
7838,1
7839,21
7840,28
7841,31
7842,32
7843,21
7844,4
7845,34
7846,5
7847,5
7848,32
7849,28
7850,9
7851,34
7852,16
7853,21
7854,15
7855,21
7856,8
7857,21
7858,8
7859,15
7860,34
7861,21
7862,8
7863,28
7864,4
7865,34
7866,32
7867,1
7868,15
7869,34
7870,32
7871,5
7872,1
7873,34
7874,1
7875,16
7876,15
7877,32
7878,21
7879,1
7880,32
7881,1
7882,21
7883,31
7884,5
7885,32
7886,5
7887,34
7888,21
7889,9
7890,16
7891,9
7892,32
7893,9
7894,21
7895,9
7896,1
7897,16
7898,15
7899,28
7900,15
7901,34
7902,5
7903,8
7904,9
7905,15
7906,16
7907,21
7908,16
7909,21
7910,32
7911,21
7912,4
7913,4
7914,31
7915,8
7916,4
7917,34
7918,4
7919,21
7920,8
7921,9
7922,15
7923,1
7924,15
7925,21
7926,21
7927,15
7928,4
7929,16
7930,8
7931,28
7932,15
7933,21
7934,34
7935,16
7936,8
7937,8
7938,15
7939,31
7940,21
7941,4
7942,34
7943,9
7944,16
7945,8
7946,16
7947,34
7948,32
7949,15
7950,34
7951,32
7952,34
7953,16
7954,32
7955,15
7956,9
7957,21
7958,4
7959,1
7960,8
7961,31
7962,15
7963,8
7964,4
7965,4
7966,21
7967,1
7968,4
7969,16
7970,9
7971,4
7972,9
7973,21
7974,9
7975,32
7976,8
7977,8
7978,32
7979,1
7980,21
7981,8
7982,32
7983,15
7984,8
7985,9
7986,21
7987,8
7988,15
7989,9
7990,32
7991,8
7992,21
7993,32
7994,32
7995,34
7996,21
7997,34
7998,8
7999,21
8000,1
