1 2 1
1 38 1
2 7 1
2 8 1
2 10 1
2 14 1
2 15 1
2 17 1
2 18 1
2 20 1
2 22 1
2 24 1
2 26 1
2 27 1
2 28 1
2 30 1
2 31 1
2 32 1
2 34 1
2 35 1
2 38 1
2 40 1
2 41 1
2 42 1
2 43 1
2 45 1
2 48 1
2 50 1
2 51 1
2 54 1
2 55 1
2 57 1
2 58 1
2 59 1
2 61 1
2 62 1
2 64 1
2 66 1
2 67 1
2 68 1
2 71 1
2 75 1
2 77 1
2 78 1
2 79 1
2 80 1
2 82 1
2 83 1
2 84 1
2 96 1
2 99 1
2 101 1
2 108 1
2 112 1
2 122 1
2 147 1
2 155 1
2 164 1
2 166 1
2 172 1
2 175 1
2 181 1
2 184 1
2 187 1
2 196 1
2 199 1
2 202 1
2 208 1
2 215 1
2 219 1
2 225 1
2 228 1
2 244 1
2 276 1
2 278 1
2 283 1
2 284 1
2 346 1
3 38 1
3 67 1
3 71 1
3 181 1
6 38 1
7 34 1
7 38 1
7 67 1
7 166 1
7 181 1
8 38 1
9 166 1
10 38 1
10 166 1
13 38 1
14 38 1
14 166 1
15 38 1
15 181 1
17 38 1
17 166 1
18 166 1
20 38 1
22 38 1
22 122 1
24 38 1
26 34 1
26 38 1
26 166 1
27 38 1
28 34 1
28 38 1
28 166 1
28 181 1
29 38 1
30 38 1
31 38 1
31 166 1
31 181 1
32 80 1
32 196 1
32 245 1
34 38 1
34 40 1
34 42 1
34 55 1
34 71 1
34 107 1
34 122 1
34 166 1
34 181 1
34 215 1
34 221 1
34 225 1
34 289 1
35 38 1
35 166 1
38 40 1
38 42 1
38 43 1
38 45 1
38 48 1
38 50 1
38 54 1
38 55 1
38 58 1
38 59 1
38 61 1
38 62 1
38 64 1
38 66 1
38 67 1
38 68 1
38 71 1
38 75 1
38 77 1
38 82 1
38 83 1
38 84 1
38 89 1
38 101 1
38 105 1
38 109 1
38 112 1
38 122 1
38 126 1
38 131 1
38 155 1
38 164 1
38 166 1
38 175 1
38 181 1
38 184 1
38 192 1
38 196 1
38 199 1
38 204 1
38 215 1
38 219 1
38 221 1
38 225 1
38 244 1
38 254 1
38 256 1
38 264 1
38 267 1
38 270 1
38 276 1
38 278 1
38 283 1
38 284 1
38 286 1
38 387 1
40 166 1
42 166 1
45 67 1
45 166 1
45 181 1
48 166 1
50 166 1
50 181 1
51 166 1
54 304 1
55 166 1
57 166 1
58 166 1
59 101 1
61 122 1
61 166 1
61 181 1
62 166 1
64 166 1
64 181 1
66 67 1
66 166 1
66 181 1
67 122 1
67 166 1
68 166 1
68 405 1
71 122 1
71 155 1
71 166 1
71 181 1
75 166 1
83 166 1
100 196 1
101 166 1
101 181 1
112 166 1
122 166 1
122 181 1
122 184 1
122 196 1
155 166 1
166 181 1
166 184 1
166 199 1
166 211 1
166 215 1
166 244 1
166 278 1
181 199 1
181 244 1
196 304 1
196 438 1
4 11 2
4 33 2
4 57 2
4 75 2
4 82 2
4 96 2
4 108 2
4 173 2
4 197 2
4 205 2
4 211 2
4 227 2
4 314 2
4 333 2
4 334 2
4 348 2
9 108 2
11 12 2
11 30 2
11 32 2
11 33 2
11 37 2
11 40 2
11 50 2
11 65 2
11 76 2
11 78 2
11 79 2
11 108 2
11 116 2
11 118 2
11 135 2
11 139 2
11 143 2
11 147 2
11 205 2
11 206 2
11 209 2
11 210 2
11 211 2
11 213 2
11 216 2
11 220 2
11 221 2
11 224 2
11 227 2
11 234 2
11 240 2
11 251 2
11 255 2
11 261 2
11 262 2
11 265 2
11 268 2
11 277 2
11 289 2
11 293 2
11 294 2
11 312 2
11 347 2
12 20 2
12 30 2
12 32 2
12 33 2
12 35 2
12 37 2
12 46 2
12 49 2
12 50 2
12 51 2
12 57 2
12 59 2
12 62 2
12 65 2
12 75 2
12 76 2
12 78 2
12 79 2
12 81 2
12 84 2
12 96 2
12 99 2
12 108 2
12 116 2
12 135 2
12 143 2
12 146 2
12 147 2
12 163 2
12 173 2
12 175 2
12 183 2
12 194 2
12 196 2
12 197 2
12 205 2
12 206 2
12 207 2
12 210 2
12 211 2
12 213 2
12 216 2
12 220 2
12 224 2
12 227 2
12 240 2
12 250 2
12 251 2
12 256 2
12 261 2
12 262 2
12 263 2
12 265 2
12 267 2
12 268 2
12 270 2
12 275 2
12 276 2
12 278 2
12 280 2
12 282 2
12 286 2
12 288 2
12 289 2
12 293 2
12 307 2
12 310 2
12 312 2
12 314 2
12 324 2
12 333 2
12 334 2
12 346 2
12 348 2
12 349 2
12 362 2
12 376 2
12 391 2
12 400 2
12 423 2
12 430 2
12 431 2
12 434 2
12 449 2
17 57 2
17 96 2
17 108 2
17 146 2
17 173 2
17 205 2
17 227 2
17 251 2
17 319 2
17 346 2
17 434 2
18 40 2
18 57 2
18 76 2
18 96 2
18 108 2
18 118 2
18 139 2
18 163 2
18 196 2
18 197 2
18 205 2
18 220 2
18 240 2
18 261 2
18 310 2
20 37 2
20 50 2
20 95 2
20 108 2
20 118 2
20 139 2
20 147 2
20 205 2
20 208 2
20 210 2
20 211 2
20 216 2
20 221 2
20 224 2
20 227 2
20 240 2
20 289 2
20 294 2
30 50 2
30 108 2
30 139 2
30 207 2
30 208 2
30 261 2
32 57 2
32 173 2
32 256 2
33 96 2
33 108 2
33 207 2
33 261 2
35 207 2
37 40 2
37 50 2
37 96 2
37 108 2
37 196 2
37 211 2
37 224 2
37 234 2
37 251 2
37 261 2
37 278 2
37 305 2
40 57 2
40 62 2
40 76 2
40 96 2
40 108 2
40 118 2
40 139 2
40 147 2
40 210 2
40 224 2
40 234 2
40 262 2
40 265 2
40 275 2
40 329 2
40 344 2
46 53 2
46 76 2
46 96 2
46 108 2
46 118 2
46 139 2
47 96 2
47 205 2
47 256 2
49 96 2
49 209 2
50 57 2
50 59 2
50 61 2
50 76 2
50 108 2
50 118 2
50 139 2
50 147 2
50 173 2
50 205 2
50 207 2
50 213 2
50 224 2
50 234 2
50 240 2
50 252 2
50 255 2
50 256 2
50 262 2
50 265 2
50 275 2
50 276 2
50 303 2
53 82 2
53 108 2
53 208 2
53 227 2
53 314 2
53 334 2
53 335 2
53 346 2
53 376 2
57 61 2
57 108 2
57 139 2
57 196 2
57 205 2
57 209 2
57 210 2
57 211 2
57 213 2
57 224 2
57 227 2
57 240 2
57 251 2
57 293 2
57 305 2
57 344 2
57 356 2
59 63 2
59 108 2
59 139 2
59 147 2
59 213 2
59 403 2
59 421 2
61 108 2
61 173 2
61 205 2
62 108 2
62 118 2
62 139 2
62 206 2
62 208 2
62 210 2
62 224 2
62 227 2
62 234 2
62 261 2
62 289 2
62 294 2
63 108 2
65 76 2
72 139 2
72 209 2
75 108 2
75 139 2
75 207 2
75 209 2
75 227 2
75 305 2
76 108 2
76 118 2
76 139 2
76 147 2
76 163 2
76 206 2
76 210 2
76 211 2
76 213 2
76 221 2
76 224 2
76 234 2
76 240 2
76 250 2
76 252 2
76 255 2
76 261 2
76 262 2
76 294 2
76 310 2
78 108 2
78 143 2
78 209 2
78 224 2
78 240 2
78 261 2
79 196 2
82 207 2
82 224 2
82 261 2
85 196 2
88 240 2
95 139 2
96 108 2
96 207 2
96 209 2
96 211 2
96 213 2
96 220 2
96 224 2
96 240 2
96 265 2
96 280 2
96 293 2
96 305 2
96 312 2
96 344 2
108 118 2
108 139 2
108 146 2
108 173 2
108 175 2
108 183 2
108 205 2
108 206 2
108 207 2
108 209 2
108 211 2
108 213 2
108 227 2
108 240 2
108 251 2
108 252 2
108 255 2
108 256 2
108 293 2
108 305 2
108 306 2
108 307 2
108 310 2
108 312 2
108 314 2
108 344 2
108 346 2
108 348 2
108 349 2
108 376 2
108 400 2
118 146 2
118 147 2
118 163 2
118 173 2
118 210 2
118 216 2
118 221 2
118 227 2
118 234 2
118 251 2
118 256 2
118 261 2
118 268 2
118 276 2
118 278 2
118 293 2
118 427 2
119 205 2
135 139 2
135 205 2
135 210 2
139 147 2
139 205 2
139 207 2
139 210 2
139 211 2
139 227 2
139 234 2
139 251 2
139 255 2
139 256 2
139 261 2
139 262 2
139 267 2
139 270 2
139 278 2
139 286 2
139 294 2
139 303 2
139 329 2
139 335 2
139 348 2
143 146 2
143 205 2
143 207 2
143 240 2
143 256 2
146 163 2
146 207 2
146 209 2
146 252 2
147 173 2
147 211 2
147 213 2
147 240 2
147 348 2
147 423 2
163 205 2
163 227 2
173 209 2
173 213 2
173 224 2
173 240 2
173 261 2
173 293 2
173 305 2
173 344 2
173 356 2
175 227 2
183 207 2
183 261 2
188 196 2
196 205 2
196 220 2
196 227 2
205 209 2
205 210 2
205 213 2
205 220 2
205 224 2
205 240 2
205 250 2
205 252 2
205 261 2
205 265 2
205 293 2
205 305 2
205 344 2
205 356 2
205 376 2
206 220 2
206 227 2
206 240 2
206 256 2
206 261 2
207 211 2
207 252 2
207 280 2
207 310 2
207 401 2
208 255 2
208 305 2
209 220 2
209 227 2
209 251 2
209 312 2
209 314 2
209 334 2
209 335 2
209 362 2
209 365 2
209 434 2
210 211 2
210 251 2
210 262 2
210 265 2
210 286 2
210 289 2
211 221 2
211 240 2
211 255 2
211 256 2
211 265 2
211 270 2
213 227 2
213 251 2
213 255 2
213 256 2
213 261 2
216 227 2
216 256 2
220 240 2
221 234 2
221 250 2
221 256 2
221 267 2
221 278 2
224 261 2
224 277 2
224 286 2
224 344 2
224 349 2
227 240 2
227 250 2
227 256 2
227 261 2
227 278 2
227 293 2
227 305 2
227 310 2
227 356 2
227 448 2
234 240 2
234 250 2
234 255 2
234 256 2
234 268 2
234 286 2
240 251 2
240 256 2
240 261 2
240 265 2
240 268 2
240 319 2
240 366 2
240 376 2
251 262 2
251 265 2
251 312 2
252 261 2
252 312 2
255 256 2
255 263 2
255 267 2
255 276 2
255 278 2
255 286 2
255 324 2
256 262 2
256 267 2
256 289 2
256 293 2
256 294 2
256 347 2
256 356 2
261 310 2
261 347 2
261 401 2
268 286 2
276 289 2
276 294 2
293 314 2
293 348 2
293 434 2
305 334 2
305 427 2
312 348 2
314 344 2
314 356 2
319 344 2
344 362 2
1 252 3
3 252 3
7 8 3
7 9 3
7 18 3
7 21 3
7 26 3
7 27 3
7 30 3
7 34 3
7 40 3
7 50 3
7 53 3
7 62 3
7 77 3
7 96 3
7 147 3
7 169 3
7 199 3
7 209 3
7 215 3
7 219 3
7 305 3
7 307 3
7 308 3
7 326 3
7 403 3
7 433 3
8 34 3
8 50 3
8 58 3
8 63 3
8 169 3
8 252 3
8 305 3
9 21 3
9 40 3
9 57 3
9 96 3
9 173 3
9 205 3
9 305 3
12 15 3
12 18 3
12 21 3
12 26 3
12 27 3
12 37 3
12 38 3
12 40 3
12 57 3
12 58 3
12 60 3
12 70 3
12 96 3
12 173 3
12 184 3
12 199 3
12 205 3
12 225 3
12 234 3
12 254 3
12 287 3
12 308 3
14 33 3
14 34 3
14 61 3
14 83 3
14 169 3
14 252 3
15 18 3
15 21 3
15 26 3
15 33 3
15 34 3
15 40 3
15 50 3
15 53 3
15 61 3
15 68 3
15 83 3
15 209 3
15 252 3
15 305 3
18 21 3
18 30 3
18 34 3
18 38 3
18 50 3
18 53 3
18 58 3
18 252 3
18 305 3
18 355 3
20 252 3
21 40 3
21 53 3
21 57 3
21 96 3
21 173 3
21 205 3
21 209 3
21 252 3
21 305 3
21 308 3
22 33 3
22 34 3
22 199 3
22 209 3
26 34 3
26 252 3
26 305 3
27 33 3
27 34 3
27 61 3
27 252 3
30 209 3
30 252 3
33 34 3
33 40 3
33 50 3
33 53 3
33 55 3
33 57 3
33 62 3
33 65 3
33 68 3
33 83 3
33 169 3
33 199 3
33 209 3
33 215 3
33 234 3
33 241 3
33 252 3
33 305 3
34 37 3
34 40 3
34 48 3
34 50 3
34 53 3
34 58 3
34 65 3
34 83 3
34 95 3
34 96 3
34 107 3
34 147 3
34 215 3
34 216 3
34 221 3
34 225 3
34 234 3
34 241 3
34 252 3
34 289 3
34 294 3
36 53 3
37 53 3
37 252 3
38 61 3
38 252 3
40 53 3
40 56 3
40 58 3
40 68 3
40 209 3
40 215 3
40 252 3
40 305 3
41 53 3
48 50 3
50 53 3
50 58 3
50 62 3
50 68 3
50 83 3
50 95 3
50 209 3
50 215 3
50 252 3
50 305 3
52 252 3
53 55 3
53 56 3
53 57 3
53 66 3
53 95 3
53 96 3
53 101 3
53 173 3
53 181 3
53 199 3
53 205 3
53 215 3
53 252 3
53 256 3
53 306 3
53 308 3
53 355 3
53 358 3
55 56 3
55 169 3
55 252 3
57 61 3
57 209 3
57 252 3
57 305 3
57 308 3
58 63 3
58 76 3
58 95 3
58 147 3
58 252 3
58 326 3
58 403 3
59 252 3
60 61 3
60 252 3
61 66 3
61 101 3
61 181 3
61 205 3
61 208 3
61 355 3
62 83 3
62 169 3
62 225 3
62 252 3
64 252 3
65 252 3
66 252 3
68 252 3
72 252 3
76 169 3
76 305 3
77 252 3
80 169 3
80 252 3
83 166 3
83 199 3
83 208 3
83 215 3
83 252 3
83 289 3
85 209 3
85 252 3
87 252 3
88 252 3
95 252 3
96 209 3
96 252 3
96 305 3
96 308 3
101 169 3
101 199 3
101 209 3
101 252 3
101 305 3
112 252 3
119 252 3
147 252 3
165 252 3
166 252 3
169 199 3
169 225 3
169 256 3
173 209 3
173 252 3
173 305 3
181 252 3
199 209 3
199 252 3
199 305 3
205 209 3
205 252 3
205 305 3
205 308 3
208 252 3
209 215 3
209 225 3
209 353 3
209 359 3
211 252 3
215 252 3
215 271 3
225 252 3
228 252 3
229 252 3
241 252 3
244 252 3
252 254 3
252 256 3
252 271 3
252 303 3
252 308 3
252 314 3
252 319 3
252 350 3
252 352 3
252 355 3
252 358 3
256 305 3
305 308 3
305 314 3
305 355 3
305 358 3
1 71 4
2 12 4
2 71 4
7 71 4
8 71 4
12 135 4
14 71 4
15 71 4
15 252 4
20 252 4
22 71 4
24 71 4
26 71 4
27 71 4
28 71 4
31 71 4
34 71 4
38 71 4
40 71 4
41 71 4
42 71 4
48 71 4
49 284 4
50 71 4
55 71 4
58 71 4
59 252 4
62 71 4
62 252 4
64 71 4
65 252 4
66 71 4
67 71 4
68 71 4
71 77 4
71 80 4
71 83 4
71 101 4
71 108 4
71 112 4
71 122 4
71 166 4
71 169 4
71 181 4
71 192 4
71 199 4
71 215 4
71 244 4
71 256 4
71 309 4
71 350 4
83 252 4
89 252 4
95 252 4
96 252 4
107 252 4
173 252 4
194 252 4
221 252 4
225 252 4
252 254 4
252 256 4
252 267 4
252 276 4
252 278 4
252 359 4
2 24 5
3 24 5
6 13 5
6 24 5
6 29 5
6 36 5
7 24 5
8 24 5
12 29 5
13 29 5
13 94 5
14 24 5
15 24 5
16 24 5
16 28 5
16 29 5
16 36 5
20 24 5
22 24 5
22 29 5
22 157 5
23 24 5
23 29 5
23 36 5
24 25 5
24 26 5
24 27 5
24 28 5
24 29 5
24 31 5
24 34 5
24 38 5
24 40 5
24 41 5
24 42 5
24 45 5
24 47 5
24 48 5
24 50 5
24 54 5
24 55 5
24 58 5
24 60 5
24 61 5
24 62 5
24 64 5
24 65 5
24 66 5
24 67 5
24 68 5
24 70 5
24 71 5
24 73 5
24 74 5
24 77 5
24 78 5
24 83 5
24 89 5
24 92 5
24 94 5
24 96 5
24 101 5
24 108 5
24 112 5
24 122 5
24 124 5
24 128 5
24 145 5
24 150 5
24 154 5
24 157 5
24 159 5
24 160 5
24 162 5
24 164 5
24 166 5
24 174 5
24 181 5
24 185 5
24 191 5
24 193 5
24 199 5
24 212 5
24 218 5
24 219 5
24 222 5
24 232 5
24 244 5
24 253 5
24 264 5
24 272 5
24 368 5
24 374 5
24 380 5
24 387 5
25 29 5
27 29 5
29 36 5
29 60 5
29 73 5
29 74 5
29 94 5
29 124 5
29 128 5
29 159 5
29 160 5
29 174 5
29 185 5
29 218 5
29 222 5
29 232 5
29 272 5
29 368 5
29 374 5
36 60 5
36 124 5
36 154 5
36 159 5
2 57 6
2 67 6
2 107 6
2 181 6
2 205 6
2 216 6
2 225 6
3 38 6
3 43 6
3 57 6
3 67 6
3 72 6
3 96 6
3 107 6
3 122 6
3 166 6
3 181 6
3 211 6
3 289 6
3 377 6
7 166 6
10 38 6
10 85 6
12 43 6
12 131 6
12 166 6
15 57 6
16 166 6
17 54 6
27 67 6
27 166 6
28 67 6
31 67 6
34 67 6
34 122 6
34 166 6
37 57 6
37 166 6
38 43 6
38 54 6
38 57 6
38 64 6
38 65 6
38 67 6
38 72 6
38 85 6
38 93 6
38 166 6
38 181 6
38 205 6
38 216 6
38 225 6
38 241 6
38 352 6
38 384 6
40 57 6
40 67 6
40 122 6
40 166 6
40 181 6
41 67 6
43 45 6
43 64 6
43 67 6
43 72 6
43 173 6
45 54 6
45 64 6
45 67 6
45 72 6
45 83 6
45 88 6
45 91 6
45 107 6
45 166 6
45 181 6
45 252 6
45 352 6
45 408 6
50 57 6
52 66 6
54 57 6
54 64 6
54 66 6
54 96 6
54 122 6
54 252 6
57 66 6
57 67 6
57 68 6
57 96 6
57 122 6
57 147 6
57 166 6
57 173 6
57 181 6
57 184 6
57 205 6
57 210 6
57 211 6
57 243 6
57 265 6
57 275 6
57 287 6
57 303 6
61 131 6
62 67 6
62 122 6
62 166 6
62 181 6
64 67 6
64 166 6
64 181 6
64 250 6
65 166 6
66 67 6
66 72 6
66 166 6
66 181 6
66 216 6
66 289 6
67 68 6
67 72 6
67 77 6
67 83 6
67 84 6
67 88 6
67 91 6
67 96 6
67 99 6
67 122 6
67 131 6
67 166 6
67 169 6
67 173 6
67 194 6
67 205 6
67 216 6
67 243 6
67 244 6
67 250 6
67 276 6
67 384 6
68 72 6
72 131 6
72 155 6
72 166 6
72 181 6
72 352 6
77 166 6
83 166 6
83 181 6
85 122 6
85 166 6
93 166 6
96 122 6
96 166 6
96 181 6
107 155 6
122 166 6
122 181 6
122 216 6
122 225 6
122 241 6
122 283 6
122 384 6
155 166 6
155 289 6
166 171 6
166 173 6
166 181 6
166 184 6
166 194 6
166 199 6
166 204 6
166 205 6
166 216 6
166 225 6
166 276 6
166 283 6
166 378 6
166 384 6
181 194 6
181 250 6
2 7 7
3 7 7
7 10 7
7 14 7
7 15 7
7 17 7
7 20 7
7 24 7
7 26 7
7 27 7
7 28 7
7 31 7
7 32 7
7 34 7
7 38 7
7 40 7
7 41 7
7 42 7
7 48 7
7 50 7
7 55 7
7 61 7
7 62 7
7 64 7
7 67 7
7 70 7
7 71 7
7 80 7
7 83 7
7 101 7
7 112 7
7 122 7
7 147 7
7 164 7
7 166 7
7 169 7
7 181 7
7 184 7
7 215 7
7 219 7
7 225 7
7 256 7
7 267 7
7 276 7
7 278 7
7 287 7
7 293 7
7 305 7
7 320 7
7 388 7
8 34 7
8 83 7
15 58 7
20 58 7
34 58 7
34 63 7
40 58 7
40 95 7
40 169 7
58 62 7
58 83 7
59 83 7
83 95 7
83 225 7
95 215 7
169 326 7
169 388 7
169 416 7
169 436 7
2 27 8
2 28 8
2 31 8
2 244 8
7 27 8
7 28 8
7 31 8
14 27 8
15 27 8
15 28 8
15 31 8
17 27 8
20 27 8
22 27 8
22 28 8
22 31 8
27 28 8
27 31 8
27 34 8
27 35 8
27 38 8
27 40 8
27 42 8
27 54 8
27 58 8
27 61 8
27 66 8
27 67 8
27 69 8
27 71 8
27 75 8
27 77 8
27 79 8
27 80 8
27 83 8
27 101 8
27 108 8
27 122 8
27 166 8
27 175 8
27 181 8
27 186 8
27 187 8
27 192 8
27 199 8
27 202 8
27 235 8
27 244 8
27 245 8
27 280 8
27 306 8
28 31 8
28 38 8
28 44 8
28 61 8
28 66 8
28 67 8
28 71 8
28 77 8
28 80 8
28 101 8
28 108 8
28 166 8
28 176 8
28 177 8
28 199 8
28 244 8
28 247 8
28 260 8
28 273 8
28 279 8
28 295 8
28 301 8
28 336 8
28 371 8
31 35 8
31 38 8
31 66 8
31 71 8
31 97 8
31 98 8
31 166 8
31 171 8
31 187 8
31 188 8
31 190 8
31 199 8
31 200 8
31 201 8
31 202 8
31 205 8
31 217 8
31 235 8
31 242 8
31 311 8
71 202 8
71 244 8
97 98 8
97 200 8
97 418 8
98 201 8
176 177 8
187 201 8
187 202 8
187 311 8
201 202 8
201 217 8
201 311 8
202 306 8
217 311 8
2 15 9
3 15 9
7 15 9
8 15 9
9 15 9
14 15 9
15 17 9
15 18 9
15 20 9
15 22 9
15 24 9
15 26 9
15 27 9
15 28 9
15 31 9
15 32 9
15 34 9
15 38 9
15 40 9
15 41 9
15 42 9
15 45 9
15 48 9
15 50 9
15 54 9
15 55 9
15 59 9
15 61 9
15 62 9
15 64 9
15 66 9
15 67 9
15 71 9
15 77 9
15 80 9
15 83 9
15 95 9
15 101 9
15 121 9
15 122 9
15 161 9
15 166 9
15 181 9
15 187 9
15 192 9
15 196 9
15 199 9
15 201 9
15 202 9
15 209 9
15 215 9
15 220 9
15 233 9
15 235 9
15 244 9
15 245 9
15 305 9
15 306 9
15 308 9
15 309 9
15 328 9
15 344 9
2 80 10
2 83 10
7 80 10
7 83 10
8 83 10
11 83 10
14 83 10
14 225 10
15 80 10
15 83 10
15 278 10
15 283 10
20 83 10
20 107 10
20 216 10
20 221 10
20 225 10
20 289 10
22 80 10
22 83 10
24 83 10
29 83 10
34 83 10
34 290 10
38 83 10
40 80 10
40 83 10
41 83 10
42 83 10
48 80 10
48 83 10
50 80 10
50 83 10
55 83 10
62 83 10
62 107 10
62 221 10
62 225 10
62 234 10
62 289 10
64 83 10
65 83 10
71 80 10
71 83 10
80 83 10
80 107 10
80 169 10
80 216 10
80 221 10
80 225 10
80 234 10
80 237 10
80 268 10
80 270 10
80 289 10
80 294 10
80 321 10
83 89 10
83 96 10
83 101 10
83 107 10
83 112 10
83 164 10
83 199 10
83 208 10
83 211 10
83 216 10
83 221 10
83 225 10
83 234 10
83 237 10
83 256 10
83 267 10
83 270 10
83 276 10
83 278 10
83 283 10
83 286 10
83 289 10
83 290 10
83 294 10
83 321 10
107 225 10
107 267 10
107 283 10
216 278 10
221 278 10
225 267 10
225 270 10
225 278 10
225 289 10
267 270 10
278 289 10
2 66 11
7 66 11
14 66 11
14 101 11
15 66 11
17 66 11
22 66 11
22 68 11
24 66 11
26 66 11
26 68 11
26 101 11
27 66 11
27 68 11
28 66 11
31 66 11
34 66 11
38 66 11
40 66 11
40 68 11
40 101 11
41 66 11
42 66 11
45 66 11
48 66 11
50 66 11
50 101 11
54 66 11
55 66 11
55 101 11
57 66 11
58 66 11
61 66 11
62 66 11
64 66 11
65 66 11
66 67 11
66 68 11
66 71 11
66 83 11
66 96 11
66 101 11
66 108 11
66 112 11
66 122 11
66 164 11
66 166 11
66 181 11
66 192 11
66 199 11
66 211 11
66 215 11
66 283 11
66 284 11
66 325 11
66 361 11
68 83 11
68 181 11
71 101 11
101 284 11
2 50 12
14 50 12
15 50 12
22 50 12
24 50 12
27 50 12
28 50 12
34 50 12
38 50 12
40 50 12
40 55 12
41 50 12
48 80 12
50 55 12
50 62 12
50 64 12
50 66 12
50 67 12
50 71 12
50 80 12
50 83 12
50 96 12
50 101 12
50 166 12
50 169 12
50 184 12
50 205 12
50 210 12
50 215 12
50 265 12
50 275 12
50 287 12
50 298 12
50 313 12
50 320 12
15 27 13
15 31 13
16 98 13
18 27 13
18 31 13
26 27 13
26 31 13
26 201 13
27 28 13
27 31 13
27 77 13
27 83 13
27 96 13
27 108 13
27 169 13
27 187 13
27 245 13
27 252 13
27 315 13
28 31 13
28 33 13
28 38 13
28 44 13
28 55 13
28 77 13
28 83 13
28 177 13
28 199 13
28 205 13
28 206 13
28 244 13
28 252 13
28 273 13
30 31 13
30 187 13
30 202 13
31 32 13
31 33 13
31 38 13
31 40 13
31 42 13
31 55 13
31 64 13
31 77 13
31 78 13
31 83 13
31 96 13
31 97 13
31 98 13
31 164 13
31 166 13
31 169 13
31 171 13
31 173 13
31 181 13
31 187 13
31 188 13
31 190 13
31 199 13
31 200 13
31 201 13
31 202 13
31 205 13
31 206 13
31 207 13
31 208 13
31 235 13
31 242 13
31 252 13
31 258 13
31 311 13
33 187 13
77 83 13
77 133 13
77 137 13
77 199 13
77 252 13
97 98 13
97 200 13
98 201 13
98 258 13
187 201 13
187 202 13
187 207 13
187 252 13
201 207 13
202 252 13
1 64 14
2 64 14
2 194 14
3 64 14
7 64 14
10 64 14
14 64 14
15 64 14
16 64 14
20 64 14
20 283 14
22 64 14
24 64 14
26 64 14
27 64 14
28 64 14
30 64 14
31 64 14
34 64 14
38 64 14
40 64 14
41 64 14
42 64 14
48 64 14
55 64 14
58 64 14
62 64 14
64 65 14
64 66 14
64 67 14
64 68 14
64 71 14
64 72 14
64 77 14
64 79 14
64 80 14
64 83 14
64 84 14
64 86 14
64 89 14
64 92 14
64 93 14
64 99 14
64 101 14
64 109 14
64 112 14
64 122 14
64 123 14
64 125 14
64 126 14
64 164 14
64 166 14
64 181 14
64 194 14
64 199 14
64 204 14
64 219 14
64 228 14
64 239 14
64 244 14
64 254 14
64 264 14
64 271 14
64 283 14
64 387 14
64 429 14
72 84 14
84 122 14
84 166 14
84 229 14
84 399 14
99 166 14
2 17 15
2 61 15
2 351 15
4 345 15
5 7 15
5 9 15
5 15 15
5 18 15
5 57 15
5 61 15
5 173 15
5 308 15
5 345 15
5 359 15
5 364 15
7 17 15
7 61 15
7 309 15
9 54 15
9 252 15
9 345 15
9 351 15
9 359 15
15 351 15
17 18 15
17 34 15
17 54 15
17 122 15
17 166 15
17 181 15
17 306 15
17 308 15
17 309 15
17 345 15
17 351 15
17 353 15
17 358 15
17 359 15
17 364 15
17 400 15
18 61 15
18 309 15
18 328 15
18 345 15
18 351 15
18 409 15
22 61 15
22 351 15
34 61 15
53 353 15
53 359 15
54 61 15
54 351 15
57 351 15
61 148 15
61 166 15
61 306 15
61 308 15
61 328 15
61 345 15
61 351 15
61 353 15
61 358 15
61 359 15
63 252 15
108 351 15
148 351 15
166 351 15
169 351 15
209 345 15
209 353 15
252 306 15
252 333 15
252 345 15
252 353 15
252 358 15
252 359 15
252 364 15
252 372 15
305 345 15
306 345 15
308 309 15
308 345 15
308 351 15
308 359 15
309 345 15
328 359 15
333 351 15
344 345 15
344 351 15
345 351 15
351 353 15
351 359 15
351 362 15
351 364 15
351 372 15
351 391 15
351 412 15
359 364 15
1 203 16
3 35 16
11 26 16
11 35 16
11 51 16
11 55 16
11 79 16
11 105 16
11 109 16
11 112 16
11 203 16
26 53 16
26 83 16
26 139 16
26 213 16
35 44 16
35 53 16
35 56 16
35 69 16
35 83 16
35 119 16
35 209 16
35 261 16
35 347 16
40 51 16
40 55 16
40 105 16
40 112 16
40 175 16
40 203 16
42 50 16
42 53 16
42 55 16
42 83 16
42 118 16
42 119 16
42 139 16
42 163 16
42 396 16
44 55 16
44 164 16
50 55 16
50 105 16
50 203 16
51 53 16
51 56 16
51 76 16
51 119 16
51 213 16
51 220 16
51 312 16
53 55 16
53 75 16
53 78 16
53 79 16
53 105 16
53 112 16
53 116 16
53 164 16
53 175 16
53 195 16
53 203 16
55 83 16
55 139 16
55 213 16
55 256 16
56 117 16
56 203 16
62 109 16
62 112 16
62 203 16
75 118 16
75 119 16
76 203 16
79 119 16
83 112 16
83 116 16
83 117 16
83 175 16
105 396 16
105 398 16
107 203 16
109 211 16
109 396 16
112 139 16
112 211 16
117 118 16
118 203 16
139 203 16
164 261 16
203 211 16
203 221 16
2 215 17
8 215 17
15 147 17
15 215 17
20 215 17
22 147 17
22 215 17
27 215 17
28 215 17
31 215 17
34 147 17
34 215 17
38 215 17
40 147 17
40 215 17
42 215 17
50 147 17
50 215 17
55 215 17
58 215 17
59 215 17
61 215 17
62 215 17
64 215 17
66 147 17
66 215 17
71 215 17
77 215 17
80 215 17
83 147 17
83 215 17
95 215 17
96 215 17
101 147 17
101 215 17
147 169 17
147 192 17
147 215 17
147 252 17
147 271 17
169 215 17
173 215 17
181 215 17
184 215 17
199 215 17
210 215 17
211 215 17
215 252 17
215 271 17
215 298 17
215 378 17
215 382 17
252 271 17
7 22 18
8 22 18
9 22 18
14 22 18
17 22 18
20 22 18
22 26 18
22 27 18
22 30 18
22 31 18
22 34 18
22 40 18
22 41 18
22 42 18
22 50 18
22 54 18
22 55 18
22 57 18
22 58 18
22 59 18
22 61 18
22 62 18
22 64 18
22 67 18
22 71 18
22 79 18
22 80 18
22 83 18
22 96 18
22 101 18
22 107 18
22 147 18
22 181 18
22 184 18
22 199 18
22 215 18
22 225 18
22 244 18
22 278 18
22 283 18
22 302 18
22 305 18
22 326 18
2 77 19
7 77 19
15 77 19
22 77 19
26 77 19
27 77 19
28 77 19
28 187 19
31 77 19
34 77 19
38 77 19
40 77 19
42 77 19
48 77 19
50 77 19
61 77 19
64 77 19
66 77 19
67 77 19
71 77 19
77 78 19
77 79 19
77 83 19
77 85 19
77 101 19
77 103 19
77 133 19
77 137 19
77 140 19
77 144 19
77 151 19
77 166 19
77 178 19
77 181 19
77 244 19
77 251 19
77 302 19
77 355 19
77 407 19
77 443 19
77 447 19
443 447 19
1 42 20
2 30 20
2 35 20
2 42 20
2 75 20
2 175 20
7 30 20
7 42 20
14 30 20
14 42 20
15 42 20
22 42 20
26 42 20
27 42 20
28 42 20
30 42 20
30 64 20
30 83 20
34 42 20
35 42 20
38 42 20
38 51 20
38 75 20
38 175 20
40 42 20
41 42 20
42 48 20
42 50 20
42 51 20
42 52 20
42 55 20
42 64 20
42 66 20
42 67 20
42 71 20
42 75 20
42 77 20
42 78 20
42 79 20
42 82 20
42 83 20
42 101 20
42 112 20
42 164 20
42 166 20
42 175 20
42 181 20
42 199 20
42 288 20
42 346 20
42 349 20
42 381 20
51 52 20
51 278 20
76 381 20
7 50 21
7 205 21
7 265 21
8 57 21
8 62 21
8 199 21
14 40 21
15 40 21
15 57 21
15 96 21
15 205 21
15 211 21
22 40 21
26 40 21
34 40 21
34 184 21
34 211 21
37 40 21
37 50 21
37 83 21
37 169 21
37 184 21
40 41 21
40 50 21
40 57 21
40 62 21
40 64 21
40 66 21
40 83 21
40 95 21
40 96 21
40 165 21
40 169 21
40 184 21
40 205 21
40 210 21
40 215 21
40 225 21
40 265 21
40 275 21
40 276 21
40 287 21
40 298 21
40 313 21
40 320 21
42 50 21
50 57 21
50 83 21
50 96 21
50 205 21
57 83 21
71 184 21
71 210 21
71 298 21
83 96 21
83 169 21
83 211 21
96 184 21
165 184 21
169 210 21
169 211 21
184 210 21
210 298 21
2 50 22
8 50 22
8 210 22
20 40 22
20 50 22
22 320 22
22 341 22
34 50 22
37 50 22
37 57 22
37 205 22
37 211 22
40 59 22
40 63 22
40 199 22
40 211 22
40 262 22
40 274 22
40 281 22
40 303 22
40 329 22
40 338 22
40 341 22
40 370 22
40 375 22
40 441 22
50 58 22
50 59 22
50 62 22
50 63 22
50 64 22
50 83 22
50 95 22
50 108 22
50 147 22
50 165 22
50 166 22
50 199 22
50 211 22
50 225 22
50 262 22
50 267 22
50 274 22
50 278 22
50 281 22
50 300 22
50 303 22
50 313 22
50 314 22
50 319 22
50 339 22
50 341 22
50 370 22
57 165 22
57 211 22
96 211 22
165 211 22
169 329 22
184 205 22
184 210 22
184 211 22
184 265 22
184 298 22
184 320 22
205 210 22
210 211 22
210 303 22
211 314 22
211 320 22
2 108 23
6 108 23
7 108 23
7 312 23
8 108 23
15 108 23
15 312 23
17 108 23
18 108 23
21 40 23
21 71 23
21 96 23
21 173 23
21 312 23
22 108 23
26 108 23
30 108 23
33 108 23
34 108 23
38 108 23
40 108 23
40 312 23
42 108 23
49 71 23
49 108 23
49 252 23
50 108 23
55 108 23
57 312 23
58 108 23
61 108 23
64 108 23
66 108 23
71 108 23
71 312 23
80 108 23
83 108 23
95 108 23
96 108 23
96 252 23
96 312 23
101 108 23
107 108 23
108 122 23
108 166 23
108 173 23
108 181 23
108 195 23
108 199 23
108 205 23
108 215 23
108 225 23
108 252 23
108 254 23
173 312 23
205 312 23
252 312 23
252 334 23
3 6 24
3 10 24
3 12 24
3 14 24
3 16 24
3 18 24
3 20 24
3 26 24
3 27 24
3 28 24
3 33 24
3 34 24
3 36 24
3 37 24
3 38 24
3 40 24
3 55 24
3 57 24
3 62 24
3 64 24
3 65 24
3 66 24
3 83 24
3 112 24
3 122 24
3 155 24
3 164 24
3 172 24
3 173 24
3 194 24
3 199 24
3 204 24
3 215 24
3 219 24
3 221 24
3 256 24
3 276 24
10 122 24
12 54 24
12 122 24
16 122 24
28 33 24
33 38 24
33 47 24
33 122 24
33 203 24
34 54 24
36 122 24
38 56 24
40 54 24
40 122 24
54 62 24
54 64 24
54 83 24
54 122 24
55 122 24
56 57 24
57 122 24
64 122 24
65 122 24
83 122 24
122 155 24
122 173 24
122 203 24
122 219 24
122 221 24
181 439 24
3 16 25
3 36 25
6 12 25
6 14 25
6 16 25
6 23 25
6 24 25
6 29 25
6 36 25
6 185 25
6 218 25
11 36 25
12 36 25
13 36 25
15 36 25
16 22 25
16 23 25
16 36 25
16 41 25
16 45 25
16 61 25
16 64 25
16 94 25
16 100 25
16 155 25
22 36 25
22 60 25
23 36 25
23 124 25
25 36 25
27 36 25
29 36 25
33 36 25
36 38 25
36 48 25
36 59 25
36 60 25
36 66 25
36 68 25
36 73 25
36 74 25
36 83 25
36 94 25
36 122 25
36 124 25
36 128 25
36 145 25
36 150 25
36 154 25
36 155 25
36 160 25
36 166 25
36 169 25
36 218 25
36 222 25
36 395 25
122 154 25
154 166 25
1 76 26
1 88 26
2 15 26
2 284 26
2 360 26
3 364 26
3 384 26
3 386 26
3 440 26
4 96 26
4 369 26
4 386 26
10 34 26
14 64 26
14 76 26
14 267 26
15 37 26
15 53 26
15 54 26
15 57 26
15 101 26
15 199 26
15 244 26
15 360 26
15 386 26
18 59 26
18 166 26
18 284 26
18 392 26
22 49 26
22 53 26
22 59 26
22 76 26
22 80 26
22 101 26
22 267 26
22 282 26
22 360 26
22 440 26
26 33 26
26 101 26
26 199 26
26 229 26
26 270 26
31 77 26
31 284 26
33 42 26
37 96 26
37 381 26
38 54 26
38 66 26
38 199 26
38 219 26
40 96 26
40 101 26
40 298 26
40 360 26
42 62 26
46 360 26
52 80 26
52 101 26
53 80 26
53 96 26
53 181 26
53 204 26
53 265 26
53 284 26
53 369 26
53 402 26
54 199 26
54 384 26
57 61 26
57 101 26
57 199 26
57 360 26
57 381 26
59 101 26
61 360 26
62 66 26
62 80 26
62 101 26
62 166 26
62 181 26
62 204 26
62 227 26
62 256 26
62 268 26
62 383 26
62 397 26
62 402 26
62 440 26
64 350 26
64 383 26
66 282 26
66 358 26
66 383 26
66 384 26
66 386 26
67 384 26
76 80 26
76 108 26
76 227 26
76 268 26
76 284 26
76 360 26
80 101 26
80 241 26
80 256 26
88 239 26
95 101 26
95 360 26
95 388 26
101 199 26
101 239 26
101 241 26
101 256 26
101 282 26
101 283 26
101 316 26
101 318 26
101 353 26
101 360 26
101 369 26
101 386 26
101 388 26
101 402 26
108 284 26
108 386 26
163 252 26
163 414 26
165 166 26
166 276 26
173 422 26
181 384 26
181 394 26
192 268 26
192 282 26
194 229 26
194 422 26
199 283 26
199 284 26
199 307 26
199 328 26
199 360 26
199 369 26
199 386 26
199 402 26
199 431 26
204 284 26
215 442 26
227 283 26
239 282 26
239 284 26
239 436 26
241 360 26
265 386 26
280 302 26
280 383 26
282 360 26
282 369 26
283 360 26
283 397 26
284 369 26
284 383 26
298 360 26
302 358 26
318 408 26
325 384 26
328 353 26
360 381 26
360 386 26
360 388 26
360 392 26
360 394 26
360 440 26
369 386 26
381 383 26
384 397 26
386 414 26
436 445 26
6 15 27
6 52 27
14 15 27
15 16 27
15 36 27
15 37 27
15 40 27
15 52 27
15 57 27
15 60 27
15 62 27
15 67 27
15 96 27
15 107 27
15 160 27
15 165 27
15 173 27
15 199 27
15 205 27
15 211 27
15 215 27
15 225 27
15 227 27
15 228 27
15 241 27
15 256 27
15 275 27
15 303 27
15 433 27
15 437 27
22 52 27
34 318 27
40 213 27
40 318 27
57 165 27
57 213 27
57 318 27
57 389 27
60 213 27
60 389 27
83 318 27
96 213 27
96 318 27
160 437 27
173 213 27
173 318 27
199 213 27
199 318 27
205 318 27
213 389 27
241 433 27
275 303 27
282 318 27
307 318 27
318 319 27
318 333 27
318 389 27
2 64 28
7 64 28
10 57 28
27 64 28
28 64 28
34 64 28
38 64 28
40 64 28
43 57 28
45 57 28
48 64 28
50 64 28
56 57 28
57 64 28
57 84 28
57 99 28
57 100 28
57 131 28
57 155 28
57 194 28
57 196 28
57 215 28
57 228 28
57 250 28
57 310 28
57 342 28
64 66 28
64 72 28
64 83 28
64 96 28
64 112 28
64 164 28
64 199 28
64 241 28
72 99 28
72 194 28
72 225 28
2 6 29
2 16 29
2 36 29
2 73 29
2 128 29
3 6 29
3 16 29
3 36 29
6 16 29
6 23 29
6 25 29
6 33 29
6 36 29
6 38 29
6 43 29
6 54 29
6 66 29
6 73 29
6 94 29
6 122 29
6 124 29
6 159 29
6 166 29
6 196 29
6 222 29
16 23 29
16 24 29
16 30 29
16 33 29
16 35 29
16 36 29
16 38 29
16 43 29
16 64 29
16 66 29
16 73 29
16 75 29
16 84 29
16 94 29
16 99 29
16 122 29
16 140 29
16 166 29
16 177 29
16 194 29
16 222 29
16 273 29
16 432 29
23 36 29
25 36 29
25 122 29
33 36 29
36 38 29
36 45 29
36 54 29
36 56 29
36 64 29
36 74 29
36 94 29
36 122 29
36 124 29
36 159 29
36 166 29
36 222 29
36 232 29
36 272 29
73 122 29
1 14 30
1 65 30
1 71 30
2 14 30
2 65 30
7 14 30
14 22 30
14 24 30
14 34 30
14 38 30
14 40 30
14 41 30
14 50 30
14 52 30
14 62 30
14 65 30
14 67 30
14 71 30
14 72 30
14 83 30
14 85 30
14 87 30
14 88 30
14 91 30
14 93 30
14 102 30
14 110 30
14 111 30
14 120 30
14 166 30
14 225 30
14 352 30
14 435 30
38 65 30
41 65 30
41 85 30
52 58 30
52 59 30
52 65 30
52 85 30
52 87 30
52 197 30
52 300 30
59 300 30
65 85 30
65 87 30
65 111 30
65 122 30
65 166 30
72 87 30
85 410 30
85 421 30
410 421 30
1 26 31
2 26 31
7 26 31
14 26 31
15 26 31
20 26 31
22 26 31
26 27 31
26 28 31
26 30 31
26 34 31
26 40 31
26 41 31
26 42 31
26 46 31
26 48 31
26 50 31
26 54 31
26 55 31
26 59 31
26 66 31
26 67 31
26 70 31
26 77 31
26 78 31
26 79 31
26 82 31
26 83 31
26 92 31
26 112 31
26 114 31
26 122 31
26 123 31
26 164 31
26 166 31
26 170 31
26 181 31
26 219 31
26 300 31
26 304 31
26 450 31
2 10 32
2 53 32
3 10 32
4 7 32
4 10 32
4 11 32
4 18 32
4 21 32
4 22 32
4 39 32
4 49 32
4 50 32
4 108 32
7 10 32
7 59 32
7 208 32
10 11 32
10 14 32
10 15 32
10 20 32
10 22 32
10 27 32
10 28 32
10 31 32
10 32 32
10 38 32
10 39 32
10 40 32
10 42 32
10 46 32
10 50 32
10 53 32
10 55 32
10 58 32
10 59 32
10 62 32
10 63 32
10 68 32
10 71 32
10 77 32
10 99 32
10 101 32
10 122 32
10 259 32
11 14 32
11 22 32
11 41 32
11 48 32
11 256 32
11 286 32
14 65 32
22 27 32
22 39 32
22 40 32
22 46 32
22 50 32
22 71 32
22 215 32
34 53 32
34 71 32
39 147 32
39 205 32
39 210 32
39 211 32
39 215 32
39 265 32
40 50 32
40 71 32
46 112 32
48 62 32
59 208 32
63 95 32
70 99 32
1 55 33
2 55 33
7 55 33
14 55 33
15 55 33
22 55 33
24 55 33
26 55 33
27 55 33
28 55 33
34 55 33
41 55 33
42 55 33
48 55 33
50 55 33
55 65 33
55 66 33
55 67 33
55 77 33
55 83 33
55 86 33
55 89 33
55 92 33
55 105 33
55 108 33
55 112 33
55 117 33
55 122 33
55 181 33
55 219 33
55 244 33
55 252 33
55 264 33
55 429 33
2 78 34
7 78 34
15 78 34
22 78 34
24 78 34
27 78 34
28 78 34
31 78 34
32 78 34
35 78 34
38 78 34
40 78 34
41 78 34
42 78 34
50 78 34
55 78 34
64 78 34
66 78 34
67 78 34
69 78 34
69 133 34
77 78 34
78 79 34
78 80 34
78 82 34
78 83 34
78 108 34
78 140 34
78 143 34
78 144 34
78 146 34
78 164 34
78 166 34
78 177 34
78 181 34
78 186 34
78 187 34
78 202 34
78 252 34
78 277 34
78 331 34
78 387 34
79 82 34
137 143 34
140 273 34
27 201 35
27 220 35
31 223 35
31 244 35
31 246 35
31 269 35
31 291 35
31 292 35
97 98 35
97 152 35
97 158 35
97 167 35
97 171 35
97 189 35
97 190 35
97 198 35
97 200 35
97 285 35
97 357 35
98 134 35
98 149 35
98 156 35
98 167 35
98 168 35
98 189 35
98 190 35
98 220 35
98 230 35
98 327 35
98 367 35
134 167 35
134 168 35
149 156 35
149 201 35
149 223 35
149 230 35
152 153 35
152 171 35
152 200 35
152 373 35
152 379 35
153 214 35
153 285 35
153 337 35
153 373 35
156 201 35
156 230 35
156 257 35
158 200 35
167 189 35
168 367 35
171 200 35
171 379 35
187 188 35
187 217 35
187 220 35
187 235 35
187 242 35
187 266 35
187 269 35
187 291 35
187 306 35
189 190 35
198 285 35
200 285 35
201 217 35
201 220 35
201 223 35
201 230 35
201 231 35
201 257 35
202 217 35
202 220 35
202 235 35
202 306 35
213 220 35
214 285 35
217 242 35
223 230 35
223 231 35
230 231 35
230 257 35
231 257 35
246 291 35
269 292 35
285 337 35
285 357 35
291 292 35
337 373 35
373 379 35
1 14 36
4 19 36
4 21 36
7 8 36
7 14 36
7 19 36
8 19 36
8 135 36
14 19 36
18 19 36
19 20 36
19 22 36
19 26 36
19 32 36
19 36 36
19 38 36
19 40 36
19 42 36
19 44 36
19 45 36
19 48 36
19 50 36
19 58 36
19 59 36
19 64 36
19 67 36
19 68 36
19 69 36
19 76 36
19 80 36
19 81 36
19 95 36
19 100 36
19 108 36
19 135 36
19 147 36
19 148 36
19 215 36
19 244 36
19 413 36
20 107 36
20 234 36
22 411 36
26 116 36
35 67 36
38 70 36
39 50 36
44 82 36
45 55 36
48 112 36
51 100 36
55 68 36
59 215 36
68 101 36
69 244 36
77 411 36
77 413 36
95 210 36
95 211 36
135 210 36
135 211 36
1 14 37
14 15 37
14 24 37
14 48 37
14 52 37
14 65 37
14 72 37
14 85 37
14 87 37
14 88 37
14 89 37
14 90 37
14 91 37
14 93 37
14 103 37
14 104 37
14 110 37
14 111 37
14 112 37
14 115 37
14 120 37
14 130 37
14 164 37
14 248 37
14 322 37
14 332 37
14 336 37
14 343 37
14 352 37
14 354 37
14 393 37
14 404 37
14 426 37
14 428 37
14 444 37
52 65 37
52 85 37
65 85 37
65 88 37
65 93 37
72 85 37
85 248 37
248 249 37
