1 6
2 7
3 8
4 3
5 6
6 8
7 2
8 8
9 6
10 8
11 7
12 1
13 8
14 5
15 5
16 7
17 2
18 8
19 8
20 6
21 1
22 8
23 8
24 7
25 1
26 7
27 3
28 4
29 8
30 1
31 2
32 1
33 1
34 1
35 3
36 4
37 3
38 4
39 8
40 8
41 1
42 4
43 5
44 8
45 3
46 6
47 2
48 2
49 6
50 6
51 1
52 2
53 2
54 2
55 7
56 3
57 4
58 4
59 7
60 7
61 8
62 2
63 6
64 8
65 1
66 2
67 1
68 1
69 6
70 2
71 7
72 5
73 8
74 6
75 2
76 3
77 8
78 3
79 2
80 6
81 1
82 6
83 1
84 5
85 3
86 8
87 7
88 2
89 7
90 7
91 3
92 2
93 6
94 3
95 2
96 2
97 6
98 3
99 3
100 2
101 1
102 2
103 1
104 5
105 4
106 3
107 2
108 7
109 5
110 3
111 5
112 6
113 8
114 4
115 3
116 3
117 4
118 3
119 5
120 1
121 7
122 2
123 7
124 1
125 1
126 2
127 6
128 2
129 5
130 3
131 8
132 3
133 8
134 1
135 4
136 2
137 2
138 1
139 2
140 1
141 1
142 5
143 6
144 3
145 3
146 7
147 2
148 2
149 7
150 7
151 2
152 7
153 7
154 2
155 6
156 1
157 5
158 4
159 4
160 5
161 6
162 8
163 1
164 5
165 4
166 7
167 6
168 8
169 6
170 8
171 2
172 5
173 8
174 2
175 5
176 8
177 5
178 4
179 8
180 3
181 7
182 1
183 3
184 1
185 4
186 2
187 8
188 4
189 3
190 1
191 1
192 8
193 2
194 1
195 6
196 3
197 4
198 8
199 1
200 1
201 3
202 1
203 1
204 5
205 7
206 2
207 6
208 2
209 2
210 2
211 1
212 6
213 4
214 6
215 2
216 7
217 7
218 4
219 2
220 4
221 6
222 1
223 3
224 1
225 6
226 2
227 2
228 2
229 5
230 4
231 6
232 8
233 4
234 3
235 1
236 1
237 5
238 5
239 1
240 4
241 1
242 7
243 8
244 8
245 7
246 7
247 2
248 7
249 6
250 7
251 7
252 5
253 2
254 1
255 6
256 8
257 5
258 3
259 3
260 3
261 3
262 6
263 2
264 8
265 3
266 8
267 8
268 6
269 8
270 1
271 3
272 4
273 3
274 5
275 1
276 6
277 5
278 3
279 3
280 4
281 1
282 8
283 2
284 4
285 1
286 2
287 2
288 3
289 3
290 5
291 1
292 1
293 2
294 2
295 1
296 2
297 4
298 6
299 5
300 5
301 2
302 7
303 8
304 1
305 6
306 8
307 8
308 5
309 6
310 6
311 2
312 4
313 2
314 2
315 5
316 2
317 7
318 5
319 5
320 2
321 7
322 2
323 1
324 4
325 6
326 8
327 6
328 5
329 4
330 2
331 4
332 8
333 4
334 2
335 2
336 5
337 7
338 1
339 8
340 1
341 4
342 5
343 1
344 5
345 4
346 7
347 3
348 1
349 6
350 2
351 7
352 7
353 5
354 5
355 5
356 3
357 2
358 3
359 4
360 2
361 1
362 7
363 6
364 2
365 7
366 1
367 3
368 8
369 1
370 4
371 6
372 3
373 7
374 7
375 6
376 1
377 2
378 2
379 2
380 1
381 7
382 8
383 1
384 8
385 1
386 4
387 4
388 8
389 6
390 2
391 5
392 8
393 2
394 8
395 2
396 6
397 1
398 6
399 6
400 4
401 4
402 2
403 5
404 5
405 5
406 2
407 1
408 4
409 2
410 6
411 1
412 2
413 2
414 6
415 1
416 5
417 3
418 4
419 4
420 4
421 5
422 5
423 5
424 2
425 8
426 7
427 1
428 2
429 5
430 6
431 5
432 6
433 2
434 1
435 4
436 3
437 1
438 2
439 1
440 4
441 4
442 7
443 2
444 5
445 3
446 2
447 7
448 6
449 4
450 2
451 2
452 8
453 8
454 8
455 2
456 2
457 8
458 7
459 7
460 6
461 6
462 6
463 6
464 8
465 3
466 3
467 6
468 1
469 6
470 2
471 2
472 5
473 3
474 4
475 2
476 3
477 1
478 8
479 4
480 1
481 5
482 8
483 3
484 5
485 5
486 1
487 3
488 1
489 3
490 7
491 2
492 5
493 6
494 1
495 7
496 2
497 5
498 2
499 5
500 1
501 1
502 3
503 1
504 7
505 3
506 3
507 3
508 3
509 5
510 4
511 2
512 4
513 4
514 8
515 7
516 8
517 3
518 7
519 3
520 5
521 7
522 2
523 2
524 8
525 1
526 7
527 4
528 2
529 6
530 1
531 3
532 3
533 3
534 7
535 6
536 1
537 7
538 7
539 6
540 2
541 3
542 6
543 7
544 6
545 7
546 1
547 7
548 6
549 6
550 5
551 2
552 3
553 8
554 5
555 1
556 6
557 8
558 8
559 8
560 5
561 3
562 4
563 8
564 4
565 1
566 1
567 6
568 4
569 2
570 5
571 8
572 1
573 2
574 2
575 7
576 1
577 3
578 8
579 3
580 3
581 8
582 8
583 5
584 1
585 7
586 8
587 6
588 8
589 8
590 2
591 6
592 2
593 1
594 3
595 7
596 4
597 8
598 8
599 4
600 1
601 2
602 3
603 8
604 7
605 7
606 7
607 5
608 8
609 3
610 8
611 1
612 1
613 2
614 1
615 3
616 8
617 2
618 1
619 4
620 8
621 8
622 4
623 1
624 4
625 6
626 4
627 7
628 1
629 1
630 8
631 2
632 6
633 4
634 8
635 6
636 2
637 2
638 5
639 3
640 6
641 1
642 1
643 6
644 5
645 6
646 4
647 4
648 2
649 1
650 3
651 6
652 3
653 3
654 4
655 8
656 2
657 5
658 8
659 7
660 8
661 2
662 8
663 8
664 3
665 8
666 1
667 2
668 2
669 3
670 5
671 5
672 2
673 1
674 5
675 6
676 4
677 6
678 7
679 3
680 8
681 4
682 1
683 4
684 7
685 2
686 3
687 1
688 1
689 2
690 7
691 1
692 2
693 5
694 5
695 7
696 3
697 1
698 2
699 2
700 8
701 7
702 4
703 8
704 4
705 7
706 5
707 7
708 2
709 5
710 2
711 5
712 8
713 1
714 2
715 7
716 5
717 3
718 3
719 4
720 4
721 8
722 1
723 2
724 6
725 5
726 8
727 8
728 4
729 6
730 8
731 5
732 8
733 2
734 1
735 5
736 7
737 1
738 2
739 2
740 3
741 4
742 5
743 6
744 8
745 2
746 4
747 6
748 5
749 2
750 8
751 6
752 8
753 2
754 4
755 4
756 3
757 8
758 2
759 8
760 1
761 2
762 2
763 5
764 7
765 1
766 6
767 1
768 7
769 8
770 6
771 2
772 1
773 3
774 2
775 7
776 1
777 2
778 3
779 1
780 6
781 5
782 2
783 8
784 1
785 2
786 8
787 1
788 1
789 1
790 4
791 1
792 8
793 2
794 8
795 5
796 5
797 4
798 7
799 4
800 2
801 7
802 3
803 8
804 5
805 1
806 2
807 7
808 8
809 1
810 5
811 7
812 2
813 7
814 5
815 4
816 8
817 3
818 8
819 6
820 4
821 5
822 1
823 5
824 2
825 8
826 2
827 5
828 4
829 5
830 2
831 7
832 4
833 4
834 6
835 1
836 3
837 8
838 3
839 8
840 4
841 8
842 1
843 4
844 3
845 4
846 6
847 2
848 6
849 6
850 6
851 6
852 2
853 1
854 1
855 6
856 2
857 6
858 6
859 8
860 5
861 5
862 6
863 7
864 7
865 3
866 8
867 8
868 2
869 8
870 1
871 5
872 5
873 5
874 2
875 8
876 6
877 1
878 8
879 1
880 8
881 6
882 4
883 7
884 1
885 5
886 3
887 8
888 6
889 4
890 7
891 4
892 6
893 6
894 1
895 5
896 5
897 2
898 6
899 7
900 3
901 5
902 6
903 4
904 1
905 8
906 7
907 5
908 5
909 5
910 5
911 2
912 6
913 5
914 8
915 3
916 1
917 3
918 2
919 5
920 6
921 8
922 3
923 2
924 5
925 2
926 6
927 6
928 8
929 7
930 5
931 5
932 3
933 6
934 2
935 8
936 8
937 6
938 8
939 8
940 5
941 8
942 3
943 2
944 8
945 5
946 8
947 6
948 2
949 2
950 6
951 5
952 6
953 6
954 5
955 2
956 2
957 6
958 6
959 1
960 8
961 8
962 8
963 8
964 8
965 2
966 1
967 8
968 1
969 2
970 8
971 1
972 1
973 2
974 2
975 1
976 2
977 2
978 2
979 1
980 1
981 2
982 8
983 8
984 2
985 1
986 2
987 1
988 8
989 1
990 2
991 1
992 1
993 1
994 2
995 2
996 2
997 2
998 2
999 2
1000 2
