1 3
2 7
3 9
4 7
5 1
6 3
7 2
8 2
9 9
10 6
11 9
12 6
13 10
14 4
15 6
16 2
17 4
18 1
19 1
20 8
21 1
22 10
23 7
24 10
25 3
26 7
27 4
28 2
29 7
30 10
31 7
32 7
33 8
34 5
35 4
36 3
37 2
38 7
39 5
40 3
41 7
42 5
43 8
44 4
45 8
46 6
47 9
48 8
49 8
50 7
51 3
52 7
53 3
54 6
55 3
56 3
57 9
58 4
59 2
60 10
61 2
62 1
63 8
64 2
65 7
66 4
67 9
68 9
69 5
70 6
71 4
72 4
73 1
74 4
75 3
76 4
77 1
78 8
79 8
80 5
81 4
82 1
83 8
84 9
85 7
86 3
87 9
88 5
89 6
90 6
91 2
92 10
93 7
94 8
95 3
96 8
97 7
98 8
99 4
100 6
101 9
102 4
103 7
104 8
105 2
106 10
107 6
108 3
109 7
110 4
111 6
112 8
113 9
114 8
115 2
116 7
117 7
118 1
119 5
120 9
121 7
122 4
123 9
124 3
125 4
126 9
127 7
128 7
129 1
130 10
131 3
132 8
133 2
134 6
135 2
136 10
137 7
138 2
139 6
140 5
141 5
142 4
143 1
144 6
145 8
146 4
147 7
148 5
149 10
150 1
151 8
152 2
153 6
154 1
155 5
156 10
157 2
158 7
159 2
160 9
161 2
162 1
163 1
164 8
165 9
166 2
167 1
168 4
169 8
170 10
171 9
172 5
173 3
174 8
175 4
176 10
177 7
178 2
179 3
180 1
181 7
182 5
183 1
184 4
185 9
186 5
187 4
188 4
189 7
190 10
191 7
192 3
193 2
194 6
195 4
196 5
197 3
198 9
199 6
200 9
201 1
202 3
203 2
204 6
205 7
206 8
207 4
208 8
209 1
210 9
211 10
212 7
213 7
214 2
215 8
216 8
217 8
218 8
219 8
220 3
221 2
222 8
223 4
224 10
225 10
226 4
227 6
228 9
229 4
230 6
231 8
232 6
233 3
234 5
235 5
236 7
237 7
238 6
239 2
240 7
241 9
242 7
243 10
244 6
245 8
246 7
247 2
248 4
249 3
250 8
251 1
252 6
253 5
254 6
255 2
256 6
257 6
258 3
259 4
260 5
261 10
262 8
263 3
264 3
265 2
266 2
267 2
268 8
269 1
270 10
271 6
272 5
273 2
274 4
275 10
276 3
277 3
278 1
279 6
280 4
281 6
282 8
283 9
284 9
285 5
286 1
287 5
288 10
289 2
290 1
291 4
292 4
293 4
294 8
295 10
296 3
297 3
298 3
299 9
300 5
301 10
302 8
303 7
304 7
305 9
306 5
307 1
308 2
309 4
310 4
311 7
312 4
313 2
314 6
315 4
316 4
317 1
318 9
319 7
320 5
321 5
322 7
323 4
324 3
325 9
326 7
327 3
328 6
329 6
330 7
331 8
332 3
333 10
334 6
335 2
336 9
337 8
338 1
339 1
340 3
341 3
342 9
343 1
344 8
345 7
346 4
347 5
348 5
349 4
350 9
351 10
352 4
353 1
354 7
355 6
356 2
357 3
358 3
359 2
360 2
361 8
362 10
363 2
364 4
365 4
366 5
367 6
368 2
369 2
370 7
371 7
372 2
373 9
374 4
375 8
376 6
377 10
378 6
379 4
380 6
381 8
382 7
383 1
384 7
385 2
386 6
387 9
388 1
389 8
390 5
391 9
392 4
393 4
394 4
395 6
396 2
397 10
398 8
399 4
400 5
401 6
402 9
403 1
404 2
405 9
406 7
407 2
408 7
409 10
410 4
411 3
412 5
413 10
414 10
415 7
416 8
417 2
418 1
419 4
420 1
421 3
422 5
423 5
424 5
425 10
426 6
427 7
428 5
429 7
430 1
431 4
432 5
433 5
434 2
435 8
436 3
437 10
438 5
439 8
440 3
441 2
442 1
443 3
444 7
445 9
446 7
447 8
448 2
449 10
450 3
451 1
452 7
453 8
454 8
455 8
456 10
457 6
458 5
459 5
460 10
461 6
462 5
463 10
464 4
465 1
466 9
467 10
468 8
469 9
470 7
471 1
472 5
473 10
474 2
475 6
476 5
477 1
478 5
479 6
480 7
481 7
482 1
483 3
484 5
485 7
486 4
487 7
488 7
489 4
490 9
491 3
492 2
493 5
494 2
495 3
496 4
497 7
498 2
499 6
500 4
501 4
502 2
503 3
504 8
505 10
506 6
507 2
508 3
509 7
510 4
511 2
512 9
513 6
514 3
515 6
516 7
517 9
518 10
519 10
520 10
521 4
522 4
523 1
524 6
525 9
526 9
527 1
528 9
529 3
530 3
531 6
532 4
533 2
534 8
535 7
536 3
537 10
538 8
539 3
540 8
541 3
542 6
543 2
544 4
545 1
546 8
547 2
548 1
549 7
550 8
551 9
552 1
553 5
554 7
555 2
556 8
557 6
558 5
559 2
560 3
561 8
562 2
563 5
564 9
565 4
566 7
567 6
568 10
569 2
570 4
571 4
572 9
573 10
574 2
575 1
576 2
577 9
578 4
579 3
580 5
581 2
582 1
583 1
584 2
585 1
586 2
587 5
588 2
589 10
590 3
591 3
592 7
593 5
594 2
595 2
596 9
597 4
598 2
599 9
600 10
601 4
602 5
603 6
604 5
605 9
606 8
607 2
608 1
609 2
610 9
611 9
612 6
613 1
614 3
615 2
616 4
617 3
618 1
619 8
620 10
621 6
622 10
623 1
624 5
625 5
626 8
627 6
628 7
629 1
630 10
631 5
632 3
633 5
634 8
635 8
636 10
637 2
638 3
639 7
640 1
641 4
642 5
643 5
644 10
645 1
646 9
647 6
648 3
649 1
650 4
651 7
652 10
653 6
654 8
655 5
656 3
657 5
658 8
659 4
660 6
661 8
662 7
663 4
664 5
665 8
666 6
667 6
668 10
669 8
670 3
671 9
672 9
673 5
674 5
675 4
676 7
677 6
678 6
679 7
680 4
681 9
682 6
683 6
684 6
685 2
686 2
687 10
688 7
689 10
690 7
691 5
692 2
693 4
694 9
695 9
696 9
697 6
698 3
699 2
700 1
701 1
702 1
703 1
704 5
705 6
706 5
707 1
708 1
709 2
710 8
711 7
712 6
713 4
714 4
715 3
716 5
717 6
718 2
719 4
720 10
721 8
722 8
723 5
724 9
725 5
726 1
727 2
728 9
729 1
730 8
731 5
732 7
733 1
734 4
735 4
736 5
737 6
738 7
739 5
740 2
741 8
742 2
743 10
744 1
745 5
746 7
747 4
748 4
749 10
750 7
751 7
752 4
753 2
754 1
755 6
756 5
757 6
758 1
759 8
760 7
761 8
762 1
763 3
764 2
765 7
766 1
767 4
768 6
769 3
770 8
771 8
772 9
773 1
774 2
775 2
776 1
777 7
778 1
779 6
780 7
781 10
782 5
783 8
784 7
785 7
786 1
787 6
788 9
789 7
790 4
791 2
792 2
793 3
794 5
795 3
796 8
797 8
798 1
799 8
800 9
801 3
802 5
803 2
804 8
805 10
806 1
807 4
808 4
809 7
810 2
811 9
812 4
813 3
814 5
815 10
816 10
817 9
818 6
819 1
820 1
821 10
822 2
823 9
824 9
825 1
826 9
827 10
828 1
829 5
830 8
831 7
832 3
833 2
834 7
835 1
836 10
837 10
838 7
839 1
840 5
841 4
842 8
843 8
844 7
845 4
846 3
847 9
848 8
849 9
850 6
851 9
852 7
853 2
854 1
855 1
856 7
857 10
858 1
859 5
860 1
861 8
862 7
863 7
864 10
865 5
866 6
867 8
868 3
869 3
870 4
871 4
872 1
873 4
874 10
875 2
876 4
877 4
878 8
879 3
880 1
881 4
882 2
883 4
884 1
885 8
886 3
887 10
888 5
889 2
890 4
891 10
892 9
893 10
894 5
895 10
896 1
897 2
898 9
899 1
900 2
901 3
902 4
903 4
904 2
905 1
906 7
907 9
908 3
909 2
910 10
911 4
912 3
913 6
914 3
915 1
916 7
917 9
918 10
919 2
920 8
921 1
922 8
923 3
924 4
925 10
926 2
927 4
928 3
929 8
930 3
931 6
932 7
933 2
934 8
935 2
936 8
937 8
938 4
939 4
940 8
941 1
942 4
943 4
944 3
945 4
946 7
947 3
948 1
949 8
950 2
951 3
952 4
953 7
954 2
955 7
956 8
957 7
958 8
959 7
960 4
961 8
962 4
963 7
964 4
965 7
966 8
967 4
968 4
969 7
970 4
971 2
972 4
973 7
974 4
975 4
976 2
977 7
978 7
979 7
980 7
981 7
982 7
983 7
984 4
985 4
986 4
987 7
988 7
989 4
990 7
991 7
992 7
993 7
994 7
995 7
996 7
997 4
998 4
999 4
1000 4
