1 2
2 4
3 2
4 5
5 1
6 2
7 3
8 6
9 6
10 5
11 1
12 4
13 4
14 1
15 1
16 4
17 6
18 5
19 1
20 1
21 1
22 2
23 4
24 6
25 6
26 5
27 5
28 6
29 6
30 6
31 1
32 3
33 5
34 6
35 3
36 4
37 1
38 1
39 5
40 5
41 2
42 1
43 1
44 2
45 4
46 4
47 5
48 6
49 5
50 4
51 6
52 5
53 5
54 6
55 2
56 6
57 3
58 6
59 6
60 3
61 2
62 6
63 1
64 1
65 2
66 6
67 6
68 2
69 4
70 2
71 6
72 6
73 3
74 6
75 4
76 1
77 4
78 1
79 1
80 6
81 1
82 5
83 2
84 4
85 5
86 1
87 4
88 2
89 3
90 3
91 1
92 4
93 1
94 6
95 6
96 5
97 4
98 3
99 4
100 2
101 4
102 2
103 1
104 4
105 2
106 2
107 6
108 3
109 2
110 1
111 6
112 4
113 4
114 6
115 5
116 1
117 6
118 6
119 6
120 4
121 6
122 1
123 3
124 4
125 1
126 5
127 3
128 6
129 6
130 1
131 1
132 6
133 1
134 4
135 6
136 3
137 4
138 3
139 1
140 1
141 3
142 2
143 6
144 6
145 3
146 4
147 3
148 2
149 5
150 4
151 4
152 4
153 5
154 4
155 6
156 5
157 2
158 1
159 5
160 4
161 4
162 4
163 4
164 2
165 2
166 4
167 5
168 6
169 2
170 4
171 2
172 2
173 5
174 6
175 6
176 1
177 2
178 6
179 4
180 2
181 6
182 3
183 4
184 4
185 5
186 3
187 3
188 4
189 2
190 1
191 6
192 6
193 6
194 4
195 1
196 1
197 6
198 1
199 5
200 1
201 2
202 5
203 2
204 4
205 2
206 2
207 2
208 3
209 2
210 5
211 4
212 6
213 6
214 1
215 4
216 4
217 3
218 3
219 5
220 4
221 5
222 1
223 6
224 6
225 6
226 6
227 6
228 1
229 2
230 1
231 4
232 4
233 1
234 2
235 5
236 4
237 5
238 5
239 6
240 6
241 4
242 6
243 6
244 2
245 5
246 4
247 2
248 4
249 2
250 4
251 1
252 4
253 4
254 2
255 3
256 4
257 6
258 6
259 2
260 2
261 2
262 1
263 3
264 6
265 2
266 1
267 1
268 2
269 6
270 5
271 2
272 6
273 1
274 4
275 1
276 4
277 6
278 1
279 3
280 6
281 5
282 5
283 4
284 4
285 2
286 6
287 5
288 6
289 5
290 5
291 4
292 3
293 6
294 2
295 4
296 6
297 2
298 1
299 4
300 6
301 4
302 5
303 3
304 2
305 3
306 2
307 4
308 1
309 6
310 5
311 2
312 1
313 1
314 6
315 3
316 3
317 4
318 4
319 4
320 4
321 1
322 5
323 4
324 2
325 6
326 6
327 4
328 5
329 6
330 5
331 5
332 2
333 3
334 3
335 4
336 1
337 6
338 5
339 1
340 4
341 3
342 3
343 5
344 5
345 6
346 6
347 1
348 3
349 4
350 3
351 4
352 6
353 5
354 5
355 6
356 1
357 1
358 1
359 1
360 3
361 6
362 1
363 4
364 4
365 4
366 5
367 2
368 1
369 3
370 3
371 6
372 2
373 1
374 1
375 1
376 3
377 3
378 6
379 1
380 1
381 2
382 3
383 2
384 6
385 5
386 3
387 1
388 6
389 2
390 4
391 4
392 4
393 4
394 6
395 2
396 4
397 3
398 6
399 3
400 4
401 2
402 4
403 6
404 5
405 4
406 2
407 5
408 1
409 4
410 3
411 6
412 6
413 6
414 5
415 5
416 4
417 2
418 1
419 4
420 4
421 5
422 1
423 4
424 5
425 2
426 4
427 2
428 1
429 3
430 4
431 4
432 3
433 4
434 3
435 1
436 2
437 4
438 6
439 5
440 4
441 1
442 2
443 2
444 4
445 2
446 2
447 4
448 6
449 2
450 6
451 3
452 3
453 1
454 4
455 5
456 1
457 2
458 2
459 6
460 3
461 1
462 4
463 5
464 1
465 4
466 4
467 3
468 6
469 4
470 6
471 1
472 2
473 4
474 1
475 1
476 2
477 3
478 6
479 2
480 5
481 4
482 3
483 1
484 2
485 5
486 4
487 5
488 6
489 3
490 4
491 2
492 6
493 5
494 3
495 5
496 4
497 6
498 3
499 4
500 1
501 2
502 6
503 6
504 6
505 4
506 4
507 1
508 4
509 4
510 3
511 5
512 2
513 4
514 5
515 6
516 4
517 3
518 1
519 5
520 3
521 6
522 2
523 4
524 1
525 3
526 1
527 4
528 5
529 5
530 1
531 3
532 1
533 2
534 1
535 6
536 3
537 6
538 4
539 5
540 3
541 6
542 1
543 4
544 2
545 1
546 5
547 2
548 5
549 1
550 3
551 3
552 5
553 1
554 6
555 5
556 1
557 2
558 4
559 3
560 5
561 1
562 4
563 4
564 1
565 6
566 2
567 2
568 3
569 3
570 2
571 5
572 2
573 1
574 1
575 6
576 1
577 2
578 3
579 2
580 1
581 6
582 3
583 2
584 5
585 1
586 4
587 1
588 3
589 1
590 4
591 4
592 6
593 5
594 5
595 1
596 1
597 6
598 6
599 5
600 1
601 1
602 1
603 4
604 2
605 2
606 4
607 2
608 4
609 4
610 6
611 3
612 6
613 3
614 4
615 1
616 3
617 6
618 4
619 2
620 3
621 6
622 3
623 5
624 1
625 3
626 2
627 4
628 6
629 1
630 2
631 1
632 4
633 5
634 5
635 4
636 2
637 6
638 4
639 5
640 5
641 5
642 4
643 2
644 5
645 4
646 3
647 6
648 2
649 3
650 4
651 6
652 6
653 4
654 3
655 1
656 3
657 4
658 5
659 1
660 6
661 1
662 3
663 2
664 3
665 3
666 1
667 1
668 3
669 3
670 6
671 5
672 1
673 3
674 2
675 6
676 4
677 6
678 3
679 4
680 1
681 4
682 4
683 6
684 3
685 1
686 1
687 2
688 3
689 3
690 5
691 2
692 2
693 4
694 6
695 1
696 5
697 2
698 1
699 1
700 6
701 4
702 6
703 4
704 1
705 5
706 1
707 4
708 3
709 1
710 5
711 6
712 4
713 6
714 6
715 1
716 1
717 4
718 5
719 5
720 4
721 2
722 1
723 6
724 2
725 4
726 4
727 3
728 4
729 2
730 3
731 2
732 4
733 5
734 3
735 6
736 4
737 5
738 3
739 4
740 1
741 5
742 1
743 5
744 1
745 4
746 1
747 4
748 1
749 4
750 3
751 2
752 6
753 3
754 5
755 6
756 1
757 5
758 1
759 1
760 4
761 3
762 1
763 5
764 6
765 2
766 3
767 2
768 6
769 4
770 2
771 6
772 4
773 6
774 1
775 3
776 2
777 6
778 5
779 1
780 5
781 1
782 2
783 1
784 5
785 4
786 1
787 4
788 5
789 5
790 3
791 6
792 1
793 4
794 4
795 4
796 1
797 4
798 3
799 2
800 6
801 3
802 4
803 4
804 4
805 4
806 5
807 3
808 1
809 6
810 1
811 4
812 6
813 4
814 5
815 1
816 2
817 5
818 2
819 6
820 2
821 6
822 3
823 3
824 4
825 6
826 5
827 5
828 3
829 5
830 6
831 4
832 4
833 5
834 6
835 1
836 4
837 4
838 1
839 3
840 1
841 2
842 4
843 4
844 2
845 3
846 2
847 2
848 2
849 6
850 5
851 6
852 6
853 2
854 4
855 6
856 5
857 5
858 1
859 5
860 5
861 2
862 1
863 1
864 4
865 3
866 1
867 3
868 5
869 4
870 6
871 6
872 5
873 3
874 1
875 1
876 1
877 4
878 4
879 3
880 4
881 2
882 2
883 5
884 6
885 3
886 1
887 4
888 5
889 1
890 5
891 1
892 5
893 6
894 2
895 1
896 2
897 4
898 5
899 2
900 1
901 4
902 2
903 4
904 5
905 4
906 2
907 6
908 6
909 3
910 2
911 5
912 6
913 5
914 6
915 4
916 1
917 4
918 5
919 2
920 1
921 2
922 5
923 1
924 6
925 5
926 5
927 4
928 4
929 6
930 2
931 1
932 1
933 5
934 6
935 6
936 4
937 2
938 1
939 3
940 3
941 4
942 5
943 6
944 4
945 6
946 2
947 1
948 2
949 2
950 5
951 1
952 4
953 6
954 2
955 1
956 2
957 4
958 1
959 4
960 6
961 6
962 4
963 6
964 4
965 1
966 1
967 6
968 4
969 4
970 6
971 1
972 1
973 6
974 6
975 6
976 6
977 6
978 1
979 4
980 4
981 4
982 1
983 4
984 4
985 4
986 1
987 1
988 4
989 1
990 4
991 4
992 4
993 4
994 4
995 4
996 4
997 4
998 4
999 4
1000 4
