1 24
2 6
3 16
4 21
5 13
6 3
7 17
8 10
9 25
10 24
11 6
12 4
13 3
14 21
15 25
16 13
17 25
18 25
19 25
20 16
21 3
22 21
23 7
24 16
25 14
26 2
27 4
28 13
29 1
30 4
31 22
32 21
33 4
34 20
35 10
36 17
37 2
38 12
39 9
40 14
41 18
42 20
43 19
44 22
45 11
46 9
47 11
48 9
49 22
50 2
51 13
52 13
53 8
54 16
55 26
56 5
57 12
58 10
59 2
60 1
61 14
62 25
63 10
64 12
65 19
66 24
67 19
68 17
69 26
70 10
71 8
72 26
73 25
74 19
75 14
76 2
77 14
78 17
79 19
80 22
81 12
82 2
83 12
84 18
85 2
86 1
87 14
88 10
89 23
90 10
91 14
92 12
93 18
94 19
95 10
96 8
97 19
98 16
99 14
100 9
101 5
102 22
103 5
104 2
105 10
106 6
107 3
108 13
109 8
110 3
111 19
112 15
113 1
114 4
115 9
116 5
117 4
118 17
119 25
120 14
121 15
122 18
123 25
124 11
125 22
126 7
127 26
128 13
129 6
130 25
131 19
132 2
133 22
134 3
135 4
136 13
137 22
138 9
139 4
140 26
141 11
142 19
143 5
144 25
145 4
146 25
147 10
148 9
149 12
150 20
151 7
152 15
153 18
154 5
155 10
156 24
157 23
158 14
159 18
160 21
161 10
162 13
163 3
164 18
165 2
166 20
167 17
168 24
169 24
170 23
171 23
172 8
173 25
174 23
175 19
176 15
177 26
178 12
179 26
180 25
181 25
182 10
183 13
184 1
185 25
186 25
187 22
188 15
189 21
190 3
191 11
192 17
193 22
194 3
195 9
196 21
197 18
198 13
199 9
200 18
201 3
202 12
203 10
204 14
205 10
206 12
207 1
208 21
209 14
210 20
211 19
212 22
213 20
214 17
215 16
216 16
217 7
218 24
219 6
220 1
221 8
222 25
223 5
224 8
225 22
226 15
227 7
228 2
229 17
230 3
231 2
232 24
233 20
234 15
235 12
236 4
237 4
238 8
239 15
240 23
241 15
242 5
243 2
244 1
245 10
246 17
247 13
248 12
249 14
250 19
251 2
252 22
253 22
254 15
255 1
256 21
257 8
258 1
259 23
260 18
261 1
262 26
263 5
264 25
265 11
266 16
267 6
268 20
269 10
270 18
271 23
272 16
273 24
274 10
275 16
276 17
277 17
278 22
279 2
280 17
281 21
282 26
283 8
284 13
285 25
286 11
287 9
288 12
289 17
290 20
291 16
292 5
293 22
294 24
295 21
296 10
297 8
298 20
299 5
300 25
301 8
302 25
303 3
304 6
305 18
306 10
307 2
308 17
309 25
310 17
311 24
312 10
313 20
314 17
315 23
316 12
317 3
318 24
319 26
320 19
321 10
322 12
323 18
324 16
325 10
326 14
327 8
328 12
329 3
330 10
331 26
332 16
333 1
334 3
335 24
336 15
337 4
338 6
339 19
340 3
341 3
342 9
343 5
344 3
345 8
346 9
347 18
348 9
349 10
350 12
351 23
352 15
353 10
354 2
355 26
356 9
357 2
358 9
359 24
360 5
361 15
362 13
363 21
364 13
365 9
366 7
367 4
368 11
369 7
370 14
371 17
372 8
373 25
374 8
375 23
376 10
377 17
378 13
379 22
380 15
381 17
382 4
383 24
384 9
385 8
386 18
387 15
388 13
389 7
390 6
391 4
392 5
393 4
394 14
395 8
396 12
397 2
398 12
399 25
400 26
401 18
402 2
403 14
404 21
405 23
406 23
407 7
408 16
409 24
410 15
411 10
412 21
413 19
414 16
415 7
416 1
417 18
418 1
419 16
420 9
421 17
422 15
423 4
424 11
425 8
426 19
427 1
428 10
429 26
430 20
431 4
432 17
433 25
434 13
435 8
436 1
437 16
438 5
439 7
440 22
441 18
442 24
443 26
444 16
445 5
446 2
447 19
448 6
449 17
450 11
451 7
452 23
453 8
454 25
455 15
456 6
457 14
458 26
459 11
460 14
461 19
462 24
463 22
464 6
465 26
466 21
467 15
468 15
469 6
470 14
471 22
472 19
473 13
474 1
475 21
476 4
477 1
478 17
479 6
480 16
481 5
482 6
483 22
484 12
485 23
486 11
487 3
488 2
489 23
490 17
491 19
492 1
493 14
494 8
495 18
496 8
497 16
498 19
499 12
500 24
501 9
502 26
503 11
504 25
505 12
506 2
507 24
508 23
509 19
510 14
511 13
512 7
513 10
514 26
515 17
516 13
517 22
518 24
519 1
520 1
521 3
522 20
523 25
524 19
525 12
526 14
527 13
528 7
529 3
530 9
531 10
532 10
533 19
534 22
535 6
536 17
537 12
538 22
539 24
540 19
541 1
542 19
543 7
544 5
545 22
546 5
547 17
548 17
549 21
550 24
551 6
552 19
553 4
554 10
555 6
556 21
557 2
558 25
559 9
560 20
561 11
562 19
563 18
564 24
565 3
566 8
567 10
568 11
569 16
570 23
571 17
572 16
573 24
574 12
575 7
576 15
577 16
578 1
579 3
580 1
581 25
582 2
583 8
584 26
585 14
586 10
587 3
588 2
589 9
590 7
591 22
592 21
593 20
594 23
595 10
596 16
597 26
598 3
599 24
600 17
601 7
602 9
603 17
604 25
605 2
606 17
607 3
608 15
609 6
610 10
611 17
612 11
613 17
614 1
615 11
616 9
617 25
618 19
619 2
620 20
621 15
622 10
623 19
624 21
625 23
626 25
627 15
628 4
629 17
630 2
631 2
632 18
633 8
634 12
635 21
636 18
637 23
638 9
639 5
640 19
641 17
642 13
643 8
644 1
645 9
646 4
647 12
648 9
649 24
650 18
651 17
652 7
653 18
654 22
655 26
656 21
657 22
658 3
659 17
660 4
661 1
662 1
663 12
664 11
665 3
666 1
667 9
668 5
669 11
670 10
671 18
672 21
673 14
674 4
675 10
676 1
677 18
678 3
679 19
680 7
681 10
682 2
683 17
684 10
685 5
686 13
687 17
688 3
689 6
690 17
691 22
692 25
693 9
694 9
695 23
696 26
697 10
698 18
699 2
700 25
701 6
702 24
703 11
704 9
705 14
706 19
707 5
708 11
709 17
710 3
711 11
712 25
713 11
714 10
715 23
716 13
717 11
718 21
719 3
720 12
721 20
722 13
723 11
724 24
725 9
726 14
727 14
728 18
729 24
730 16
731 12
732 15
733 23
734 23
735 13
736 18
737 20
738 15
739 4
740 12
741 10
742 24
743 16
744 10
745 26
746 24
747 26
748 10
749 7
750 12
751 17
752 10
753 14
754 22
755 19
756 19
757 12
758 26
759 7
760 17
761 1
762 16
763 7
764 12
765 13
766 26
767 17
768 21
769 7
770 23
771 16
772 23
773 17
774 10
775 13
776 22
777 24
778 23
779 16
780 24
781 1
782 2
783 22
784 5
785 23
786 24
787 6
788 11
789 4
790 16
791 13
792 9
793 3
794 17
795 19
796 6
797 18
798 22
799 12
800 4
801 7
802 6
803 26
804 19
805 3
806 22
807 20
808 2
809 2
810 8
811 13
812 6
813 6
814 24
815 5
816 3
817 23
818 19
819 11
820 4
821 19
822 15
823 9
824 14
825 23
826 6
827 12
828 7
829 15
830 3
831 13
832 24
833 12
834 13
835 1
836 10
837 1
838 14
839 18
840 8
841 21
842 13
843 20
844 22
845 9
846 17
847 10
848 22
849 15
850 24
851 15
852 2
853 19
854 26
855 18
856 25
857 26
858 14
859 10
860 5
861 10
862 7
863 7
864 13
865 12
866 11
867 4
868 6
869 23
870 5
871 26
872 8
873 16
874 14
875 20
876 18
877 18
878 18
879 3
880 11
881 12
882 19
883 11
884 7
885 7
886 11
887 10
888 23
889 14
890 19
891 13
892 12
893 19
894 21
895 2
896 17
897 13
898 11
899 9
900 1
901 21
902 6
903 1
904 24
905 13
906 25
907 16
908 13
909 16
910 4
911 5
912 17
913 16
914 1
915 24
916 3
917 25
918 23
919 12
920 20
921 4
922 25
923 14
924 18
925 1
926 10
927 21
928 12
929 12
930 16
931 19
932 11
933 11
934 10
935 2
936 4
937 8
938 5
939 10
940 9
941 13
942 5
943 17
944 12
945 11
946 24
947 5
948 11
949 17
950 22
951 22
952 3
953 17
954 10
955 5
956 4
957 3
958 21
959 17
960 16
961 6
962 24
963 3
964 15
965 12
966 15
967 21
968 13
969 22
970 22
971 25
972 15
973 23
974 6
975 3
976 13
977 2
978 6
979 20
980 12
981 1
982 20
983 17
984 7
985 7
986 21
987 8
988 12
989 10
990 23
991 15
992 7
993 24
994 10
995 19
996 4
997 23
998 12
999 4
1000 5
1001 3
1002 3
1003 5
1004 18
1005 21
1006 25
1007 5
1008 7
1009 3
1010 19
1011 1
1012 14
1013 24
1014 17
1015 22
1016 17
1017 13
1018 23
1019 19
1020 24
1021 16
1022 4
1023 6
1024 5
1025 5
1026 13
1027 6
1028 25
1029 24
1030 16
1031 22
1032 15
1033 4
1034 5
1035 6
1036 2
1037 11
1038 26
1039 17
1040 19
1041 20
1042 12
1043 25
1044 10
1045 5
1046 4
1047 25
1048 12
1049 3
1050 6
1051 12
1052 26
1053 3
1054 21
1055 25
1056 19
1057 23
1058 9
1059 20
1060 19
1061 23
1062 2
1063 20
1064 4
1065 16
1066 3
1067 9
1068 16
1069 10
1070 7
1071 14
1072 10
1073 4
1074 12
1075 16
1076 4
1077 23
1078 4
1079 9
1080 22
1081 1
1082 2
1083 25
1084 12
1085 13
1086 8
1087 25
1088 9
1089 11
1090 15
1091 9
1092 5
1093 13
1094 25
1095 11
1096 3
1097 16
1098 13
1099 14
1100 24
1101 3
1102 2
1103 26
1104 5
1105 7
1106 19
1107 19
1108 11
1109 6
1110 24
1111 26
1112 4
1113 19
1114 19
1115 26
1116 23
1117 23
1118 11
1119 17
1120 3
1121 18
1122 19
1123 8
1124 5
1125 26
1126 3
1127 25
1128 19
1129 14
1130 1
1131 8
1132 12
1133 5
1134 15
1135 9
1136 6
1137 18
1138 7
1139 18
1140 15
1141 10
1142 8
1143 7
1144 25
1145 10
1146 7
1147 4
1148 13
1149 11
1150 10
1151 25
1152 14
1153 15
1154 25
1155 25
1156 13
1157 1
1158 18
1159 3
1160 7
1161 4
1162 1
1163 13
1164 11
1165 20
1166 17
1167 20
1168 9
1169 7
1170 24
1171 8
1172 11
1173 5
1174 14
1175 20
1176 15
1177 21
1178 18
1179 17
1180 19
1181 15
1182 11
1183 25
1184 15
1185 8
1186 24
1187 24
1188 22
1189 24
1190 4
1191 2
1192 3
1193 1
1194 13
1195 1
1196 17
1197 7
1198 19
1199 26
1200 3
1201 7
1202 26
1203 1
1204 20
1205 10
1206 26
1207 17
1208 18
1209 16
1210 17
1211 8
1212 25
1213 14
1214 3
1215 12
1216 11
1217 13
1218 22
1219 13
1220 12
1221 24
1222 21
1223 23
1224 12
1225 5
1226 2
1227 9
1228 1
1229 4
1230 2
1231 22
1232 14
1233 24
1234 11
1235 11
1236 6
1237 4
1238 7
1239 14
1240 15
1241 11
1242 6
1243 15
1244 21
1245 9
1246 26
1247 1
1248 11
1249 11
1250 6
1251 16
1252 25
1253 17
1254 12
1255 23
1256 5
1257 26
1258 12
1259 21
1260 19
1261 22
1262 9
1263 5
1264 24
1265 1
1266 19
1267 13
1268 21
1269 14
1270 2
1271 17
1272 14
1273 24
1274 16
1275 12
1276 25
1277 19
1278 12
1279 20
1280 9
1281 15
1282 24
1283 11
1284 12
1285 1
1286 4
1287 12
1288 14
1289 24
1290 10
1291 18
1292 3
1293 8
1294 16
1295 16
1296 3
1297 3
1298 15
1299 20
1300 10
1301 7
1302 9
1303 17
1304 15
1305 3
1306 26
1307 6
1308 20
1309 2
1310 12
1311 23
1312 6
1313 10
1314 19
1315 24
1316 9
1317 14
1318 12
1319 5
1320 3
1321 26
1322 4
1323 24
1324 11
1325 5
1326 17
1327 1
1328 3
1329 20
1330 12
1331 6
1332 2
1333 3
1334 3
1335 15
1336 6
1337 17
1338 7
1339 21
1340 2
1341 19
1342 15
1343 17
1344 10
1345 3
1346 3
1347 9
1348 1
1349 4
1350 24
1351 13
1352 20
1353 13
1354 7
1355 10
1356 7
1357 12
1358 11
1359 11
1360 21
1361 12
1362 2
1363 3
1364 6
1365 1
1366 18
1367 10
1368 20
1369 6
1370 7
1371 12
1372 26
1373 11
1374 1
1375 15
1376 13
1377 14
1378 9
1379 14
1380 3
1381 25
1382 2
1383 12
1384 11
1385 11
1386 7
1387 22
1388 5
1389 24
1390 13
1391 7
1392 1
1393 23
1394 26
1395 6
1396 3
1397 23
1398 7
1399 3
1400 15
1401 10
1402 10
1403 9
1404 22
1405 11
1406 26
1407 2
1408 21
1409 19
1410 11
1411 6
1412 10
1413 19
1414 1
1415 14
1416 16
1417 12
1418 3
1419 20
1420 1
1421 15
1422 14
1423 22
1424 1
1425 7
1426 11
1427 3
1428 19
1429 19
1430 13
1431 15
1432 3
1433 15
1434 24
1435 14
1436 17
1437 1
1438 2
1439 14
1440 10
1441 20
1442 1
1443 19
1444 4
1445 14
1446 2
1447 14
1448 17
1449 2
1450 6
1451 23
1452 19
1453 1
1454 15
1455 22
1456 20
1457 3
1458 11
1459 17
1460 10
1461 5
1462 14
1463 24
1464 19
1465 24
1466 24
1467 10
1468 10
1469 7
1470 13
1471 4
1472 13
1473 7
1474 24
1475 26
1476 10
1477 17
1478 1
1479 21
1480 4
1481 10
1482 1
1483 21
1484 8
1485 8
1486 17
1487 17
1488 6
1489 11
1490 2
1491 1
1492 11
1493 9
1494 15
1495 2
1496 2
1497 4
1498 9
1499 17
1500 19
1501 22
1502 10
1503 22
1504 8
1505 3
1506 8
1507 1
1508 15
1509 12
1510 12
1511 15
1512 25
1513 12
1514 24
1515 22
1516 8
1517 24
1518 17
1519 2
1520 11
1521 24
1522 25
1523 12
1524 1
1525 21
1526 1
1527 4
1528 9
1529 21
1530 23
1531 22
1532 20
1533 11
1534 6
1535 6
1536 7
1537 18
1538 15
1539 17
1540 1
1541 18
1542 20
1543 18
1544 1
1545 26
1546 14
1547 8
1548 22
1549 21
1550 13
1551 22
1552 8
1553 20
1554 1
1555 9
1556 16
1557 10
1558 13
1559 24
1560 1
1561 6
1562 13
1563 6
1564 8
1565 22
1566 7
1567 23
1568 4
1569 21
1570 12
1571 20
1572 21
1573 4
1574 24
1575 5
1576 23
1577 12
1578 14
1579 12
1580 20
1581 8
1582 19
1583 2
1584 26
1585 18
1586 15
1587 16
1588 19
1589 6
1590 3
1591 7
1592 19
1593 12
1594 1
1595 12
1596 13
1597 21
1598 11
1599 15
1600 9
1601 19
1602 6
1603 4
1604 1
1605 3
1606 17
1607 14
1608 9
1609 25
1610 11
1611 13
1612 20
1613 7
1614 20
1615 7
1616 10
1617 15
1618 2
1619 8
1620 3
1621 7
1622 10
1623 3
1624 21
1625 19
1626 9
1627 2
1628 22
1629 1
1630 5
1631 4
1632 21
1633 1
1634 23
1635 16
1636 22
1637 14
1638 24
1639 6
1640 21
1641 6
1642 7
1643 10
1644 13
1645 10
1646 11
1647 25
1648 17
1649 14
1650 10
1651 4
1652 16
1653 1
1654 5
1655 24
1656 11
1657 13
1658 2
1659 15
1660 19
1661 14
1662 24
1663 8
1664 8
1665 7
1666 15
1667 1
1668 12
1669 17
1670 19
1671 10
1672 14
1673 24
1674 24
1675 5
1676 23
1677 3
1678 21
1679 20
1680 13
1681 22
1682 25
1683 8
1684 20
1685 9
1686 5
1687 19
1688 7
1689 15
1690 17
1691 15
1692 7
1693 18
1694 20
1695 17
1696 4
1697 2
1698 14
1699 17
1700 19
1701 17
1702 17
1703 7
1704 16
1705 16
1706 20
1707 24
1708 11
1709 25
1710 23
1711 24
1712 4
1713 12
1714 19
1715 14
1716 17
1717 18
1718 13
1719 14
1720 19
1721 3
1722 23
1723 10
1724 23
1725 3
1726 10
1727 2
1728 24
1729 14
1730 23
1731 23
1732 7
1733 18
1734 21
1735 10
1736 17
1737 7
1738 5
1739 20
1740 19
1741 3
1742 3
1743 26
1744 1
1745 5
1746 11
1747 7
1748 21
1749 12
1750 11
1751 9
1752 23
1753 18
1754 20
1755 19
1756 2
1757 15
1758 7
1759 11
1760 19
1761 24
1762 2
1763 7
1764 14
1765 2
1766 14
1767 13
1768 6
1769 2
1770 23
1771 4
1772 21
1773 6
1774 11
1775 20
1776 1
1777 21
1778 9
1779 6
1780 11
1781 7
1782 22
1783 17
1784 12
1785 12
1786 17
1787 6
1788 17
1789 5
1790 6
1791 12
1792 19
1793 8
1794 3
1795 13
1796 21
1797 13
1798 24
1799 8
1800 5
1801 16
1802 24
1803 25
1804 1
1805 1
1806 22
1807 25
1808 1
1809 15
1810 20
1811 23
1812 26
1813 25
1814 1
1815 12
1816 10
1817 10
1818 16
1819 18
1820 25
1821 14
1822 9
1823 16
1824 4
1825 4
1826 4
1827 1
1828 4
1829 13
1830 15
1831 20
1832 9
1833 1
1834 10
1835 17
1836 12
1837 22
1838 1
1839 17
1840 10
1841 16
1842 25
1843 22
1844 12
1845 13
1846 25
1847 14
1848 17
1849 25
1850 23
1851 2
1852 6
1853 14
1854 11
1855 11
1856 7
1857 4
1858 1
1859 6
1860 26
1861 15
1862 13
1863 6
1864 14
1865 14
1866 17
1867 15
1868 4
1869 6
1870 20
1871 4
1872 19
1873 10
1874 8
1875 20
1876 12
1877 19
1878 24
1879 14
1880 22
1881 4
1882 25
1883 16
1884 6
1885 14
1886 5
1887 6
1888 22
1889 12
1890 18
1891 11
1892 8
1893 3
1894 25
1895 8
1896 24
1897 20
1898 10
1899 16
1900 15
1901 18
1902 21
1903 14
1904 23
1905 19
1906 3
1907 8
1908 12
1909 23
1910 4
1911 24
1912 15
1913 20
1914 21
1915 10
1916 9
1917 3
1918 14
1919 16
1920 5
1921 21
1922 19
1923 3
1924 13
1925 10
1926 19
1927 17
1928 14
1929 20
1930 24
1931 16
1932 8
1933 4
1934 19
1935 18
1936 8
1937 2
1938 18
1939 1
1940 7
1941 3
1942 23
1943 4
1944 4
1945 20
1946 11
1947 24
1948 4
1949 22
1950 21
1951 26
1952 5
1953 15
1954 8
1955 1
1956 15
1957 19
1958 15
1959 10
1960 14
1961 26
1962 8
1963 8
1964 4
1965 16
1966 21
1967 2
1968 13
1969 3
1970 18
1971 15
1972 2
1973 15
1974 15
1975 15
1976 1
1977 20
1978 10
1979 3
1980 3
1981 10
1982 15
1983 11
1984 18
1985 10
1986 20
1987 3
1988 16
1989 5
1990 16
1991 18
1992 10
1993 2
1994 2
1995 15
1996 17
1997 12
1998 6
1999 12
2000 4
2001 13
2002 25
2003 25
2004 5
2005 13
2006 19
2007 21
2008 22
2009 11
2010 26
2011 12
2012 17
2013 20
2014 12
2015 13
2016 16
2017 11
2018 24
2019 8
2020 20
2021 12
2022 12
2023 15
2024 11
2025 12
2026 21
2027 1
2028 5
2029 18
2030 1
2031 9
2032 19
2033 3
2034 10
2035 21
2036 18
2037 17
2038 22
2039 17
2040 1
2041 23
2042 17
2043 10
2044 16
2045 22
2046 16
2047 20
2048 3
2049 23
2050 11
2051 23
2052 1
2053 11
2054 25
2055 26
2056 19
2057 22
2058 24
2059 21
2060 16
2061 11
2062 25
2063 18
2064 15
2065 26
2066 10
2067 16
2068 5
2069 2
2070 16
2071 8
2072 13
2073 11
2074 15
2075 19
2076 12
2077 3
2078 24
2079 14
2080 6
2081 23
2082 7
2083 13
2084 19
2085 3
2086 24
2087 2
2088 3
2089 15
2090 8
2091 9
2092 6
2093 23
2094 19
2095 14
2096 13
2097 15
2098 21
2099 13
2100 3
2101 4
2102 4
2103 9
2104 15
2105 6
2106 15
2107 16
2108 24
2109 23
2110 15
2111 23
2112 25
2113 17
2114 14
2115 5
2116 10
2117 17
2118 23
2119 24
2120 15
2121 1
2122 12
2123 14
2124 17
2125 2
2126 17
2127 3
2128 18
2129 10
2130 26
2131 20
2132 1
2133 17
2134 17
2135 18
2136 19
2137 3
2138 20
2139 16
2140 1
2141 21
2142 5
2143 8
2144 12
2145 16
2146 25
2147 16
2148 15
2149 19
2150 5
2151 16
2152 3
2153 2
2154 10
2155 17
2156 22
2157 2
2158 9
2159 6
2160 16
2161 5
2162 15
2163 20
2164 9
2165 19
2166 25
2167 20
2168 25
2169 13
2170 26
2171 16
2172 19
2173 19
2174 10
2175 5
2176 13
2177 10
2178 10
2179 26
2180 15
2181 6
2182 15
2183 6
2184 10
2185 7
2186 24
2187 11
2188 17
2189 17
2190 24
2191 15
2192 5
2193 8
2194 12
2195 20
2196 7
2197 20
2198 7
2199 19
2200 13
2201 24
2202 14
2203 18
2204 9
2205 1
2206 14
2207 18
2208 17
2209 19
2210 10
2211 18
2212 24
2213 14
2214 26
2215 20
2216 12
2217 2
2218 22
2219 23
2220 26
2221 19
2222 13
2223 14
2224 10
2225 3
2226 7
2227 20
2228 24
2229 25
2230 12
2231 20
2232 1
2233 22
2234 5
2235 6
2236 5
2237 10
2238 21
2239 1
2240 2
2241 11
2242 11
2243 10
2244 9
2245 10
2246 15
2247 13
2248 25
2249 24
2250 13
2251 1
2252 6
2253 12
2254 3
2255 19
2256 7
2257 24
2258 20
2259 2
2260 26
2261 13
2262 24
2263 22
2264 10
2265 1
2266 13
2267 12
2268 5
2269 22
2270 1
2271 20
2272 3
2273 21
2274 14
2275 11
2276 4
2277 20
2278 13
2279 15
2280 15
2281 5
2282 10
2283 6
2284 1
2285 3
2286 6
2287 22
2288 13
2289 12
2290 21
2291 26
2292 23
2293 10
2294 26
2295 14
2296 15
2297 4
2298 21
2299 11
2300 22
2301 24
2302 8
2303 23
2304 9
2305 9
2306 1
2307 12
2308 17
2309 3
2310 16
2311 24
2312 9
2313 11
2314 15
2315 13
2316 25
2317 22
2318 13
2319 9
2320 13
2321 26
2322 17
2323 6
2324 10
2325 4
2326 13
2327 25
2328 16
2329 17
2330 14
2331 7
2332 6
2333 20
2334 17
2335 2
2336 24
2337 9
2338 18
2339 6
2340 20
2341 24
2342 4
2343 3
2344 1
2345 11
2346 3
2347 18
2348 26
2349 1
2350 19
2351 13
2352 2
2353 22
2354 4
2355 24
2356 14
2357 18
2358 18
2359 17
2360 3
2361 13
2362 26
2363 10
2364 21
2365 1
2366 25
2367 16
2368 1
2369 2
2370 5
2371 24
2372 13
2373 26
2374 1
2375 25
2376 10
2377 18
2378 14
2379 7
2380 23
2381 20
2382 16
2383 12
2384 7
2385 11
2386 2
2387 22
2388 13
2389 18
2390 13
2391 9
2392 16
2393 2
2394 25
2395 15
2396 24
2397 23
2398 12
2399 3
2400 22
2401 15
2402 14
2403 26
2404 11
2405 9
2406 10
2407 26
2408 20
2409 18
2410 3
2411 4
2412 12
2413 4
2414 7
2415 3
2416 9
2417 16
2418 17
2419 26
2420 9
2421 8
2422 5
2423 21
2424 15
2425 26
2426 7
2427 26
2428 8
2429 11
2430 19
2431 2
2432 1
2433 25
2434 5
2435 18
2436 23
2437 25
2438 1
2439 25
2440 10
2441 20
2442 11
2443 8
2444 3
2445 24
2446 1
2447 14
2448 11
2449 17
2450 6
2451 3
2452 26
2453 14
2454 25
2455 18
2456 19
2457 19
2458 18
2459 13
2460 7
2461 25
2462 17
2463 3
2464 4
2465 3
2466 4
2467 23
2468 24
2469 21
2470 15
2471 12
2472 14
2473 15
2474 13
2475 9
2476 13
2477 22
2478 7
2479 12
2480 19
2481 7
2482 10
2483 26
2484 22
2485 12
2486 19
2487 17
2488 10
2489 18
2490 14
2491 2
2492 15
2493 15
2494 14
2495 4
2496 17
2497 8
2498 9
2499 7
2500 14
2501 12
2502 8
2503 1
2504 5
2505 11
2506 20
2507 15
2508 14
2509 15
2510 11
2511 25
2512 8
2513 26
2514 1
2515 19
2516 18
2517 22
2518 21
2519 9
2520 22
2521 6
2522 14
2523 10
2524 18
2525 4
2526 17
2527 23
2528 16
2529 15
2530 12
2531 19
2532 1
2533 19
2534 8
2535 22
2536 8
2537 7
2538 1
2539 24
2540 1
2541 5
2542 20
2543 12
2544 15
2545 6
2546 7
2547 26
2548 16
2549 1
2550 11
2551 26
2552 14
2553 24
2554 18
2555 15
2556 11
2557 21
2558 10
2559 26
2560 11
2561 13
2562 23
2563 13
2564 23
2565 11
2566 23
2567 11
2568 14
2569 17
2570 2
2571 17
2572 12
2573 7
2574 8
2575 25
2576 10
2577 22
2578 14
2579 6
2580 26
2581 13
2582 10
2583 20
2584 7
2585 16
2586 16
2587 4
2588 11
2589 26
2590 1
2591 3
2592 16
2593 2
2594 11
2595 1
2596 21
2597 21
2598 11
2599 22
2600 19
2601 14
2602 1
2603 3
2604 2
2605 1
2606 9
2607 19
2608 8
2609 15
2610 3
2611 23
2612 14
2613 19
2614 24
2615 23
2616 15
2617 1
2618 25
2619 3
2620 11
2621 12
2622 17
2623 13
2624 7
2625 13
2626 4
2627 18
2628 26
2629 3
2630 25
2631 19
2632 4
2633 23
2634 24
2635 10
2636 15
2637 21
2638 14
2639 19
2640 17
2641 5
2642 2
2643 2
2644 14
2645 25
2646 22
2647 19
2648 15
2649 1
2650 17
2651 8
2652 18
2653 8
2654 13
2655 13
2656 2
2657 26
2658 18
2659 23
2660 8
2661 6
2662 21
2663 17
2664 26
2665 15
2666 25
2667 12
2668 18
2669 1
2670 15
2671 9
2672 4
2673 19
2674 26
2675 5
2676 25
2677 12
2678 15
2679 21
2680 23
2681 1
2682 12
2683 1
2684 25
2685 3
2686 24
2687 24
2688 11
2689 17
2690 9
2691 4
2692 13
2693 21
2694 25
2695 17
2696 9
2697 13
2698 4
2699 23
2700 4
2701 14
2702 4
2703 21
2704 13
2705 26
2706 6
2707 1
2708 20
2709 26
2710 10
2711 3
2712 18
2713 18
2714 24
2715 3
2716 12
2717 18
2718 15
2719 17
2720 7
2721 15
2722 20
2723 22
2724 12
2725 26
2726 19
2727 26
2728 1
2729 25
2730 26
2731 18
2732 11
2733 14
2734 14
2735 12
2736 7
2737 26
2738 20
2739 19
2740 9
2741 17
2742 1
2743 4
2744 18
2745 2
2746 12
2747 24
2748 6
2749 4
2750 1
2751 19
2752 18
2753 26
2754 15
2755 12
2756 14
2757 12
2758 17
2759 13
2760 12
2761 7
2762 17
2763 19
2764 25
2765 3
2766 24
2767 15
2768 14
2769 24
2770 24
2771 1
2772 15
2773 14
2774 25
2775 15
2776 25
2777 15
2778 17
2779 11
2780 11
2781 4
2782 3
2783 2
2784 25
2785 7
2786 17
2787 2
2788 10
2789 10
2790 15
2791 25
2792 2
2793 14
2794 2
2795 4
2796 12
2797 14
2798 25
2799 10
2800 2
2801 10
2802 25
2803 15
2804 25
2805 1
2806 25
2807 14
2808 12
2809 15
2810 13
2811 25
2812 11
2813 12
2814 13
2815 10
2816 19
2817 15
2818 14
2819 12
2820 19
2821 24
2822 15
2823 24
2824 15
2825 25
2826 4
2827 10
2828 3
2829 4
2830 10
2831 19
2832 19
2833 24
2834 2
2835 2
2836 11
2837 14
2838 17
2839 4
2840 11
2841 1
2842 4
2843 3
2844 14
2845 11
2846 11
2847 10
2848 15
2849 24
2850 14
2851 19
2852 14
2853 13
2854 10
2855 11
2856 25
2857 25
2858 11
2859 1
2860 17
2861 12
2862 14
2863 14
2864 12
2865 17
2866 3
2867 1
2868 3
2869 15
2870 24
2871 12
2872 12
2873 11
2874 24
2875 11
2876 15
2877 19
2878 24
2879 3
2880 17
2881 15
2882 15
2883 3
2884 24
2885 3
2886 17
2887 10
2888 19
2889 13
2890 19
2891 19
2892 11
2893 17
2894 19
2895 1
2896 12
2897 24
2898 1
2899 10
2900 17
2901 24
2902 14
2903 14
2904 15
2905 13
2906 15
2907 3
2908 3
2909 13
2910 17
2911 15
2912 17
2913 11
2914 1
2915 19
2916 12
2917 1
2918 12
2919 1
2920 24
2921 3
2922 10
2923 15
2924 12
2925 19
2926 14
2927 14
2928 15
2929 24
2930 12
2931 1
2932 24
2933 14
2934 10
2935 1
2936 1
2937 24
2938 14
2939 14
2940 15
2941 17
2942 15
2943 1
2944 10
2945 3
2946 12
2947 17
2948 3
2949 19
2950 17
2951 1
2952 19
2953 1
2954 17
2955 10
2956 3
2957 17
2958 1
2959 17
2960 12
2961 15
2962 10
2963 15
2964 1
2965 12
2966 12
2967 12
2968 10
2969 10
2970 10
2971 1
2972 12
2973 12
2974 17
2975 1
2976 12
2977 17
2978 10
2979 1
2980 1
2981 17
2982 10
2983 1
2984 12
2985 12
2986 12
2987 17
2988 1
2989 10
2990 17
2991 17
2992 17
2993 17
2994 10
2995 17
2996 17
2997 17
2998 17
2999 17
3000 17
