1 15
2 11
3 11
4 20
5 6
6 11
7 4
8 3
9 5
10 15
11 1
12 9
13 20
14 9
15 20
16 14
17 7
18 1
19 12
20 20
21 1
22 5
23 20
24 16
25 7
26 2
27 12
28 4
29 1
30 12
31 2
32 7
33 15
34 12
35 10
36 5
37 6
38 1
39 5
40 17
41 6
42 20
43 1
44 15
45 18
46 12
47 4
48 8
49 1
50 2
51 11
52 5
53 16
54 5
55 1
56 12
57 15
58 7
59 3
60 4
61 2
62 14
63 2
64 5
65 13
66 20
67 3
68 18
69 1
70 9
71 14
72 17
73 14
74 18
75 10
76 16
77 20
78 20
79 2
80 16
81 20
82 8
83 10
84 16
85 7
86 1
87 4
88 16
89 5
90 10
91 13
92 10
93 2
94 19
95 3
96 3
97 10
98 2
99 4
100 19
101 19
102 5
103 1
104 7
105 1
106 8
107 16
108 11
109 6
110 7
111 11
112 15
113 1
114 11
115 17
116 7
117 16
118 5
119 6
120 4
121 9
122 14
123 8
124 13
125 1
126 17
127 9
128 14
129 2
130 13
131 18
132 2
133 16
134 14
135 9
136 2
137 6
138 1
139 17
140 4
141 11
142 17
143 14
144 15
145 7
146 12
147 20
148 6
149 8
150 5
151 13
152 19
153 10
154 2
155 11
156 13
157 7
158 11
159 11
160 8
161 5
162 13
163 1
164 13
165 8
166 16
167 12
168 10
169 6
170 1
171 2
172 9
173 6
174 7
175 19
176 9
177 1
178 16
179 5
180 11
181 16
182 12
183 12
184 8
185 17
186 7
187 10
188 11
189 8
190 5
191 1
192 18
193 1
194 15
195 14
196 3
197 9
198 12
199 4
200 14
201 19
202 1
203 4
204 13
205 3
206 15
207 18
208 6
209 2
210 16
211 13
212 4
213 10
214 8
215 10
216 16
217 20
218 7
219 4
220 18
221 20
222 15
223 15
224 3
225 7
226 10
227 7
228 8
229 14
230 9
231 8
232 6
233 13
234 1
235 15
236 20
237 6
238 15
239 12
240 17
241 9
242 15
243 1
244 15
245 1
246 2
247 10
248 17
249 4
250 3
251 8
252 6
253 7
254 20
255 6
256 6
257 17
258 11
259 12
260 11
261 5
262 20
263 5
264 20
265 4
266 20
267 12
268 20
269 6
270 11
271 16
272 4
273 19
274 18
275 5
276 12
277 19
278 10
279 4
280 14
281 13
282 3
283 1
284 19
285 17
286 7
287 3
288 17
289 5
290 17
291 7
292 10
293 12
294 11
295 9
296 12
297 19
298 11
299 20
300 11
301 10
302 15
303 9
304 4
305 19
306 11
307 6
308 12
309 16
310 2
311 13
312 13
313 19
314 12
315 6
316 5
317 12
318 3
319 14
320 15
321 1
322 3
323 3
324 15
325 19
326 17
327 12
328 16
329 4
330 12
331 3
332 20
333 9
334 5
335 5
336 17
337 8
338 10
339 4
340 11
341 4
342 16
343 12
344 16
345 3
346 1
347 7
348 8
349 6
350 8
351 8
352 4
353 7
354 10
355 12
356 20
357 3
358 18
359 10
360 16
361 15
362 12
363 6
364 10
365 1
366 13
367 14
368 1
369 2
370 12
371 4
372 16
373 8
374 1
375 7
376 9
377 16
378 14
379 6
380 15
381 12
382 1
383 12
384 12
385 15
386 8
387 18
388 9
389 5
390 13
391 19
392 16
393 5
394 2
395 17
396 3
397 10
398 11
399 10
400 11
401 12
402 18
403 18
404 1
405 3
406 16
407 15
408 10
409 2
410 18
411 6
412 3
413 3
414 2
415 1
416 5
417 12
418 9
419 16
420 15
421 13
422 4
423 18
424 14
425 9
426 2
427 18
428 12
429 18
430 18
431 10
432 11
433 6
434 13
435 5
436 12
437 5
438 8
439 12
440 15
441 15
442 8
443 5
444 6
445 3
446 12
447 5
448 1
449 15
450 16
451 2
452 4
453 3
454 4
455 3
456 1
457 1
458 20
459 1
460 16
461 17
462 2
463 4
464 15
465 6
466 9
467 20
468 5
469 9
470 5
471 10
472 8
473 11
474 9
475 18
476 6
477 9
478 2
479 3
480 4
481 9
482 11
483 7
484 11
485 3
486 4
487 13
488 19
489 11
490 10
491 5
492 19
493 9
494 2
495 16
496 17
497 18
498 5
499 15
500 20
501 17
502 17
503 5
504 16
505 5
506 3
507 3
508 14
509 13
510 1
511 3
512 9
513 9
514 8
515 19
516 14
517 17
518 1
519 2
520 3
521 17
522 16
523 19
524 6
525 6
526 4
527 13
528 1
529 9
530 20
531 18
532 14
533 5
534 8
535 4
536 15
537 8
538 1
539 9
540 6
541 10
542 20
543 11
544 15
545 17
546 16
547 2
548 5
549 20
550 20
551 18
552 6
553 19
554 11
555 20
556 2
557 2
558 7
559 15
560 20
561 6
562 9
563 8
564 11
565 10
566 12
567 2
568 19
569 3
570 10
571 11
572 14
573 5
574 17
575 8
576 11
577 4
578 7
579 20
580 16
581 6
582 8
583 12
584 10
585 5
586 18
587 14
588 18
589 15
590 17
591 17
592 5
593 12
594 10
595 15
596 15
597 2
598 12
599 5
600 7
601 7
602 9
603 15
604 15
605 15
606 4
607 19
608 12
609 19
610 2
611 17
612 16
613 19
614 16
615 14
616 16
617 1
618 16
619 14
620 9
621 9
622 7
623 3
624 12
625 12
626 5
627 2
628 3
629 9
630 14
631 7
632 20
633 15
634 1
635 8
636 7
637 18
638 6
639 17
640 2
641 20
642 16
643 8
644 7
645 15
646 13
647 10
648 11
649 1
650 5
651 19
652 9
653 14
654 13
655 16
656 19
657 16
658 19
659 14
660 7
661 12
662 8
663 19
664 5
665 5
666 8
667 11
668 17
669 19
670 19
671 7
672 11
673 8
674 7
675 12
676 5
677 19
678 6
679 19
680 12
681 17
682 19
683 7
684 15
685 4
686 10
687 11
688 11
689 4
690 3
691 11
692 3
693 5
694 10
695 13
696 5
697 20
698 12
699 7
700 4
701 17
702 17
703 1
704 16
705 1
706 17
707 4
708 7
709 19
710 10
711 10
712 9
713 10
714 16
715 16
716 15
717 16
718 8
719 4
720 6
721 3
722 17
723 18
724 16
725 6
726 19
727 1
728 5
729 20
730 2
731 6
732 1
733 16
734 2
735 17
736 8
737 3
738 3
739 11
740 16
741 20
742 18
743 18
744 17
745 2
746 15
747 13
748 7
749 19
750 13
751 19
752 4
753 5
754 3
755 11
756 15
757 2
758 15
759 6
760 5
761 6
762 9
763 13
764 18
765 16
766 1
767 5
768 15
769 7
770 18
771 10
772 19
773 14
774 1
775 10
776 17
777 9
778 3
779 15
780 16
781 8
782 15
783 15
784 7
785 1
786 19
787 8
788 18
789 11
790 2
791 18
792 11
793 17
794 7
795 10
796 19
797 12
798 20
799 8
800 8
801 6
802 2
803 12
804 14
805 14
806 20
807 17
808 13
809 7
810 1
811 20
812 16
813 7
814 2
815 5
816 14
817 20
818 19
819 7
820 1
821 17
822 12
823 16
824 2
825 10
826 15
827 17
828 5
829 7
830 13
831 14
832 9
833 16
834 1
835 15
836 17
837 17
838 11
839 10
840 5
841 1
842 14
843 1
844 13
845 5
846 4
847 19
848 7
849 18
850 16
851 1
852 7
853 3
854 10
855 12
856 4
857 15
858 18
859 12
860 18
861 19
862 6
863 20
864 19
865 8
866 3
867 11
868 9
869 17
870 18
871 2
872 18
873 7
874 2
875 15
876 8
877 12
878 4
879 19
880 5
881 6
882 15
883 16
884 20
885 5
886 19
887 10
888 6
889 1
890 17
891 2
892 4
893 1
894 6
895 13
896 20
897 2
898 7
899 13
900 12
901 20
902 8
903 2
904 19
905 19
906 12
907 14
908 17
909 1
910 15
911 11
912 14
913 5
914 3
915 16
916 17
917 18
918 10
919 9
920 14
921 3
922 15
923 10
924 2
925 1
926 1
927 16
928 15
929 9
930 19
931 9
932 2
933 11
934 20
935 10
936 3
937 18
938 8
939 10
940 10
941 15
942 20
943 15
944 17
945 15
946 10
947 20
948 11
949 8
950 15
951 2
952 8
953 1
954 8
955 18
956 18
957 7
958 19
959 5
960 14
961 19
962 19
963 5
964 7
965 8
966 12
967 19
968 14
969 14
970 17
971 1
972 13
973 11
974 7
975 19
976 2
977 19
978 20
979 6
980 2
981 20
982 18
983 16
984 14
985 2
986 2
987 14
988 16
989 18
990 15
991 2
992 8
993 12
994 5
995 3
996 13
997 15
998 15
999 18
1000 19
1001 20
1002 4
1003 1
1004 7
1005 11
1006 10
1007 13
1008 6
1009 15
1010 12
1011 15
1012 3
1013 6
1014 12
1015 4
1016 3
1017 2
1018 16
1019 11
1020 9
1021 19
1022 18
1023 1
1024 20
1025 12
1026 11
1027 11
1028 13
1029 1
1030 2
1031 16
1032 10
1033 2
1034 20
1035 13
1036 9
1037 19
1038 5
1039 2
1040 17
1041 1
1042 10
1043 18
1044 15
1045 5
1046 7
1047 7
1048 7
1049 15
1050 19
1051 10
1052 20
1053 11
1054 13
1055 9
1056 5
1057 15
1058 1
1059 14
1060 16
1061 5
1062 11
1063 1
1064 6
1065 18
1066 13
1067 17
1068 7
1069 17
1070 4
1071 2
1072 5
1073 19
1074 9
1075 2
1076 19
1077 12
1078 15
1079 16
1080 19
1081 15
1082 3
1083 3
1084 10
1085 1
1086 18
1087 20
1088 20
1089 2
1090 10
1091 9
1092 6
1093 12
1094 18
1095 12
1096 2
1097 8
1098 3
1099 4
1100 11
1101 12
1102 9
1103 6
1104 14
1105 16
1106 15
1107 16
1108 8
1109 2
1110 17
1111 5
1112 20
1113 12
1114 2
1115 2
1116 1
1117 13
1118 9
1119 4
1120 5
1121 14
1122 13
1123 6
1124 19
1125 17
1126 9
1127 3
1128 14
1129 14
1130 19
1131 6
1132 5
1133 6
1134 10
1135 1
1136 19
1137 15
1138 10
1139 17
1140 9
1141 1
1142 13
1143 10
1144 8
1145 7
1146 16
1147 6
1148 4
1149 5
1150 3
1151 14
1152 18
1153 16
1154 16
1155 5
1156 13
1157 1
1158 3
1159 3
1160 4
1161 11
1162 20
1163 2
1164 12
1165 3
1166 20
1167 20
1168 15
1169 15
1170 20
1171 14
1172 17
1173 15
1174 20
1175 12
1176 6
1177 1
1178 19
1179 20
1180 19
1181 19
1182 7
1183 7
1184 5
1185 15
1186 13
1187 19
1188 6
1189 11
1190 18
1191 6
1192 10
1193 6
1194 12
1195 20
1196 3
1197 9
1198 14
1199 16
1200 12
1201 12
1202 4
1203 11
1204 10
1205 16
1206 4
1207 11
1208 15
1209 15
1210 1
1211 11
1212 1
1213 1
1214 19
1215 16
1216 9
1217 10
1218 11
1219 4
1220 5
1221 19
1222 16
1223 13
1224 13
1225 3
1226 20
1227 14
1228 5
1229 6
1230 3
1231 17
1232 16
1233 15
1234 2
1235 17
1236 11
1237 12
1238 17
1239 7
1240 14
1241 16
1242 15
1243 19
1244 13
1245 8
1246 10
1247 9
1248 3
1249 2
1250 5
1251 8
1252 19
1253 15
1254 7
1255 1
1256 2
1257 15
1258 16
1259 10
1260 18
1261 13
1262 6
1263 5
1264 16
1265 2
1266 1
1267 2
1268 2
1269 7
1270 10
1271 15
1272 10
1273 7
1274 15
1275 20
1276 17
1277 8
1278 5
1279 4
1280 2
1281 8
1282 18
1283 14
1284 13
1285 20
1286 8
1287 7
1288 1
1289 10
1290 4
1291 2
1292 6
1293 7
1294 13
1295 13
1296 12
1297 5
1298 12
1299 16
1300 8
1301 2
1302 5
1303 19
1304 11
1305 2
1306 6
1307 12
1308 19
1309 12
1310 11
1311 9
1312 11
1313 19
1314 6
1315 1
1316 4
1317 3
1318 15
1319 12
1320 1
1321 5
1322 10
1323 2
1324 6
1325 14
1326 15
1327 12
1328 3
1329 16
1330 5
1331 3
1332 1
1333 8
1334 8
1335 7
1336 4
1337 18
1338 4
1339 15
1340 5
1341 14
1342 17
1343 3
1344 7
1345 19
1346 5
1347 16
1348 6
1349 5
1350 13
1351 1
1352 20
1353 15
1354 10
1355 15
1356 1
1357 12
1358 17
1359 5
1360 19
1361 2
1362 9
1363 9
1364 4
1365 14
1366 20
1367 19
1368 13
1369 11
1370 6
1371 16
1372 16
1373 1
1374 15
1375 12
1376 2
1377 8
1378 11
1379 6
1380 12
1381 6
1382 12
1383 1
1384 9
1385 12
1386 17
1387 18
1388 7
1389 12
1390 3
1391 12
1392 3
1393 11
1394 11
1395 3
1396 13
1397 6
1398 4
1399 20
1400 11
1401 18
1402 6
1403 19
1404 18
1405 16
1406 7
1407 10
1408 3
1409 5
1410 5
1411 6
1412 8
1413 18
1414 19
1415 11
1416 7
1417 13
1418 3
1419 11
1420 10
1421 5
1422 4
1423 9
1424 19
1425 7
1426 12
1427 16
1428 20
1429 14
1430 9
1431 10
1432 19
1433 9
1434 17
1435 16
1436 20
1437 3
1438 15
1439 10
1440 16
1441 18
1442 5
1443 9
1444 7
1445 7
1446 11
1447 12
1448 1
1449 8
1450 7
1451 8
1452 1
1453 5
1454 10
1455 3
1456 10
1457 1
1458 7
1459 6
1460 8
1461 3
1462 13
1463 13
1464 9
1465 13
1466 12
1467 18
1468 3
1469 14
1470 10
1471 20
1472 11
1473 7
1474 14
1475 11
1476 2
1477 15
1478 8
1479 2
1480 8
1481 1
1482 3
1483 11
1484 20
1485 10
1486 5
1487 13
1488 7
1489 18
1490 15
1491 13
1492 7
1493 11
1494 9
1495 20
1496 13
1497 2
1498 3
1499 7
1500 7
1501 14
1502 18
1503 7
1504 20
1505 12
1506 7
1507 2
1508 3
1509 7
1510 7
1511 15
1512 20
1513 11
1514 10
1515 20
1516 16
1517 12
1518 20
1519 15
1520 1
1521 7
1522 14
1523 8
1524 10
1525 7
1526 9
1527 20
1528 15
1529 6
1530 7
1531 14
1532 13
1533 14
1534 7
1535 6
1536 17
1537 12
1538 1
1539 17
1540 14
1541 7
1542 17
1543 15
1544 19
1545 16
1546 3
1547 12
1548 15
1549 13
1550 7
1551 20
1552 8
1553 10
1554 7
1555 5
1556 3
1557 6
1558 13
1559 1
1560 4
1561 12
1562 15
1563 12
1564 12
1565 2
1566 9
1567 9
1568 20
1569 1
1570 7
1571 9
1572 19
1573 13
1574 13
1575 9
1576 11
1577 5
1578 1
1579 13
1580 5
1581 5
1582 9
1583 2
1584 3
1585 11
1586 6
1587 16
1588 4
1589 7
1590 3
1591 15
1592 10
1593 7
1594 10
1595 12
1596 4
1597 17
1598 12
1599 15
1600 7
1601 1
1602 16
1603 8
1604 6
1605 11
1606 18
1607 15
1608 5
1609 15
1610 5
1611 15
1612 18
1613 3
1614 5
1615 17
1616 19
1617 20
1618 10
1619 8
1620 1
1621 12
1622 16
1623 20
1624 16
1625 14
1626 14
1627 19
1628 19
1629 14
1630 11
1631 2
1632 11
1633 11
1634 8
1635 4
1636 13
1637 15
1638 4
1639 8
1640 5
1641 15
1642 5
1643 9
1644 17
1645 4
1646 2
1647 6
1648 4
1649 7
1650 8
1651 7
1652 16
1653 6
1654 7
1655 18
1656 6
1657 12
1658 7
1659 6
1660 4
1661 16
1662 4
1663 12
1664 15
1665 8
1666 12
1667 10
1668 2
1669 3
1670 18
1671 8
1672 6
1673 3
1674 18
1675 17
1676 7
1677 3
1678 5
1679 15
1680 13
1681 3
1682 19
1683 16
1684 12
1685 2
1686 13
1687 4
1688 6
1689 16
1690 16
1691 9
1692 16
1693 3
1694 3
1695 7
1696 20
1697 15
1698 18
1699 11
1700 5
1701 3
1702 15
1703 3
1704 13
1705 19
1706 12
1707 2
1708 19
1709 9
1710 9
1711 10
1712 18
1713 18
1714 14
1715 7
1716 14
1717 8
1718 2
1719 9
1720 1
1721 12
1722 3
1723 3
1724 12
1725 3
1726 20
1727 18
1728 4
1729 20
1730 6
1731 11
1732 18
1733 8
1734 12
1735 4
1736 13
1737 8
1738 1
1739 18
1740 9
1741 12
1742 4
1743 4
1744 3
1745 11
1746 8
1747 12
1748 4
1749 4
1750 1
1751 20
1752 11
1753 9
1754 17
1755 2
1756 15
1757 5
1758 4
1759 16
1760 11
1761 15
1762 11
1763 5
1764 15
1765 15
1766 15
1767 11
1768 11
1769 3
1770 7
1771 19
1772 9
1773 4
1774 20
1775 1
1776 1
1777 13
1778 8
1779 20
1780 4
1781 19
1782 18
1783 3
1784 3
1785 4
1786 18
1787 2
1788 20
1789 13
1790 16
1791 13
1792 7
1793 12
1794 19
1795 5
1796 5
1797 13
1798 10
1799 16
1800 12
1801 3
1802 9
1803 11
1804 19
1805 9
1806 20
1807 5
1808 16
1809 7
1810 11
1811 8
1812 7
1813 8
1814 14
1815 7
1816 2
1817 19
1818 4
1819 20
1820 18
1821 4
1822 17
1823 1
1824 4
1825 12
1826 2
1827 4
1828 15
1829 19
1830 19
1831 13
1832 3
1833 9
1834 14
1835 15
1836 9
1837 1
1838 17
1839 10
1840 19
1841 17
1842 11
1843 20
1844 19
1845 2
1846 16
1847 3
1848 12
1849 10
1850 15
1851 1
1852 16
1853 4
1854 10
1855 7
1856 8
1857 10
1858 9
1859 8
1860 2
1861 9
1862 12
1863 1
1864 18
1865 18
1866 16
1867 6
1868 3
1869 9
1870 20
1871 15
1872 18
1873 13
1874 14
1875 6
1876 9
1877 18
1878 19
1879 7
1880 14
1881 17
1882 1
1883 6
1884 14
1885 8
1886 16
1887 19
1888 4
1889 13
1890 7
1891 2
1892 18
1893 3
1894 12
1895 10
1896 1
1897 19
1898 1
1899 8
1900 13
1901 1
1902 7
1903 5
1904 3
1905 7
1906 12
1907 15
1908 9
1909 18
1910 13
1911 19
1912 19
1913 11
1914 2
1915 6
1916 1
1917 6
1918 1
1919 3
1920 18
1921 3
1922 7
1923 10
1924 3
1925 19
1926 20
1927 16
1928 4
1929 11
1930 18
1931 13
1932 5
1933 5
1934 10
1935 15
1936 3
1937 6
1938 10
1939 2
1940 17
1941 20
1942 2
1943 10
1944 3
1945 4
1946 8
1947 15
1948 11
1949 15
1950 10
1951 1
1952 20
1953 1
1954 3
1955 19
1956 7
1957 2
1958 4
1959 17
1960 16
1961 10
1962 6
1963 5
1964 18
1965 4
1966 16
1967 2
1968 16
1969 17
1970 16
1971 12
1972 12
1973 5
1974 12
1975 14
1976 20
1977 4
1978 3
1979 14
1980 6
1981 2
1982 10
1983 7
1984 7
1985 5
1986 20
1987 5
1988 19
1989 4
1990 1
1991 11
1992 3
1993 20
1994 16
1995 4
1996 14
1997 18
1998 11
1999 15
2000 12
2001 11
2002 1
2003 7
2004 4
2005 8
2006 8
2007 15
2008 1
2009 9
2010 4
2011 3
2012 8
2013 15
2014 2
2015 2
2016 11
2017 5
2018 12
2019 4
2020 10
2021 17
2022 20
2023 14
2024 7
2025 3
2026 2
2027 1
2028 14
2029 19
2030 10
2031 12
2032 19
2033 6
2034 1
2035 7
2036 1
2037 12
2038 9
2039 2
2040 15
2041 17
2042 5
2043 11
2044 13
2045 17
2046 19
2047 12
2048 2
2049 15
2050 12
2051 20
2052 4
2053 12
2054 11
2055 15
2056 3
2057 17
2058 13
2059 11
2060 3
2061 18
2062 7
2063 19
2064 2
2065 3
2066 5
2067 19
2068 17
2069 3
2070 14
2071 12
2072 2
2073 18
2074 20
2075 18
2076 17
2077 2
2078 6
2079 6
2080 19
2081 14
2082 11
2083 17
2084 2
2085 16
2086 5
2087 18
2088 18
2089 5
2090 11
2091 12
2092 7
2093 7
2094 15
2095 15
2096 20
2097 5
2098 1
2099 4
2100 15
2101 15
2102 16
2103 16
2104 12
2105 8
2106 3
2107 13
2108 3
2109 17
2110 7
2111 8
2112 11
2113 5
2114 14
2115 1
2116 3
2117 5
2118 11
2119 19
2120 2
2121 5
2122 16
2123 4
2124 5
2125 11
2126 10
2127 10
2128 11
2129 5
2130 10
2131 15
2132 14
2133 6
2134 11
2135 8
2136 20
2137 12
2138 15
2139 5
2140 8
2141 19
2142 8
2143 3
2144 15
2145 5
2146 7
2147 9
2148 10
2149 6
2150 13
2151 4
2152 18
2153 6
2154 5
2155 20
2156 4
2157 19
2158 10
2159 8
2160 1
2161 16
2162 11
2163 19
2164 14
2165 17
2166 20
2167 12
2168 10
2169 9
2170 8
2171 20
2172 10
2173 10
2174 1
2175 20
2176 7
2177 16
2178 1
2179 13
2180 6
2181 12
2182 8
2183 15
2184 10
2185 14
2186 18
2187 12
2188 2
2189 14
2190 5
2191 13
2192 20
2193 12
2194 6
2195 18
2196 10
2197 13
2198 3
2199 20
2200 20
2201 15
2202 1
2203 10
2204 11
2205 19
2206 19
2207 20
2208 15
2209 10
2210 8
2211 18
2212 18
2213 5
2214 5
2215 6
2216 17
2217 15
2218 13
2219 15
2220 12
2221 6
2222 2
2223 16
2224 1
2225 20
2226 11
2227 1
2228 5
2229 7
2230 11
2231 13
2232 16
2233 16
2234 3
2235 17
2236 20
2237 17
2238 9
2239 20
2240 9
2241 10
2242 3
2243 18
2244 2
2245 1
2246 4
2247 12
2248 12
2249 14
2250 12
2251 11
2252 15
2253 11
2254 8
2255 10
2256 2
2257 15
2258 10
2259 18
2260 13
2261 15
2262 2
2263 12
2264 11
2265 19
2266 11
2267 3
2268 17
2269 11
2270 13
2271 5
2272 10
2273 8
2274 10
2275 11
2276 7
2277 4
2278 11
2279 13
2280 4
2281 15
2282 8
2283 4
2284 3
2285 18
2286 12
2287 1
2288 8
2289 2
2290 11
2291 18
2292 2
2293 2
2294 3
2295 9
2296 7
2297 15
2298 11
2299 14
2300 7
2301 17
2302 9
2303 4
2304 5
2305 8
2306 4
2307 9
2308 16
2309 3
2310 3
2311 5
2312 1
2313 16
2314 13
2315 1
2316 4
2317 1
2318 10
2319 17
2320 14
2321 10
2322 4
2323 2
2324 3
2325 13
2326 1
2327 5
2328 3
2329 4
2330 7
2331 14
2332 16
2333 1
2334 1
2335 20
2336 1
2337 11
2338 14
2339 7
2340 3
2341 12
2342 12
2343 3
2344 2
2345 15
2346 15
2347 2
2348 13
2349 17
2350 15
2351 20
2352 4
2353 11
2354 1
2355 15
2356 1
2357 11
2358 9
2359 1
2360 15
2361 17
2362 7
2363 11
2364 3
2365 7
2366 12
2367 2
2368 20
2369 8
2370 7
2371 12
2372 14
2373 9
2374 14
2375 13
2376 8
2377 9
2378 7
2379 11
2380 16
2381 1
2382 9
2383 9
2384 12
2385 1
2386 8
2387 13
2388 4
2389 4
2390 7
2391 2
2392 17
2393 8
2394 5
2395 11
2396 19
2397 9
2398 14
2399 16
2400 20
2401 9
2402 10
2403 12
2404 11
2405 4
2406 16
2407 5
2408 11
2409 15
2410 14
2411 12
2412 17
2413 20
2414 11
2415 10
2416 9
2417 1
2418 7
2419 20
2420 7
2421 19
2422 4
2423 11
2424 13
2425 10
2426 2
2427 3
2428 11
2429 4
2430 3
2431 14
2432 7
2433 12
2434 10
2435 19
2436 14
2437 7
2438 3
2439 2
2440 7
2441 11
2442 9
2443 20
2444 14
2445 6
2446 19
2447 15
2448 6
2449 12
2450 8
2451 20
2452 7
2453 19
2454 19
2455 20
2456 16
2457 2
2458 12
2459 11
2460 1
2461 6
2462 20
2463 13
2464 4
2465 11
2466 5
2467 2
2468 20
2469 8
2470 18
2471 7
2472 19
2473 20
2474 11
2475 18
2476 7
2477 10
2478 20
2479 9
2480 17
2481 4
2482 18
2483 18
2484 20
2485 5
2486 1
2487 11
2488 2
2489 19
2490 6
2491 18
2492 17
2493 5
2494 16
2495 12
2496 12
2497 1
2498 18
2499 1
2500 4
2501 5
2502 14
2503 18
2504 12
2505 18
2506 17
2507 11
2508 15
2509 10
2510 12
2511 4
2512 20
2513 8
2514 2
2515 14
2516 17
2517 6
2518 2
2519 18
2520 15
2521 18
2522 6
2523 15
2524 20
2525 8
2526 6
2527 5
2528 11
2529 8
2530 7
2531 7
2532 8
2533 1
2534 10
2535 7
2536 14
2537 7
2538 20
2539 19
2540 5
2541 3
2542 10
2543 12
2544 11
2545 11
2546 19
2547 20
2548 10
2549 1
2550 17
2551 5
2552 16
2553 18
2554 10
2555 12
2556 20
2557 10
2558 7
2559 10
2560 18
2561 5
2562 9
2563 10
2564 11
2565 9
2566 4
2567 2
2568 20
2569 16
2570 5
2571 13
2572 14
2573 16
2574 2
2575 4
2576 11
2577 9
2578 7
2579 3
2580 13
2581 10
2582 7
2583 6
2584 12
2585 1
2586 20
2587 3
2588 2
2589 9
2590 12
2591 8
2592 17
2593 10
2594 14
2595 12
2596 10
2597 16
2598 5
2599 7
2600 19
2601 12
2602 14
2603 11
2604 2
2605 6
2606 2
2607 3
2608 3
2609 11
2610 4
2611 9
2612 14
2613 20
2614 14
2615 20
2616 7
2617 18
2618 14
2619 16
2620 4
2621 6
2622 12
2623 19
2624 2
2625 19
2626 10
2627 7
2628 12
2629 20
2630 6
2631 11
2632 10
2633 10
2634 2
2635 3
2636 18
2637 2
2638 8
2639 3
2640 5
2641 1
2642 5
2643 7
2644 19
2645 10
2646 14
2647 2
2648 12
2649 3
2650 9
2651 14
2652 16
2653 1
2654 4
2655 13
2656 8
2657 14
2658 1
2659 4
2660 14
2661 14
2662 2
2663 12
2664 12
2665 12
2666 15
2667 4
2668 7
2669 17
2670 14
2671 2
2672 18
2673 18
2674 3
2675 2
2676 1
2677 1
2678 7
2679 16
2680 15
2681 16
2682 16
2683 17
2684 18
2685 19
2686 11
2687 11
2688 4
2689 17
2690 15
2691 2
2692 2
2693 20
2694 13
2695 2
2696 4
2697 4
2698 18
2699 13
2700 5
2701 19
2702 15
2703 11
2704 6
2705 17
2706 10
2707 13
2708 5
2709 3
2710 3
2711 7
2712 12
2713 14
2714 18
2715 8
2716 1
2717 10
2718 16
2719 7
2720 17
2721 15
2722 17
2723 20
2724 8
2725 3
2726 20
2727 7
2728 10
2729 4
2730 16
2731 4
2732 9
2733 11
2734 5
2735 19
2736 3
2737 20
2738 20
2739 15
2740 15
2741 6
2742 1
2743 11
2744 1
2745 2
2746 1
2747 20
2748 11
2749 15
2750 11
2751 6
2752 8
2753 11
2754 11
2755 5
2756 7
2757 8
2758 11
2759 14
2760 9
2761 11
2762 6
2763 20
2764 1
2765 3
2766 12
2767 20
2768 1
2769 4
2770 19
2771 15
2772 8
2773 19
2774 8
2775 11
2776 16
2777 20
2778 5
2779 5
2780 18
2781 18
2782 5
2783 1
2784 2
2785 8
2786 6
2787 2
2788 6
2789 15
2790 1
2791 11
2792 18
2793 5
2794 19
2795 19
2796 6
2797 7
2798 20
2799 5
2800 7
2801 8
2802 7
2803 5
2804 18
2805 20
2806 1
2807 4
2808 10
2809 20
2810 16
2811 12
2812 5
2813 15
2814 1
2815 15
2816 3
2817 4
2818 10
2819 15
2820 12
2821 7
2822 16
2823 11
2824 7
2825 7
2826 5
2827 2
2828 8
2829 11
2830 2
2831 20
2832 15
2833 16
2834 8
2835 8
2836 11
2837 3
2838 15
2839 16
2840 20
2841 15
2842 4
2843 4
2844 15
2845 19
2846 5
2847 20
2848 5
2849 16
2850 2
2851 20
2852 12
2853 11
2854 2
2855 3
2856 7
2857 1
2858 5
2859 3
2860 7
2861 20
2862 20
2863 11
2864 7
2865 20
2866 20
2867 5
2868 11
2869 1
2870 1
2871 20
2872 11
2873 7
2874 3
2875 11
2876 19
2877 15
2878 5
2879 2
2880 11
2881 11
2882 2
2883 19
2884 7
2885 12
2886 3
2887 20
2888 10
2889 7
2890 7
2891 3
2892 20
2893 10
2894 19
2895 10
2896 15
2897 11
2898 15
2899 5
2900 3
2901 1
2902 5
2903 20
2904 15
2905 5
2906 12
2907 12
2908 7
2909 5
2910 12
2911 7
2912 7
2913 11
2914 12
2915 12
2916 1
2917 11
2918 20
2919 20
2920 3
2921 11
2922 15
2923 20
2924 12
2925 12
2926 7
2927 20
2928 11
2929 20
2930 1
2931 11
2932 15
2933 15
2934 15
2935 7
2936 5
2937 12
2938 12
2939 5
2940 11
2941 7
2942 7
2943 5
2944 5
2945 5
2946 15
2947 12
2948 20
2949 7
2950 12
2951 5
2952 11
2953 12
2954 11
2955 15
2956 1
2957 15
2958 1
2959 15
2960 12
2961 7
2962 5
2963 15
2964 12
2965 12
2966 11
2967 15
2968 7
2969 12
2970 12
2971 7
2972 11
2973 7
2974 12
2975 12
2976 7
2977 12
2978 15
2979 7
2980 15
2981 7
2982 15
2983 15
2984 15
2985 12
2986 15
2987 12
2988 12
2989 15
2990 12
2991 15
2992 15
2993 15
2994 15
2995 15
2996 15
2997 15
2998 15
2999 15
3000 15
