1 19
2 1
3 26
4 8
5 5
6 23
7 23
8 8
9 31
10 7
11 26
12 31
13 18
14 18
15 5
16 19
17 22
18 23
19 22
20 31
21 1
22 18
23 15
24 31
25 21
26 24
27 9
28 25
29 4
30 22
31 14
32 26
33 9
34 29
35 18
36 23
37 28
38 10
39 22
40 18
41 14
42 1
43 31
44 26
45 12
46 7
47 19
48 13
49 32
50 1
51 14
52 14
53 7
54 22
55 4
56 22
57 30
58 21
59 7
60 30
61 14
62 2
63 23
64 4
65 1
66 15
67 25
68 1
69 17
70 20
71 14
72 29
73 8
74 23
75 2
76 26
77 4
78 18
79 23
80 4
81 15
82 8
83 31
84 11
85 13
86 11
87 20
88 28
89 5
90 31
91 16
92 6
93 32
94 2
95 9
96 10
97 12
98 3
99 29
100 2
101 14
102 23
103 20
104 15
105 5
106 13
107 15
108 30
109 30
110 12
111 17
112 27
113 21
114 12
115 17
116 11
117 11
118 4
119 9
120 27
121 18
122 16
123 4
124 13
125 31
126 13
127 6
128 30
129 29
130 21
131 17
132 22
133 8
134 14
135 14
136 29
137 31
138 13
139 27
140 21
141 18
142 2
143 24
144 27
145 26
146 28
147 16
148 12
149 13
150 24
151 6
152 24
153 16
154 7
155 11
156 24
157 5
158 24
159 21
160 3
161 16
162 3
163 30
164 28
165 27
166 8
167 11
168 20
169 3
170 9
171 14
172 12
173 31
174 24
175 15
176 1
177 13
178 8
179 31
180 2
181 25
182 13
183 4
184 22
185 15
186 16
187 18
188 30
189 31
190 16
191 19
192 2
193 25
194 17
195 3
196 17
197 12
198 9
199 25
200 22
201 30
202 30
203 25
204 23
205 5
206 30
207 4
208 25
209 30
210 24
211 5
212 15
213 1
214 15
215 18
216 28
217 22
218 19
219 22
220 10
221 24
222 24
223 12
224 30
225 8
226 12
227 28
228 17
229 15
230 1
231 5
232 9
233 6
234 9
235 9
236 7
237 20
238 4
239 19
240 27
241 23
242 14
243 13
244 23
245 17
246 23
247 29
248 7
249 2
250 11
251 25
252 9
253 24
254 21
255 16
256 8
257 1
258 30
259 20
260 17
261 1
262 5
263 31
264 12
265 32
266 23
267 4
268 12
269 16
270 6
271 12
272 7
273 2
274 4
275 20
276 17
277 23
278 31
279 31
280 12
281 8
282 19
283 32
284 27
285 32
286 23
287 6
288 18
289 11
290 30
291 28
292 11
293 6
294 20
295 11
296 31
297 18
298 4
299 2
300 10
301 13
302 23
303 32
304 2
305 14
306 3
307 3
308 17
309 31
310 24
311 27
312 5
313 7
314 6
315 4
316 13
317 15
318 7
319 13
320 12
321 20
322 20
323 32
324 27
325 25
326 1
327 22
328 5
329 8
330 28
331 22
332 13
333 9
334 1
335 1
336 4
337 10
338 2
339 7
340 17
341 22
342 19
343 21
344 8
345 14
346 22
347 23
348 31
349 18
350 29
351 30
352 2
353 16
354 26
355 19
356 19
357 32
358 18
359 17
360 22
361 28
362 1
363 19
364 9
365 24
366 1
367 21
368 4
369 11
370 10
371 1
372 11
373 17
374 4
375 19
376 27
377 13
378 25
379 32
380 4
381 30
382 30
383 17
384 13
385 12
386 26
387 19
388 26
389 13
390 10
391 23
392 32
393 5
394 1
395 12
396 11
397 30
398 31
399 27
400 23
401 32
402 16
403 29
404 5
405 27
406 9
407 11
408 22
409 21
410 4
411 27
412 3
413 25
414 31
415 7
416 32
417 27
418 30
419 8
420 31
421 23
422 29
423 31
424 3
425 12
426 27
427 4
428 8
429 13
430 28
431 30
432 19
433 16
434 30
435 27
436 21
437 20
438 21
439 26
440 21
441 9
442 8
443 1
444 23
445 22
446 7
447 6
448 25
449 29
450 15
451 22
452 18
453 12
454 9
455 9
456 2
457 2
458 14
459 27
460 21
461 3
462 15
463 7
464 10
465 26
466 31
467 14
468 24
469 15
470 24
471 9
472 23
473 27
474 16
475 16
476 5
477 18
478 19
479 24
480 31
481 27
482 26
483 21
484 6
485 17
486 26
487 16
488 7
489 31
490 29
491 10
492 23
493 14
494 12
495 8
496 17
497 26
498 30
499 7
500 9
501 28
502 28
503 13
504 28
505 18
506 16
507 26
508 24
509 14
510 20
511 17
512 9
513 16
514 8
515 14
516 13
517 16
518 14
519 18
520 5
521 8
522 2
523 9
524 16
525 12
526 32
527 2
528 16
529 14
530 11
531 18
532 24
533 10
534 6
535 11
536 31
537 29
538 11
539 5
540 22
541 21
542 32
543 26
544 5
545 22
546 15
547 8
548 19
549 12
550 26
551 13
552 11
553 22
554 22
555 21
556 27
557 11
558 4
559 18
560 13
561 19
562 3
563 3
564 11
565 11
566 2
567 21
568 26
569 25
570 8
571 27
572 6
573 31
574 14
575 2
576 14
577 19
578 2
579 19
580 22
581 24
582 18
583 28
584 28
585 11
586 31
587 28
588 19
589 4
590 31
591 13
592 29
593 24
594 1
595 16
596 30
597 26
598 24
599 28
600 11
601 21
602 3
603 22
604 10
605 9
606 24
607 3
608 9
609 2
610 22
611 14
612 27
613 20
614 12
615 31
616 1
617 17
618 9
619 29
620 20
621 5
622 17
623 7
624 24
625 32
626 8
627 8
628 18
629 16
630 5
631 19
632 6
633 20
634 12
635 18
636 12
637 10
638 14
639 13
640 21
641 3
642 25
643 12
644 1
645 10
646 7
647 26
648 5
649 17
650 32
651 26
652 8
653 32
654 24
655 13
656 7
657 16
658 19
659 17
660 24
661 8
662 15
663 26
664 17
665 21
666 22
667 6
668 23
669 7
670 16
671 7
672 25
673 18
674 9
675 3
676 11
677 14
678 22
679 23
680 10
681 23
682 29
683 13
684 8
685 19
686 6
687 30
688 1
689 3
690 18
691 15
692 27
693 25
694 11
695 6
696 29
697 32
698 1
699 30
700 30
701 10
702 32
703 4
704 26
705 2
706 21
707 28
708 21
709 10
710 27
711 13
712 25
713 12
714 12
715 17
716 10
717 14
718 3
719 16
720 18
721 8
722 14
723 5
724 18
725 29
726 1
727 2
728 20
729 19
730 26
731 12
732 16
733 20
734 25
735 17
736 20
737 15
738 27
739 22
740 31
741 21
742 19
743 30
744 23
745 30
746 28
747 20
748 22
749 10
750 5
751 31
752 17
753 21
754 18
755 24
756 22
757 11
758 1
759 21
760 29
761 6
762 7
763 3
764 22
765 15
766 26
767 7
768 29
769 27
770 21
771 20
772 21
773 31
774 7
775 20
776 9
777 15
778 25
779 24
780 4
781 20
782 21
783 29
784 32
785 10
786 22
787 17
788 16
789 14
790 10
791 14
792 14
793 22
794 30
795 9
796 5
797 27
798 32
799 2
800 20
801 3
802 25
803 28
804 32
805 25
806 2
807 28
808 16
809 2
810 1
811 8
812 31
813 13
814 11
815 23
816 31
817 4
818 27
819 30
820 27
821 27
822 14
823 22
824 16
825 12
826 2
827 13
828 11
829 27
830 18
831 22
832 28
833 32
834 32
835 21
836 18
837 11
838 15
839 3
840 10
841 13
842 8
843 11
844 25
845 9
846 30
847 21
848 30
849 16
850 28
851 24
852 30
853 32
854 8
855 7
856 14
857 22
858 4
859 22
860 2
861 6
862 4
863 9
864 11
865 17
866 14
867 10
868 19
869 22
870 9
871 28
872 24
873 6
874 25
875 20
876 31
877 3
878 1
879 21
880 7
881 6
882 13
883 7
884 3
885 10
886 12
887 18
888 10
889 9
890 29
891 6
892 25
893 7
894 27
895 6
896 32
897 23
898 17
899 24
900 18
901 14
902 1
903 7
904 12
905 20
906 8
907 32
908 5
909 18
910 28
911 9
912 32
913 32
914 3
915 10
916 23
917 28
918 2
919 23
920 25
921 23
922 1
923 20
924 22
925 7
926 5
927 12
928 20
929 1
930 22
931 9
932 17
933 29
934 3
935 14
936 12
937 20
938 21
939 25
940 24
941 19
942 2
943 4
944 19
945 9
946 28
947 1
948 24
949 7
950 4
951 12
952 29
953 14
954 25
955 28
956 3
957 31
958 8
959 27
960 30
961 25
962 19
963 3
964 27
965 7
966 14
967 24
968 25
969 5
970 16
971 28
972 4
973 29
974 24
975 29
976 4
977 4
978 3
979 27
980 27
981 18
982 16
983 16
984 1
985 10
986 15
987 16
988 5
989 18
990 2
991 9
992 6
993 17
994 12
995 31
996 11
997 4
998 2
999 21
1000 2
1001 32
1002 12
1003 5
1004 31
1005 32
1006 19
1007 10
1008 23
1009 21
1010 20
1011 9
1012 3
1013 7
1014 11
1015 6
1016 25
1017 30
1018 27
1019 4
1020 28
1021 20
1022 10
1023 27
1024 1
1025 1
1026 27
1027 10
1028 31
1029 25
1030 28
1031 17
1032 19
1033 19
1034 8
1035 30
1036 20
1037 3
1038 14
1039 15
1040 6
1041 27
1042 6
1043 4
1044 11
1045 32
1046 28
1047 10
1048 1
1049 14
1050 27
1051 30
1052 6
1053 17
1054 28
1055 31
1056 12
1057 6
1058 6
1059 11
1060 18
1061 1
1062 4
1063 17
1064 8
1065 2
1066 31
1067 20
1068 1
1069 27
1070 31
1071 23
1072 13
1073 29
1074 13
1075 17
1076 32
1077 15
1078 5
1079 27
1080 30
1081 19
1082 24
1083 25
1084 25
1085 24
1086 12
1087 12
1088 21
1089 1
1090 3
1091 18
1092 1
1093 19
1094 19
1095 11
1096 3
1097 31
1098 25
1099 31
1100 3
1101 28
1102 3
1103 24
1104 30
1105 15
1106 6
1107 31
1108 22
1109 22
1110 19
1111 19
1112 18
1113 13
1114 18
1115 7
1116 3
1117 31
1118 22
1119 1
1120 21
1121 9
1122 15
1123 25
1124 24
1125 13
1126 11
1127 29
1128 7
1129 13
1130 24
1131 5
1132 28
1133 7
1134 21
1135 4
1136 30
1137 18
1138 15
1139 2
1140 28
1141 18
1142 19
1143 1
1144 1
1145 27
1146 7
1147 2
1148 6
1149 3
1150 4
1151 11
1152 29
1153 4
1154 15
1155 10
1156 9
1157 15
1158 25
1159 1
1160 10
1161 19
1162 24
1163 13
1164 4
1165 6
1166 7
1167 15
1168 12
1169 20
1170 12
1171 9
1172 21
1173 2
1174 27
1175 9
1176 27
1177 17
1178 12
1179 20
1180 19
1181 23
1182 23
1183 5
1184 30
1185 26
1186 12
1187 29
1188 20
1189 12
1190 1
1191 2
1192 17
1193 9
1194 14
1195 1
1196 9
1197 25
1198 32
1199 9
1200 15
1201 4
1202 32
1203 6
1204 4
1205 32
1206 4
1207 14
1208 21
1209 25
1210 29
1211 21
1212 13
1213 11
1214 7
1215 21
1216 31
1217 19
1218 30
1219 15
1220 13
1221 19
1222 13
1223 11
1224 22
1225 29
1226 22
1227 29
1228 6
1229 30
1230 17
1231 29
1232 14
1233 13
1234 4
1235 27
1236 24
1237 5
1238 8
1239 18
1240 26
1241 22
1242 7
1243 1
1244 10
1245 31
1246 29
1247 25
1248 29
1249 7
1250 23
1251 12
1252 7
1253 8
1254 18
1255 19
1256 10
1257 1
1258 13
1259 6
1260 24
1261 10
1262 32
1263 16
1264 26
1265 6
1266 27
1267 16
1268 10
1269 11
1270 16
1271 5
1272 20
1273 17
1274 20
1275 12
1276 24
1277 29
1278 9
1279 17
1280 20
1281 18
1282 25
1283 11
1284 12
1285 14
1286 20
1287 27
1288 31
1289 19
1290 2
1291 14
1292 30
1293 12
1294 26
1295 20
1296 5
1297 1
1298 30
1299 3
1300 27
1301 19
1302 18
1303 24
1304 31
1305 4
1306 3
1307 18
1308 29
1309 27
1310 18
1311 15
1312 25
1313 17
1314 28
1315 14
1316 18
1317 26
1318 21
1319 18
1320 24
1321 25
1322 1
1323 13
1324 13
1325 28
1326 1
1327 19
1328 15
1329 13
1330 32
1331 5
1332 5
1333 23
1334 31
1335 4
1336 32
1337 4
1338 18
1339 32
1340 13
1341 7
1342 4
1343 25
1344 11
1345 4
1346 22
1347 2
1348 3
1349 9
1350 3
1351 21
1352 3
1353 17
1354 4
1355 11
1356 19
1357 16
1358 13
1359 10
1360 20
1361 28
1362 8
1363 17
1364 17
1365 11
1366 20
1367 17
1368 24
1369 2
1370 13
1371 19
1372 19
1373 2
1374 18
1375 7
1376 25
1377 4
1378 17
1379 5
1380 17
1381 11
1382 9
1383 31
1384 9
1385 20
1386 14
1387 14
1388 23
1389 18
1390 20
1391 31
1392 7
1393 5
1394 2
1395 26
1396 3
1397 9
1398 25
1399 9
1400 20
1401 18
1402 15
1403 32
1404 16
1405 11
1406 2
1407 11
1408 19
1409 17
1410 3
1411 17
1412 31
1413 32
1414 9
1415 15
1416 17
1417 15
1418 16
1419 11
1420 19
1421 12
1422 11
1423 1
1424 24
1425 22
1426 12
1427 15
1428 8
1429 17
1430 7
1431 23
1432 7
1433 14
1434 13
1435 9
1436 30
1437 9
1438 30
1439 16
1440 28
1441 28
1442 6
1443 1
1444 10
1445 8
1446 25
1447 8
1448 6
1449 12
1450 21
1451 3
1452 24
1453 3
1454 3
1455 10
1456 22
1457 23
1458 29
1459 26
1460 18
1461 25
1462 23
1463 15
1464 6
1465 24
1466 19
1467 28
1468 28
1469 16
1470 12
1471 19
1472 22
1473 25
1474 16
1475 1
1476 28
1477 29
1478 17
1479 19
1480 6
1481 6
1482 18
1483 23
1484 22
1485 7
1486 22
1487 11
1488 15
1489 8
1490 1
1491 13
1492 17
1493 10
1494 7
1495 7
1496 24
1497 18
1498 9
1499 14
1500 11
1501 28
1502 32
1503 8
1504 25
1505 2
1506 12
1507 5
1508 14
1509 31
1510 24
1511 26
1512 31
1513 9
1514 30
1515 14
1516 7
1517 13
1518 19
1519 23
1520 18
1521 3
1522 1
1523 28
1524 15
1525 12
1526 23
1527 27
1528 3
1529 19
1530 10
1531 10
1532 19
1533 9
1534 15
1535 28
1536 10
1537 1
1538 16
1539 4
1540 29
1541 27
1542 3
1543 25
1544 25
1545 5
1546 2
1547 8
1548 12
1549 12
1550 7
1551 22
1552 29
1553 27
1554 30
1555 7
1556 8
1557 10
1558 13
1559 15
1560 12
1561 19
1562 7
1563 2
1564 15
1565 7
1566 21
1567 10
1568 20
1569 3
1570 3
1571 21
1572 12
1573 3
1574 5
1575 14
1576 2
1577 19
1578 15
1579 26
1580 29
1581 17
1582 22
1583 1
1584 32
1585 19
1586 7
1587 12
1588 2
1589 1
1590 19
1591 29
1592 16
1593 18
1594 23
1595 8
1596 18
1597 31
1598 29
1599 31
1600 13
1601 23
1602 21
1603 28
1604 16
1605 19
1606 21
1607 29
1608 8
1609 6
1610 26
1611 9
1612 29
1613 32
1614 29
1615 15
1616 26
1617 14
1618 32
1619 6
1620 21
1621 5
1622 7
1623 31
1624 26
1625 10
1626 18
1627 25
1628 3
1629 21
1630 25
1631 16
1632 3
1633 28
1634 5
1635 14
1636 17
1637 11
1638 19
1639 4
1640 14
1641 19
1642 29
1643 22
1644 23
1645 14
1646 22
1647 11
1648 2
1649 6
1650 30
1651 17
1652 16
1653 28
1654 2
1655 24
1656 2
1657 6
1658 12
1659 18
1660 20
1661 2
1662 18
1663 15
1664 21
1665 3
1666 9
1667 7
1668 3
1669 19
1670 24
1671 6
1672 9
1673 32
1674 22
1675 7
1676 23
1677 29
1678 9
1679 13
1680 20
1681 5
1682 29
1683 17
1684 29
1685 30
1686 8
1687 1
1688 30
1689 27
1690 11
1691 8
1692 20
1693 22
1694 8
1695 28
1696 19
1697 30
1698 10
1699 29
1700 19
1701 6
1702 31
1703 15
1704 12
1705 31
1706 32
1707 24
1708 18
1709 9
1710 10
1711 17
1712 3
1713 5
1714 2
1715 18
1716 4
1717 8
1718 21
1719 19
1720 26
1721 1
1722 1
1723 19
1724 8
1725 27
1726 17
1727 31
1728 29
1729 24
1730 32
1731 23
1732 12
1733 5
1734 14
1735 20
1736 10
1737 28
1738 25
1739 8
1740 21
1741 13
1742 1
1743 23
1744 26
1745 3
1746 2
1747 29
1748 21
1749 19
1750 27
1751 10
1752 14
1753 4
1754 25
1755 21
1756 17
1757 20
1758 12
1759 20
1760 3
1761 29
1762 18
1763 26
1764 17
1765 28
1766 1
1767 25
1768 29
1769 19
1770 14
1771 10
1772 20
1773 21
1774 7
1775 6
1776 7
1777 32
1778 3
1779 27
1780 21
1781 21
1782 12
1783 19
1784 17
1785 16
1786 15
1787 12
1788 13
1789 19
1790 31
1791 24
1792 26
1793 6
1794 16
1795 16
1796 8
1797 7
1798 21
1799 8
1800 15
1801 10
1802 28
1803 30
1804 31
1805 13
1806 18
1807 3
1808 14
1809 25
1810 11
1811 2
1812 18
1813 5
1814 13
1815 10
1816 23
1817 1
1818 11
1819 23
1820 14
1821 27
1822 6
1823 30
1824 11
1825 22
1826 17
1827 11
1828 5
1829 5
1830 18
1831 20
1832 10
1833 10
1834 20
1835 5
1836 9
1837 1
1838 27
1839 30
1840 4
1841 16
1842 21
1843 19
1844 22
1845 25
1846 31
1847 26
1848 6
1849 21
1850 17
1851 2
1852 27
1853 1
1854 25
1855 17
1856 28
1857 16
1858 30
1859 1
1860 16
1861 21
1862 22
1863 21
1864 23
1865 19
1866 9
1867 2
1868 25
1869 6
1870 25
1871 11
1872 18
1873 18
1874 31
1875 25
1876 28
1877 10
1878 24
1879 13
1880 26
1881 21
1882 27
1883 27
1884 19
1885 11
1886 27
1887 15
1888 32
1889 22
1890 21
1891 12
1892 16
1893 2
1894 27
1895 30
1896 14
1897 13
1898 30
1899 3
1900 14
1901 30
1902 20
1903 2
1904 5
1905 3
1906 10
1907 4
1908 12
1909 9
1910 18
1911 20
1912 22
1913 12
1914 26
1915 24
1916 19
1917 2
1918 29
1919 32
1920 32
1921 20
1922 30
1923 18
1924 20
1925 30
1926 14
1927 18
1928 17
1929 32
1930 26
1931 7
1932 19
1933 18
1934 25
1935 10
1936 27
1937 7
1938 23
1939 25
1940 6
1941 18
1942 27
1943 23
1944 14
1945 18
1946 13
1947 25
1948 31
1949 27
1950 11
1951 2
1952 1
1953 4
1954 32
1955 25
1956 21
1957 5
1958 6
1959 8
1960 20
1961 17
1962 22
1963 8
1964 5
1965 26
1966 9
1967 15
1968 31
1969 1
1970 2
1971 26
1972 23
1973 1
1974 21
1975 9
1976 28
1977 3
1978 7
1979 28
1980 20
1981 1
1982 17
1983 29
1984 32
1985 7
1986 14
1987 29
1988 1
1989 24
1990 25
1991 25
1992 25
1993 16
1994 19
1995 9
1996 12
1997 24
1998 6
1999 4
2000 26
2001 11
2002 32
2003 13
2004 10
2005 27
2006 13
2007 3
2008 4
2009 14
2010 10
2011 17
2012 30
2013 6
2014 13
2015 26
2016 3
2017 27
2018 7
2019 19
2020 29
2021 2
2022 19
2023 5
2024 5
2025 15
2026 30
2027 32
2028 24
2029 9
2030 1
2031 14
2032 1
2033 30
2034 32
2035 22
2036 11
2037 13
2038 13
2039 3
2040 13
2041 24
2042 13
2043 7
2044 15
2045 26
2046 23
2047 19
2048 10
2049 12
2050 14
2051 22
2052 17
2053 13
2054 1
2055 16
2056 4
2057 7
2058 11
2059 28
2060 6
2061 17
2062 8
2063 26
2064 1
2065 3
2066 14
2067 1
2068 29
2069 29
2070 4
2071 32
2072 32
2073 19
2074 16
2075 26
2076 16
2077 2
2078 6
2079 9
2080 2
2081 28
2082 25
2083 29
2084 4
2085 20
2086 25
2087 24
2088 26
2089 30
2090 3
2091 11
2092 1
2093 30
2094 32
2095 31
2096 29
2097 13
2098 19
2099 28
2100 17
2101 25
2102 6
2103 22
2104 17
2105 22
2106 29
2107 9
2108 16
2109 28
2110 31
2111 21
2112 26
2113 3
2114 23
2115 1
2116 3
2117 11
2118 23
2119 11
2120 1
2121 8
2122 30
2123 4
2124 6
2125 20
2126 30
2127 1
2128 21
2129 7
2130 18
2131 21
2132 7
2133 16
2134 10
2135 19
2136 24
2137 22
2138 31
2139 9
2140 8
2141 3
2142 26
2143 9
2144 14
2145 8
2146 24
2147 5
2148 24
2149 31
2150 30
2151 28
2152 7
2153 25
2154 23
2155 17
2156 21
2157 22
2158 2
2159 5
2160 22
2161 27
2162 17
2163 17
2164 25
2165 16
2166 1
2167 6
2168 9
2169 9
2170 15
2171 25
2172 12
2173 26
2174 7
2175 22
2176 10
2177 28
2178 3
2179 1
2180 20
2181 3
2182 21
2183 19
2184 15
2185 11
2186 8
2187 26
2188 17
2189 29
2190 31
2191 20
2192 20
2193 7
2194 17
2195 11
2196 29
2197 26
2198 1
2199 31
2200 14
2201 2
2202 2
2203 5
2204 26
2205 5
2206 2
2207 31
2208 20
2209 11
2210 32
2211 31
2212 24
2213 16
2214 22
2215 25
2216 26
2217 18
2218 14
2219 18
2220 8
2221 4
2222 11
2223 9
2224 1
2225 15
2226 6
2227 5
2228 13
2229 10
2230 30
2231 27
2232 25
2233 21
2234 22
2235 2
2236 31
2237 9
2238 19
2239 24
2240 21
2241 14
2242 5
2243 28
2244 2
2245 28
2246 13
2247 26
2248 19
2249 7
2250 21
2251 31
2252 31
2253 27
2254 32
2255 17
2256 23
2257 10
2258 19
2259 20
2260 10
2261 25
2262 7
2263 10
2264 8
2265 11
2266 18
2267 15
2268 6
2269 2
2270 31
2271 3
2272 16
2273 26
2274 11
2275 13
2276 13
2277 14
2278 6
2279 17
2280 30
2281 19
2282 2
2283 22
2284 15
2285 21
2286 20
2287 24
2288 16
2289 32
2290 22
2291 15
2292 4
2293 22
2294 18
2295 28
2296 16
2297 15
2298 25
2299 8
2300 9
2301 7
2302 8
2303 21
2304 19
2305 14
2306 19
2307 1
2308 25
2309 2
2310 15
2311 14
2312 29
2313 6
2314 8
2315 6
2316 5
2317 7
2318 17
2319 10
2320 4
2321 14
2322 11
2323 24
2324 1
2325 11
2326 5
2327 29
2328 10
2329 13
2330 16
2331 9
2332 19
2333 27
2334 24
2335 17
2336 31
2337 11
2338 3
2339 14
2340 8
2341 18
2342 17
2343 24
2344 16
2345 13
2346 12
2347 11
2348 19
2349 19
2350 30
2351 3
2352 8
2353 5
2354 14
2355 20
2356 1
2357 11
2358 8
2359 8
2360 30
2361 25
2362 25
2363 21
2364 19
2365 28
2366 25
2367 14
2368 2
2369 27
2370 28
2371 20
2372 21
2373 23
2374 29
2375 18
2376 7
2377 17
2378 24
2379 14
2380 4
2381 10
2382 25
2383 2
2384 2
2385 9
2386 31
2387 11
2388 31
2389 4
2390 32
2391 13
2392 20
2393 30
2394 17
2395 29
2396 9
2397 5
2398 6
2399 3
2400 21
2401 16
2402 14
2403 2
2404 10
2405 25
2406 6
2407 6
2408 11
2409 15
2410 7
2411 32
2412 30
2413 19
2414 20
2415 12
2416 25
2417 11
2418 25
2419 20
2420 7
2421 24
2422 2
2423 28
2424 27
2425 17
2426 14
2427 14
2428 11
2429 22
2430 23
2431 16
2432 22
2433 7
2434 2
2435 5
2436 17
2437 6
2438 15
2439 29
2440 20
2441 21
2442 25
2443 30
2444 4
2445 3
2446 22
2447 25
2448 31
2449 20
2450 22
2451 20
2452 9
2453 20
2454 25
2455 9
2456 19
2457 20
2458 18
2459 30
2460 16
2461 28
2462 26
2463 15
2464 4
2465 17
2466 14
2467 3
2468 18
2469 28
2470 21
2471 26
2472 21
2473 18
2474 18
2475 1
2476 18
2477 25
2478 15
2479 32
2480 23
2481 30
2482 1
2483 14
2484 26
2485 30
2486 19
2487 26
2488 12
2489 32
2490 4
2491 10
2492 25
2493 23
2494 4
2495 4
2496 19
2497 2
2498 11
2499 24
2500 2
2501 26
2502 11
2503 29
2504 12
2505 26
2506 24
2507 15
2508 19
2509 8
2510 3
2511 2
2512 29
2513 30
2514 25
2515 13
2516 2
2517 30
2518 29
2519 30
2520 3
2521 18
2522 3
2523 21
2524 23
2525 21
2526 1
2527 30
2528 17
2529 24
2530 28
2531 9
2532 26
2533 21
2534 1
2535 1
2536 2
2537 3
2538 25
2539 9
2540 32
2541 28
2542 30
2543 21
2544 6
2545 13
2546 23
2547 18
2548 5
2549 24
2550 26
2551 27
2552 2
2553 4
2554 29
2555 26
2556 5
2557 30
2558 11
2559 12
2560 16
2561 8
2562 20
2563 1
2564 5
2565 25
2566 27
2567 12
2568 16
2569 17
2570 26
2571 18
2572 25
2573 13
2574 21
2575 20
2576 24
2577 30
2578 5
2579 4
2580 15
2581 14
2582 12
2583 22
2584 28
2585 25
2586 12
2587 18
2588 17
2589 29
2590 29
2591 20
2592 21
2593 32
2594 5
2595 3
2596 28
2597 14
2598 6
2599 19
2600 13
2601 18
2602 31
2603 6
2604 1
2605 32
2606 26
2607 26
2608 6
2609 4
2610 19
2611 27
2612 25
2613 20
2614 27
2615 5
2616 28
2617 12
2618 24
2619 20
2620 19
2621 17
2622 14
2623 27
2624 16
2625 16
2626 28
2627 10
2628 26
2629 15
2630 31
2631 28
2632 24
2633 25
2634 27
2635 29
2636 29
2637 8
2638 25
2639 10
2640 18
2641 13
2642 28
2643 28
2644 29
2645 2
2646 2
2647 24
2648 4
2649 21
2650 31
2651 18
2652 4
2653 18
2654 8
2655 5
2656 29
2657 32
2658 4
2659 10
2660 22
2661 6
2662 23
2663 17
2664 29
2665 9
2666 24
2667 2
2668 13
2669 16
2670 8
2671 22
2672 17
2673 17
2674 24
2675 19
2676 21
2677 14
2678 14
2679 16
2680 10
2681 21
2682 14
2683 17
2684 7
2685 13
2686 1
2687 29
2688 27
2689 11
2690 7
2691 1
2692 14
2693 9
2694 14
2695 10
2696 21
2697 1
2698 21
2699 1
2700 26
2701 10
2702 16
2703 11
2704 27
2705 26
2706 13
2707 3
2708 32
2709 27
2710 26
2711 27
2712 18
2713 2
2714 29
2715 13
2716 16
2717 22
2718 9
2719 29
2720 12
2721 29
2722 6
2723 13
2724 31
2725 30
2726 1
2727 10
2728 8
2729 5
2730 2
2731 6
2732 31
2733 21
2734 3
2735 2
2736 21
2737 2
2738 16
2739 30
2740 27
2741 32
2742 31
2743 32
2744 20
2745 20
2746 17
2747 32
2748 12
2749 18
2750 31
2751 31
2752 28
2753 31
2754 22
2755 19
2756 12
2757 21
2758 20
2759 30
2760 24
2761 1
2762 2
2763 24
2764 9
2765 22
2766 21
2767 25
2768 3
2769 16
2770 22
2771 11
2772 17
2773 28
2774 21
2775 31
2776 11
2777 14
2778 29
2779 28
2780 4
2781 13
2782 28
2783 12
2784 17
2785 3
2786 22
2787 18
2788 30
2789 28
2790 16
2791 9
2792 18
2793 16
2794 2
2795 18
2796 1
2797 14
2798 30
2799 9
2800 1
2801 11
2802 21
2803 25
2804 22
2805 14
2806 20
2807 1
2808 27
2809 27
2810 24
2811 21
2812 14
2813 27
2814 27
2815 9
2816 31
2817 29
2818 27
2819 24
2820 13
2821 1
2822 24
2823 30
2824 11
2825 21
2826 14
2827 21
2828 24
2829 21
2830 29
2831 3
2832 27
2833 30
2834 25
2835 17
2836 3
2837 14
2838 3
2839 24
2840 2
2841 29
2842 2
2843 3
2844 18
2845 14
2846 27
2847 27
2848 18
2849 29
2850 19
2851 29
2852 30
2853 17
2854 27
2855 29
2856 29
2857 19
2858 27
2859 29
2860 30
2861 27
2862 1
2863 30
2864 1
2865 25
2866 27
2867 21
2868 30
2869 2
2870 1
2871 30
2872 25
2873 27
2874 17
2875 17
2876 17
2877 21
2878 14
2879 25
2880 27
2881 25
2882 25
2883 18
2884 27
2885 18
2886 17
2887 21
2888 14
2889 18
2890 14
2891 17
2892 1
2893 17
2894 1
2895 18
2896 14
2897 19
2898 17
2899 14
2900 25
2901 21
2902 19
2903 1
2904 21
2905 25
2906 18
2907 21
2908 19
2909 18
2910 25
2911 18
2912 14
2913 17
2914 25
2915 17
2916 17
2917 18
2918 25
2919 19
2920 1
2921 17
2922 25
2923 25
2924 25
2925 14
2926 19
2927 14
2928 21
2929 14
2930 21
2931 21
2932 14
2933 19
2934 25
2935 1
2936 25
2937 17
2938 17
2939 21
2940 14
2941 25
2942 1
2943 19
2944 1
2945 21
2946 19
2947 19
2948 19
2949 1
2950 14
2951 21
2952 19
2953 1
2954 14
2955 19
2956 14
2957 14
2958 21
2959 21
2960 21
2961 19
2962 25
2963 14
2964 21
2965 14
2966 14
2967 19
2968 21
2969 25
2970 1
2971 19
2972 25
2973 25
2974 14
2975 14
2976 19
2977 14
2978 14
2979 1
2980 1
2981 25
2982 1
2983 25
2984 25
2985 25
2986 1
2987 1
2988 1
2989 25
2990 1
2991 1
2992 1
2993 25
2994 1
2995 1
2996 25
2997 25
2998 25
2999 25
3000 25
