1 22
2 41
3 23
4 13
5 24
6 31
7 10
8 18
9 18
10 37
11 36
12 55
13 51
14 3
15 33
16 34
17 52
18 2
19 5
20 50
21 44
22 18
23 23
24 22
25 32
26 44
27 18
28 7
29 7
30 46
31 47
32 25
33 46
34 32
35 45
36 10
37 22
38 55
39 43
40 19
41 20
42 26
43 13
44 20
45 49
46 3
47 8
48 19
49 15
50 12
51 30
52 9
53 33
54 31
55 51
56 49
57 50
58 43
59 4
60 4
61 33
62 13
63 50
64 33
65 37
66 28
67 40
68 45
69 24
70 31
71 25
72 15
73 49
74 23
75 46
76 49
77 15
78 48
79 30
80 37
81 27
82 54
83 4
84 50
85 42
86 28
87 54
88 11
89 23
90 31
91 20
92 14
93 14
94 31
95 32
96 25
97 31
98 16
99 3
100 41
101 49
102 47
103 42
104 10
105 33
106 2
107 49
108 47
109 27
110 10
111 43
112 8
113 4
114 25
115 39
116 13
117 28
118 41
119 16
120 30
121 37
122 30
123 8
124 53
125 13
126 27
127 42
128 29
129 21
130 33
131 19
132 32
133 48
134 23
135 44
136 4
137 9
138 4
139 41
140 50
141 9
142 49
143 22
144 47
145 54
146 41
147 10
148 13
149 3
150 12
151 42
152 25
153 47
154 34
155 11
156 23
157 25
158 41
159 52
160 18
161 32
162 15
163 30
164 26
165 40
166 8
167 11
168 45
169 39
170 52
171 50
172 19
173 4
174 49
175 30
176 5
177 24
178 22
179 20
180 2
181 17
182 14
183 11
184 11
185 33
186 55
187 44
188 44
189 45
190 19
191 51
192 46
193 50
194 50
195 28
196 40
197 7
198 54
199 18
200 9
201 28
202 28
203 41
204 28
205 33
206 19
207 12
208 15
209 55
210 9
211 42
212 21
213 52
214 44
215 2
216 27
217 31
218 29
219 38
220 11
221 33
222 49
223 53
224 28
225 45
226 3
227 19
228 20
229 48
230 19
231 39
232 52
233 27
234 55
235 38
236 43
237 48
238 6
239 48
240 12
241 51
242 35
243 44
244 31
245 45
246 52
247 55
248 3
249 32
250 6
251 17
252 10
253 21
254 7
255 53
256 20
257 55
258 47
259 49
260 29
261 19
262 52
263 3
264 15
265 36
266 6
267 14
268 46
269 46
270 37
271 30
272 27
273 33
274 11
275 52
276 27
277 2
278 17
279 9
280 45
281 18
282 51
283 33
284 17
285 14
286 5
287 23
288 50
289 2
290 26
291 29
292 47
293 40
294 34
295 6
296 23
297 38
298 20
299 10
300 29
301 35
302 38
303 28
304 8
305 49
306 45
307 53
308 51
309 42
310 26
311 42
312 20
313 1
314 28
315 23
316 40
317 54
318 6
319 16
320 34
321 35
322 40
323 37
324 41
325 53
326 38
327 3
328 29
329 17
330 28
331 47
332 46
333 46
334 23
335 52
336 18
337 42
338 34
339 44
340 10
341 26
342 52
343 5
344 18
345 3
346 20
347 42
348 43
349 16
350 5
351 11
352 54
353 11
354 44
355 12
356 9
357 26
358 5
359 37
360 31
361 10
362 40
363 14
364 42
365 37
366 53
367 26
368 32
369 5
370 33
371 11
372 11
373 36
374 51
375 43
376 22
377 53
378 4
379 23
380 55
381 19
382 14
383 33
384 36
385 25
386 52
387 32
388 36
389 39
390 48
391 27
392 13
393 24
394 6
395 36
396 3
397 44
398 1
399 12
400 36
401 47
402 7
403 27
404 16
405 30
406 2
407 44
408 49
409 15
410 50
411 6
412 32
413 41
414 55
415 27
416 11
417 15
418 49
419 47
420 2
421 52
422 24
423 7
424 51
425 3
426 34
427 9
428 13
429 20
430 34
431 28
432 9
433 14
434 49
435 49
436 16
437 50
438 37
439 24
440 24
441 50
442 22
443 3
444 33
445 26
446 5
447 20
448 21
449 4
450 39
451 30
452 24
453 23
454 10
455 21
456 28
457 15
458 22
459 46
460 43
461 1
462 39
463 10
464 13
465 14
466 46
467 15
468 24
469 37
470 53
471 7
472 5
473 49
474 33
475 31
476 13
477 8
478 34
479 49
480 41
481 10
482 9
483 18
484 36
485 20
486 11
487 45
488 45
489 28
490 40
491 8
492 27
493 7
494 37
495 52
496 18
497 7
498 39
499 21
500 21
501 33
502 10
503 17
504 23
505 1
506 53
507 25
508 53
509 54
510 14
511 36
512 49
513 41
514 52
515 27
516 21
517 52
518 5
519 20
520 19
521 28
522 49
523 25
524 54
525 8
526 37
527 48
528 26
529 10
530 9
531 13
532 6
533 14
534 19
535 31
536 31
537 51
538 26
539 25
540 52
541 45
542 28
543 26
544 15
545 47
546 22
547 50
548 50
549 4
550 10
551 45
552 3
553 44
554 53
555 30
556 44
557 12
558 31
559 38
560 53
561 4
562 20
563 20
564 36
565 43
566 30
567 9
568 43
569 36
570 25
571 8
572 7
573 45
574 45
575 5
576 33
577 42
578 19
579 13
580 39
581 43
582 1
583 55
584 49
585 50
586 1
587 51
588 41
589 39
590 24
591 18
592 48
593 21
594 25
595 33
596 5
597 41
598 42
599 15
600 28
601 30
602 41
603 6
604 52
605 15
606 45
607 51
608 49
609 44
610 3
611 1
612 33
613 16
614 21
615 42
616 47
617 47
618 49
619 36
620 54
621 13
622 55
623 22
624 55
625 15
626 15
627 51
628 7
629 19
630 37
631 30
632 24
633 10
634 54
635 21
636 26
637 32
638 3
639 49
640 4
641 18
642 14
643 24
644 4
645 30
646 18
647 50
648 6
649 53
650 51
651 43
652 6
653 24
654 33
655 21
656 44
657 31
658 6
659 2
660 5
661 19
662 24
663 46
664 36
665 42
666 27
667 32
668 47
669 49
670 49
671 1
672 32
673 37
674 46
675 50
676 43
677 44
678 36
679 22
680 54
681 29
682 41
683 7
684 40
685 54
686 4
687 8
688 7
689 22
690 10
691 9
692 13
693 23
694 51
695 28
696 46
697 11
698 12
699 10
700 38
701 15
702 46
703 13
704 9
705 2
706 39
707 26
708 51
709 47
710 30
711 42
712 42
713 33
714 13
715 55
716 30
717 39
718 32
719 7
720 51
721 24
722 26
723 20
724 7
725 55
726 50
727 49
728 19
729 19
730 44
731 17
732 46
733 9
734 6
735 23
736 16
737 24
738 46
739 39
740 47
741 41
742 28
743 26
744 45
745 13
746 43
747 40
748 5
749 20
750 40
751 26
752 11
753 52
754 31
755 44
756 36
757 10
758 36
759 40
760 52
761 8
762 22
763 54
764 29
765 42
766 25
767 26
768 2
769 13
770 38
771 18
772 39
773 9
774 13
775 18
776 50
777 11
778 11
779 17
780 4
781 9
782 11
783 17
784 3
785 27
786 20
787 25
788 17
789 7
790 49
791 11
792 24
793 41
794 2
795 29
796 12
797 38
798 12
799 41
800 29
801 28
802 42
803 17
804 50
805 28
806 7
807 39
808 31
809 20
810 14
811 1
812 48
813 41
814 3
815 16
816 40
817 11
818 27
819 51
820 36
821 31
822 7
823 18
824 46
825 11
826 15
827 11
828 16
829 11
830 53
831 54
832 20
833 2
834 6
835 13
836 39
837 4
838 34
839 30
840 55
841 20
842 10
843 22
844 46
845 45
846 6
847 15
848 19
849 28
850 34
851 21
852 48
853 32
854 52
855 33
856 41
857 17
858 35
859 19
860 31
861 26
862 10
863 46
864 24
865 25
866 51
867 15
868 44
869 40
870 10
871 41
872 11
873 33
874 44
875 32
876 44
877 48
878 19
879 49
880 9
881 17
882 21
883 13
884 55
885 21
886 47
887 41
888 49
889 12
890 20
891 50
892 8
893 20
894 34
895 19
896 33
897 48
898 36
899 30
900 45
901 11
902 24
903 31
904 44
905 16
906 51
907 52
908 42
909 45
910 3
911 53
912 34
913 15
914 43
915 36
916 12
917 19
918 20
919 39
920 1
921 4
922 52
923 38
924 10
925 52
926 44
927 24
928 20
929 19
930 32
931 35
932 49
933 48
934 30
935 45
936 44
937 51
938 18
939 19
940 55
941 31
942 16
943 23
944 52
945 37
946 7
947 25
948 26
949 8
950 43
951 39
952 47
953 44
954 31
955 5
956 12
957 5
958 3
959 48
960 49
961 16
962 12
963 53
964 26
965 16
966 45
967 33
968 41
969 23
970 42
971 17
972 6
973 48
974 15
975 3
976 49
977 35
978 42
979 9
980 26
981 52
982 50
983 28
984 1
985 20
986 31
987 47
988 23
989 8
990 10
991 2
992 4
993 17
994 35
995 30
996 23
997 46
998 44
999 3
1000 4
1001 48
1002 6
1003 39
1004 54
1005 45
1006 13
1007 19
1008 40
1009 3
1010 13
1011 10
1012 31
1013 32
1014 31
1015 46
1016 3
1017 41
1018 20
1019 7
1020 35
1021 24
1022 37
1023 16
1024 32
1025 41
1026 28
1027 43
1028 5
1029 9
1030 47
1031 13
1032 50
1033 7
1034 5
1035 48
1036 50
1037 50
1038 12
1039 33
1040 49
1041 53
1042 47
1043 46
1044 29
1045 52
1046 5
1047 47
1048 40
1049 6
1050 39
1051 54
1052 2
1053 26
1054 37
1055 33
1056 50
1057 29
1058 19
1059 4
1060 49
1061 25
1062 36
1063 15
1064 42
1065 28
1066 39
1067 11
1068 50
1069 50
1070 37
1071 25
1072 33
1073 32
1074 49
1075 16
1076 24
1077 10
1078 17
1079 40
1080 11
1081 7
1082 52
1083 20
1084 27
1085 43
1086 44
1087 26
1088 46
1089 53
1090 49
1091 16
1092 5
1093 29
1094 16
1095 30
1096 41
1097 51
1098 40
1099 54
1100 44
1101 47
1102 47
1103 54
1104 29
1105 50
1106 41
1107 10
1108 49
1109 14
1110 3
1111 19
1112 18
1113 8
1114 24
1115 11
1116 55
1117 29
1118 8
1119 38
1120 24
1121 6
1122 33
1123 31
1124 49
1125 38
1126 46
1127 22
1128 21
1129 53
1130 42
1131 7
1132 4
1133 55
1134 25
1135 55
1136 47
1137 52
1138 21
1139 55
1140 33
1141 25
1142 15
1143 19
1144 1
1145 5
1146 14
1147 48
1148 1
1149 5
1150 45
1151 5
1152 12
1153 7
1154 4
1155 38
1156 52
1157 24
1158 50
1159 44
1160 4
1161 16
1162 35
1163 28
1164 6
1165 17
1166 22
1167 24
1168 20
1169 46
1170 12
1171 1
1172 20
1173 37
1174 28
1175 46
1176 23
1177 26
1178 20
1179 45
1180 34
1181 19
1182 11
1183 41
1184 34
1185 27
1186 41
1187 2
1188 54
1189 5
1190 20
1191 9
1192 55
1193 29
1194 20
1195 48
1196 35
1197 35
1198 35
1199 4
1200 13
1201 5
1202 24
1203 33
1204 17
1205 32
1206 34
1207 29
1208 54
1209 13
1210 3
1211 28
1212 45
1213 15
1214 27
1215 3
1216 10
1217 29
1218 26
1219 5
1220 34
1221 47
1222 24
1223 40
1224 49
1225 45
1226 48
1227 5
1228 45
1229 36
1230 47
1231 17
1232 24
1233 43
1234 48
1235 6
1236 52
1237 6
1238 3
1239 14
1240 22
1241 35
1242 31
1243 13
1244 18
1245 19
1246 12
1247 2
1248 36
1249 35
1250 54
1251 48
1252 22
1253 8
1254 43
1255 7
1256 45
1257 9
1258 33
1259 49
1260 14
1261 9
1262 6
1263 24
1264 39
1265 37
1266 47
1267 54
1268 42
1269 36
1270 16
1271 7
1272 2
1273 25
1274 26
1275 2
1276 38
1277 22
1278 24
1279 28
1280 1
1281 13
1282 35
1283 47
1284 37
1285 42
1286 34
1287 45
1288 5
1289 53
1290 29
1291 39
1292 22
1293 53
1294 45
1295 10
1296 44
1297 31
1298 49
1299 24
1300 1
1301 55
1302 21
1303 50
1304 8
1305 39
1306 49
1307 32
1308 48
1309 54
1310 40
1311 5
1312 5
1313 53
1314 2
1315 35
1316 36
1317 41
1318 50
1319 36
1320 51
1321 10
1322 17
1323 43
1324 32
1325 33
1326 34
1327 20
1328 40
1329 34
1330 11
1331 14
1332 49
1333 50
1334 39
1335 9
1336 53
1337 38
1338 52
1339 41
1340 41
1341 17
1342 25
1343 8
1344 53
1345 29
1346 25
1347 26
1348 7
1349 26
1350 33
1351 17
1352 47
1353 29
1354 37
1355 53
1356 53
1357 33
1358 49
1359 13
1360 11
1361 27
1362 27
1363 46
1364 44
1365 2
1366 13
1367 46
1368 21
1369 5
1370 31
1371 10
1372 32
1373 7
1374 52
1375 39
1376 14
1377 53
1378 13
1379 28
1380 46
1381 47
1382 47
1383 18
1384 51
1385 39
1386 54
1387 39
1388 11
1389 46
1390 18
1391 53
1392 26
1393 43
1394 11
1395 55
1396 49
1397 43
1398 49
1399 38
1400 24
1401 15
1402 2
1403 40
1404 12
1405 7
1406 10
1407 38
1408 26
1409 21
1410 45
1411 6
1412 30
1413 28
1414 10
1415 44
1416 36
1417 2
1418 41
1419 44
1420 17
1421 24
1422 33
1423 23
1424 34
1425 55
1426 31
1427 2
1428 34
1429 36
1430 32
1431 15
1432 31
1433 24
1434 23
1435 26
1436 11
1437 44
1438 15
1439 25
1440 48
1441 28
1442 21
1443 5
1444 14
1445 8
1446 24
1447 27
1448 25
1449 30
1450 39
1451 2
1452 43
1453 23
1454 29
1455 1
1456 35
1457 23
1458 1
1459 47
1460 8
1461 30
1462 47
1463 5
1464 41
1465 37
1466 6
1467 54
1468 2
1469 8
1470 27
1471 14
1472 55
1473 38
1474 43
1475 23
1476 24
1477 46
1478 20
1479 6
1480 18
1481 3
1482 22
1483 51
1484 8
1485 54
1486 32
1487 11
1488 44
1489 38
1490 45
1491 4
1492 42
1493 12
1494 24
1495 25
1496 27
1497 50
1498 51
1499 50
1500 34
1501 28
1502 40
1503 45
1504 31
1505 12
1506 17
1507 14
1508 37
1509 9
1510 23
1511 13
1512 17
1513 16
1514 51
1515 13
1516 41
1517 2
1518 10
1519 43
1520 36
1521 32
1522 2
1523 31
1524 15
1525 15
1526 3
1527 42
1528 49
1529 41
1530 37
1531 49
1532 22
1533 46
1534 12
1535 28
1536 44
1537 17
1538 9
1539 13
1540 34
1541 55
1542 14
1543 31
1544 19
1545 35
1546 16
1547 2
1548 39
1549 4
1550 25
1551 27
1552 30
1553 48
1554 33
1555 25
1556 37
1557 25
1558 44
1559 32
1560 50
1561 27
1562 30
1563 30
1564 44
1565 12
1566 55
1567 17
1568 37
1569 6
1570 44
1571 35
1572 9
1573 1
1574 18
1575 23
1576 10
1577 22
1578 18
1579 40
1580 1
1581 55
1582 4
1583 17
1584 9
1585 9
1586 5
1587 32
1588 26
1589 27
1590 12
1591 44
1592 27
1593 39
1594 50
1595 46
1596 54
1597 11
1598 2
1599 19
1600 5
1601 14
1602 46
1603 25
1604 10
1605 43
1606 15
1607 52
1608 45
1609 3
1610 55
1611 29
1612 19
1613 5
1614 12
1615 28
1616 43
1617 44
1618 1
1619 2
1620 55
1621 31
1622 5
1623 27
1624 2
1625 45
1626 45
1627 31
1628 25
1629 38
1630 21
1631 20
1632 35
1633 41
1634 41
1635 45
1636 28
1637 11
1638 3
1639 31
1640 15
1641 32
1642 13
1643 2
1644 9
1645 13
1646 14
1647 31
1648 33
1649 54
1650 20
1651 15
1652 51
1653 47
1654 53
1655 36
1656 21
1657 47
1658 22
1659 2
1660 49
1661 27
1662 6
1663 5
1664 7
1665 9
1666 8
1667 18
1668 33
1669 45
1670 15
1671 40
1672 37
1673 13
1674 52
1675 8
1676 8
1677 1
1678 49
1679 39
1680 25
1681 2
1682 29
1683 10
1684 49
1685 14
1686 54
1687 1
1688 38
1689 48
1690 2
1691 27
1692 19
1693 18
1694 55
1695 39
1696 50
1697 47
1698 50
1699 55
1700 29
1701 9
1702 51
1703 45
1704 6
1705 39
1706 18
1707 8
1708 45
1709 25
1710 33
1711 31
1712 13
1713 53
1714 51
1715 29
1716 10
1717 54
1718 27
1719 13
1720 9
1721 10
1722 26
1723 51
1724 43
1725 16
1726 49
1727 33
1728 50
1729 33
1730 45
1731 19
1732 24
1733 45
1734 46
1735 20
1736 35
1737 27
1738 7
1739 51
1740 44
1741 42
1742 1
1743 35
1744 20
1745 22
1746 32
1747 16
1748 47
1749 34
1750 45
1751 24
1752 50
1753 29
1754 21
1755 50
1756 46
1757 19
1758 9
1759 43
1760 16
1761 19
1762 44
1763 29
1764 3
1765 18
1766 12
1767 42
1768 10
1769 41
1770 34
1771 19
1772 34
1773 15
1774 19
1775 40
1776 10
1777 15
1778 18
1779 6
1780 36
1781 52
1782 4
1783 19
1784 17
1785 38
1786 29
1787 13
1788 13
1789 30
1790 1
1791 16
1792 17
1793 35
1794 6
1795 12
1796 29
1797 7
1798 41
1799 52
1800 9
1801 50
1802 33
1803 42
1804 4
1805 5
1806 49
1807 9
1808 33
1809 48
1810 3
1811 55
1812 43
1813 46
1814 48
1815 2
1816 37
1817 9
1818 16
1819 31
1820 12
1821 54
1822 9
1823 31
1824 10
1825 53
1826 34
1827 30
1828 2
1829 48
1830 3
1831 35
1832 14
1833 51
1834 54
1835 42
1836 34
1837 11
1838 12
1839 15
1840 40
1841 34
1842 7
1843 53
1844 14
1845 49
1846 49
1847 4
1848 33
1849 36
1850 3
1851 30
1852 38
1853 47
1854 22
1855 14
1856 44
1857 45
1858 6
1859 27
1860 27
1861 8
1862 33
1863 23
1864 2
1865 25
1866 16
1867 48
1868 35
1869 45
1870 1
1871 45
1872 2
1873 44
1874 5
1875 5
1876 14
1877 33
1878 19
1879 28
1880 7
1881 28
1882 13
1883 43
1884 33
1885 35
1886 23
1887 53
1888 51
1889 51
1890 34
1891 42
1892 11
1893 11
1894 3
1895 13
1896 21
1897 6
1898 29
1899 21
1900 44
1901 34
1902 22
1903 3
1904 48
1905 15
1906 48
1907 27
1908 32
1909 11
1910 46
1911 36
1912 5
1913 48
1914 2
1915 54
1916 40
1917 52
1918 4
1919 35
1920 21
1921 50
1922 23
1923 20
1924 38
1925 8
1926 41
1927 50
1928 38
1929 48
1930 18
1931 54
1932 17
1933 44
1934 55
1935 23
1936 51
1937 35
1938 10
1939 9
1940 6
1941 46
1942 28
1943 51
1944 29
1945 5
1946 4
1947 12
1948 50
1949 54
1950 2
1951 32
1952 53
1953 46
1954 36
1955 9
1956 53
1957 6
1958 55
1959 9
1960 25
1961 7
1962 38
1963 26
1964 35
1965 37
1966 39
1967 45
1968 45
1969 53
1970 39
1971 53
1972 12
1973 29
1974 48
1975 41
1976 12
1977 14
1978 30
1979 26
1980 32
1981 23
1982 5
1983 39
1984 29
1985 40
1986 13
1987 31
1988 52
1989 23
1990 15
1991 25
1992 7
1993 1
1994 43
1995 2
1996 22
1997 34
1998 16
1999 9
2000 49
2001 16
2002 33
2003 55
2004 17
2005 15
2006 8
2007 19
2008 54
2009 41
2010 51
2011 45
2012 41
2013 41
2014 31
2015 39
2016 33
2017 18
2018 34
2019 5
2020 54
2021 22
2022 4
2023 13
2024 3
2025 18
2026 17
2027 35
2028 34
2029 49
2030 9
2031 19
2032 24
2033 2
2034 34
2035 55
2036 4
2037 44
2038 51
2039 9
2040 1
2041 12
2042 25
2043 26
2044 36
2045 2
2046 34
2047 1
2048 5
2049 51
2050 20
2051 28
2052 49
2053 53
2054 51
2055 19
2056 40
2057 52
2058 23
2059 13
2060 22
2061 50
2062 1
2063 17
2064 48
2065 18
2066 6
2067 6
2068 2
2069 32
2070 23
2071 36
2072 27
2073 16
2074 35
2075 54
2076 4
2077 20
2078 22
2079 11
2080 10
2081 45
2082 29
2083 47
2084 37
2085 31
2086 54
2087 20
2088 5
2089 32
2090 19
2091 27
2092 53
2093 36
2094 2
2095 28
2096 44
2097 48
2098 13
2099 8
2100 20
2101 35
2102 20
2103 32
2104 40
2105 54
2106 48
2107 10
2108 20
2109 47
2110 7
2111 20
2112 50
2113 31
2114 30
2115 25
2116 1
2117 2
2118 40
2119 18
2120 22
2121 52
2122 9
2123 52
2124 2
2125 36
2126 54
2127 30
2128 35
2129 50
2130 8
2131 24
2132 52
2133 5
2134 15
2135 18
2136 35
2137 33
2138 32
2139 35
2140 53
2141 21
2142 55
2143 37
2144 35
2145 54
2146 7
2147 9
2148 11
2149 48
2150 14
2151 31
2152 9
2153 37
2154 4
2155 12
2156 48
2157 50
2158 46
2159 2
2160 29
2161 8
2162 12
2163 22
2164 10
2165 47
2166 24
2167 20
2168 22
2169 48
2170 38
2171 4
2172 54
2173 40
2174 10
2175 13
2176 26
2177 5
2178 17
2179 28
2180 30
2181 9
2182 54
2183 20
2184 28
2185 40
2186 41
2187 21
2188 38
2189 43
2190 46
2191 23
2192 38
2193 45
2194 41
2195 43
2196 17
2197 13
2198 24
2199 35
2200 40
2201 2
2202 19
2203 35
2204 37
2205 21
2206 24
2207 46
2208 21
2209 8
2210 4
2211 54
2212 43
2213 51
2214 51
2215 37
2216 35
2217 18
2218 30
2219 34
2220 11
2221 27
2222 54
2223 28
2224 28
2225 32
2226 35
2227 6
2228 28
2229 31
2230 27
2231 32
2232 22
2233 42
2234 11
2235 41
2236 36
2237 43
2238 47
2239 23
2240 8
2241 48
2242 25
2243 34
2244 10
2245 21
2246 44
2247 27
2248 21
2249 22
2250 52
2251 53
2252 34
2253 40
2254 22
2255 4
2256 20
2257 52
2258 53
2259 50
2260 51
2261 7
2262 25
2263 11
2264 22
2265 9
2266 40
2267 18
2268 1
2269 6
2270 29
2271 35
2272 29
2273 12
2274 33
2275 35
2276 29
2277 45
2278 37
2279 54
2280 51
2281 54
2282 24
2283 15
2284 33
2285 52
2286 7
2287 37
2288 22
2289 3
2290 55
2291 53
2292 13
2293 39
2294 19
2295 24
2296 12
2297 29
2298 3
2299 19
2300 8
2301 32
2302 32
2303 45
2304 47
2305 24
2306 48
2307 44
2308 9
2309 12
2310 9
2311 37
2312 23
2313 53
2314 18
2315 54
2316 5
2317 27
2318 11
2319 14
2320 51
2321 24
2322 53
2323 27
2324 40
2325 35
2326 47
2327 53
2328 42
2329 10
2330 49
2331 19
2332 17
2333 12
2334 29
2335 12
2336 51
2337 24
2338 55
2339 8
2340 36
2341 54
2342 14
2343 43
2344 22
2345 37
2346 32
2347 46
2348 24
2349 25
2350 3
2351 55
2352 6
2353 25
2354 1
2355 46
2356 4
2357 37
2358 49
2359 22
2360 2
2361 10
2362 5
2363 20
2364 27
2365 23
2366 55
2367 48
2368 32
2369 25
2370 8
2371 47
2372 51
2373 30
2374 20
2375 35
2376 6
2377 53
2378 36
2379 44
2380 34
2381 17
2382 35
2383 19
2384 6
2385 52
2386 38
2387 10
2388 16
2389 1
2390 16
2391 21
2392 6
2393 35
2394 32
2395 53
2396 23
2397 3
2398 20
2399 7
2400 26
2401 26
2402 41
2403 6
2404 48
2405 2
2406 25
2407 47
2408 55
2409 36
2410 8
2411 4
2412 17
2413 19
2414 21
2415 29
2416 37
2417 45
2418 33
2419 21
2420 37
2421 27
2422 40
2423 34
2424 16
2425 36
2426 7
2427 46
2428 30
2429 28
2430 23
2431 6
2432 43
2433 13
2434 8
2435 27
2436 19
2437 54
2438 30
2439 1
2440 21
2441 40
2442 4
2443 29
2444 1
2445 6
2446 15
2447 43
2448 55
2449 10
2450 24
2451 55
2452 37
2453 10
2454 5
2455 52
2456 27
2457 5
2458 24
2459 40
2460 47
2461 31
2462 5
2463 22
2464 35
2465 18
2466 30
2467 23
2468 13
2469 50
2470 34
2471 12
2472 24
2473 54
2474 41
2475 46
2476 52
2477 38
2478 21
2479 19
2480 1
2481 21
2482 8
2483 23
2484 31
2485 29
2486 42
2487 54
2488 19
2489 28
2490 23
2491 46
2492 28
2493 28
2494 38
2495 31
2496 30
2497 36
2498 4
2499 6
2500 24
2501 47
2502 47
2503 25
2504 9
2505 50
2506 33
2507 18
2508 50
2509 19
2510 26
2511 46
2512 22
2513 54
2514 2
2515 2
2516 49
2517 26
2518 42
2519 38
2520 14
2521 52
2522 1
2523 33
2524 38
2525 6
2526 33
2527 42
2528 31
2529 50
2530 24
2531 50
2532 5
2533 32
2534 27
2535 16
2536 50
2537 53
2538 14
2539 52
2540 12
2541 14
2542 16
2543 17
2544 44
2545 50
2546 16
2547 41
2548 51
2549 34
2550 4
2551 54
2552 31
2553 16
2554 39
2555 22
2556 32
2557 40
2558 6
2559 10
2560 38
2561 32
2562 19
2563 54
2564 41
2565 14
2566 16
2567 42
2568 29
2569 29
2570 34
2571 7
2572 24
2573 4
2574 9
2575 35
2576 17
2577 36
2578 18
2579 12
2580 37
2581 17
2582 23
2583 11
2584 29
2585 2
2586 13
2587 10
2588 43
2589 40
2590 11
2591 47
2592 45
2593 8
2594 25
2595 18
2596 43
2597 30
2598 55
2599 6
2600 42
2601 2
2602 1
2603 44
2604 45
2605 3
2606 20
2607 27
2608 31
2609 4
2610 21
2611 34
2612 6
2613 40
2614 40
2615 23
2616 50
2617 51
2618 39
2619 21
2620 48
2621 4
2622 8
2623 12
2624 34
2625 43
2626 34
2627 29
2628 39
2629 17
2630 21
2631 50
2632 4
2633 37
2634 15
2635 40
2636 3
2637 37
2638 43
2639 3
2640 32
2641 29
2642 33
2643 37
2644 39
2645 6
2646 44
2647 35
2648 26
2649 43
2650 3
2651 45
2652 12
2653 19
2654 34
2655 14
2656 14
2657 54
2658 1
2659 23
2660 52
2661 32
2662 29
2663 44
2664 55
2665 53
2666 25
2667 34
2668 53
2669 31
2670 39
2671 27
2672 36
2673 4
2674 43
2675 53
2676 43
2677 11
2678 45
2679 29
2680 13
2681 28
2682 18
2683 51
2684 40
2685 39
2686 5
2687 52
2688 33
2689 33
2690 32
2691 39
2692 17
2693 7
2694 31
2695 31
2696 47
2697 11
2698 32
2699 22
2700 8
2701 1
2702 37
2703 35
2704 49
2705 25
2706 9
2707 46
2708 4
2709 28
2710 54
2711 7
2712 38
2713 12
2714 37
2715 20
2716 36
2717 55
2718 45
2719 15
2720 28
2721 54
2722 10
2723 12
2724 11
2725 46
2726 5
2727 8
2728 7
2729 35
2730 18
2731 12
2732 37
2733 22
2734 47
2735 45
2736 31
2737 1
2738 5
2739 39
2740 20
2741 9
2742 34
2743 10
2744 55
2745 31
2746 40
2747 48
2748 32
2749 2
2750 55
2751 12
2752 42
2753 9
2754 34
2755 49
2756 31
2757 45
2758 42
2759 12
2760 21
2761 33
2762 31
2763 28
2764 54
2765 22
2766 7
2767 37
2768 44
2769 27
2770 37
2771 10
2772 37
2773 47
2774 25
2775 16
2776 38
2777 43
2778 32
2779 15
2780 8
2781 14
2782 41
2783 48
2784 4
2785 46
2786 34
2787 51
2788 34
2789 50
2790 26
2791 22
2792 19
2793 30
2794 17
2795 38
2796 34
2797 22
2798 29
2799 37
2800 1
2801 5
2802 50
2803 3
2804 54
2805 54
2806 51
2807 33
2808 37
2809 22
2810 18
2811 52
2812 18
2813 3
2814 26
2815 47
2816 39
2817 36
2818 24
2819 31
2820 31
2821 28
2822 53
2823 3
2824 47
2825 16
2826 17
2827 47
2828 33
2829 53
2830 29
2831 10
2832 52
2833 8
2834 44
2835 20
2836 22
2837 2
2838 20
2839 29
2840 48
2841 39
2842 23
2843 34
2844 7
2845 49
2846 33
2847 3
2848 17
2849 41
2850 1
2851 41
2852 16
2853 49
2854 43
2855 41
2856 50
2857 23
2858 39
2859 43
2860 18
2861 33
2862 53
2863 15
2864 36
2865 54
2866 15
2867 5
2868 40
2869 3
2870 17
2871 47
2872 24
2873 2
2874 14
2875 38
2876 14
2877 24
2878 29
2879 5
2880 32
2881 14
2882 55
2883 1
2884 52
2885 33
2886 39
2887 33
2888 1
2889 26
2890 11
2891 6
2892 34
2893 3
2894 35
2895 1
2896 20
2897 13
2898 44
2899 41
2900 22
2901 48
2902 9
2903 40
2904 20
2905 5
2906 17
2907 54
2908 44
2909 32
2910 27
2911 45
2912 30
2913 54
2914 38
2915 2
2916 16
2917 26
2918 7
2919 46
2920 13
2921 21
2922 37
2923 18
2924 29
2925 8
2926 15
2927 42
2928 25
2929 12
2930 30
2931 49
2932 10
2933 12
2934 14
2935 48
2936 34
2937 32
2938 25
2939 32
2940 23
2941 55
2942 52
2943 9
2944 38
2945 12
2946 2
2947 4
2948 38
2949 47
2950 40
2951 28
2952 45
2953 43
2954 44
2955 25
2956 22
2957 51
2958 34
2959 10
2960 3
2961 51
2962 40
2963 38
2964 42
2965 17
2966 51
2967 53
2968 7
2969 21
2970 44
2971 55
2972 1
2973 37
2974 10
2975 46
2976 14
2977 5
2978 3
2979 39
2980 52
2981 39
2982 31
2983 32
2984 26
2985 33
2986 29
2987 52
2988 36
2989 50
2990 19
2991 50
2992 47
2993 24
2994 24
2995 15
2996 9
2997 14
2998 32
2999 37
3000 41
3001 33
3002 26
3003 41
3004 13
3005 12
3006 3
3007 40
3008 55
3009 46
3010 3
3011 46
3012 51
3013 19
3014 45
3015 53
3016 31
3017 26
3018 23
3019 8
3020 53
3021 23
3022 6
3023 19
3024 7
3025 29
3026 3
3027 23
3028 26
3029 31
3030 16
3031 10
3032 17
3033 23
3034 34
3035 38
3036 52
3037 8
3038 22
3039 18
3040 40
3041 12
3042 38
3043 48
3044 45
3045 3
3046 32
3047 15
3048 30
3049 38
3050 20
3051 18
3052 22
3053 47
3054 29
3055 51
3056 18
3057 22
3058 13
3059 32
3060 1
3061 24
3062 6
3063 49
3064 17
3065 10
3066 32
3067 29
3068 12
3069 34
3070 22
3071 31
3072 33
3073 4
3074 24
3075 43
3076 10
3077 7
3078 20
3079 10
3080 20
3081 46
3082 24
3083 44
3084 13
3085 49
3086 45
3087 37
3088 40
3089 40
3090 53
3091 27
3092 18
3093 15
3094 19
3095 26
3096 46
3097 33
3098 25
3099 32
3100 53
3101 13
3102 17
3103 14
3104 54
3105 18
3106 41
3107 35
3108 21
3109 49
3110 5
3111 11
3112 54
3113 39
3114 30
3115 9
3116 9
3117 19
3118 49
3119 37
3120 40
3121 20
3122 52
3123 35
3124 49
3125 36
3126 46
3127 19
3128 17
3129 29
3130 14
3131 46
3132 37
3133 43
3134 45
3135 37
3136 46
3137 39
3138 40
3139 8
3140 12
3141 52
3142 18
3143 4
3144 13
3145 35
3146 41
3147 31
3148 54
3149 48
3150 50
3151 35
3152 32
3153 7
3154 19
3155 26
3156 1
3157 17
3158 13
3159 50
3160 44
3161 12
3162 34
3163 13
3164 34
3165 53
3166 50
3167 22
3168 22
3169 16
3170 36
3171 40
3172 36
3173 47
3174 17
3175 48
3176 44
3177 30
3178 11
3179 9
3180 24
3181 38
3182 47
3183 6
3184 52
3185 38
3186 1
3187 18
3188 48
3189 54
3190 25
3191 22
3192 16
3193 19
3194 12
3195 5
3196 26
3197 23
3198 26
3199 22
3200 49
3201 14
3202 25
3203 36
3204 25
3205 18
3206 44
3207 50
3208 20
3209 17
3210 15
3211 42
3212 17
3213 4
3214 24
3215 15
3216 3
3217 4
3218 55
3219 33
3220 8
3221 46
3222 51
3223 34
3224 43
3225 41
3226 52
3227 32
3228 30
3229 19
3230 47
3231 25
3232 15
3233 28
3234 53
3235 20
3236 22
3237 20
3238 15
3239 34
3240 54
3241 25
3242 32
3243 36
3244 17
3245 47
3246 16
3247 17
3248 53
3249 53
3250 50
3251 22
3252 53
3253 32
3254 11
3255 30
3256 25
3257 5
3258 13
3259 28
3260 41
3261 29
3262 31
3263 53
3264 44
3265 51
3266 14
3267 52
3268 30
3269 26
3270 3
3271 40
3272 28
3273 24
3274 53
3275 18
3276 38
3277 18
3278 13
3279 43
3280 45
3281 20
3282 21
3283 4
3284 21
3285 21
3286 33
3287 47
3288 12
3289 42
3290 44
3291 39
3292 41
3293 39
3294 35
3295 31
3296 12
3297 32
3298 13
3299 55
3300 7
3301 25
3302 45
3303 1
3304 6
3305 21
3306 3
3307 49
3308 10
3309 7
3310 28
3311 45
3312 44
3313 16
3314 6
3315 12
3316 42
3317 19
3318 8
3319 43
3320 12
3321 27
3322 38
3323 28
3324 46
3325 17
3326 27
3327 49
3328 11
3329 32
3330 41
3331 32
3332 46
3333 14
3334 10
3335 20
3336 17
3337 16
3338 30
3339 11
3340 40
3341 51
3342 36
3343 10
3344 34
3345 12
3346 42
3347 10
3348 13
3349 28
3350 18
3351 48
3352 4
3353 25
3354 51
3355 16
3356 54
3357 30
3358 37
3359 33
3360 28
3361 5
3362 8
3363 39
3364 55
3365 2
3366 51
3367 30
3368 16
3369 50
3370 16
3371 32
3372 34
3373 27
3374 51
3375 11
3376 52
3377 42
3378 2
3379 1
3380 18
3381 22
3382 48
3383 48
3384 24
3385 20
3386 8
3387 21
3388 43
3389 45
3390 48
3391 55
3392 44
3393 19
3394 52
3395 51
3396 52
3397 47
3398 26
3399 3
3400 38
3401 40
3402 26
3403 30
3404 8
3405 26
3406 23
3407 14
3408 29
3409 11
3410 12
3411 10
3412 4
3413 18
3414 45
3415 26
3416 48
3417 7
3418 32
3419 45
3420 11
3421 34
3422 31
3423 49
3424 2
3425 18
3426 5
3427 3
3428 42
3429 38
3430 34
3431 20
3432 33
3433 40
3434 10
3435 25
3436 50
3437 53
3438 32
3439 4
3440 6
3441 34
3442 30
3443 46
3444 4
3445 16
3446 14
3447 46
3448 43
3449 15
3450 54
3451 12
3452 3
3453 3
3454 8
3455 36
3456 42
3457 34
3458 9
3459 43
3460 4
3461 35
3462 16
3463 20
3464 12
3465 18
3466 30
3467 17
3468 51
3469 47
3470 30
3471 47
3472 48
3473 42
3474 1
3475 34
3476 24
3477 46
3478 54
3479 34
3480 33
3481 27
3482 20
3483 15
3484 41
3485 13
3486 51
3487 12
3488 53
3489 50
3490 20
3491 34
3492 4
3493 34
3494 29
3495 52
3496 10
3497 39
3498 5
3499 21
3500 8
3501 6
3502 35
3503 14
3504 47
3505 9
3506 1
3507 39
3508 38
3509 47
3510 11
3511 23
3512 10
3513 27
3514 39
3515 48
3516 13
3517 42
3518 1
3519 9
3520 2
3521 44
3522 54
3523 50
3524 13
3525 21
3526 19
3527 51
3528 14
3529 45
3530 55
3531 24
3532 9
3533 19
3534 2
3535 33
3536 41
3537 18
3538 16
3539 51
3540 21
3541 30
3542 13
3543 26
3544 3
3545 17
3546 53
3547 49
3548 4
3549 1
3550 24
3551 36
3552 46
3553 27
3554 38
3555 1
3556 41
3557 23
3558 54
3559 6
3560 50
3561 54
3562 34
3563 52
3564 3
3565 42
3566 52
3567 48
3568 23
3569 4
3570 10
3571 11
3572 48
3573 54
3574 34
3575 17
3576 8
3577 11
3578 14
3579 16
3580 9
3581 19
3582 46
3583 16
3584 8
3585 27
3586 49
3587 33
3588 32
3589 14
3590 6
3591 8
3592 19
3593 1
3594 12
3595 19
3596 1
3597 42
3598 54
3599 40
3600 53
3601 45
3602 50
3603 53
3604 44
3605 27
3606 39
3607 15
3608 27
3609 23
3610 27
3611 35
3612 46
3613 30
3614 6
3615 37
3616 27
3617 44
3618 42
3619 39
3620 36
3621 2
3622 14
3623 49
3624 6
3625 17
3626 31
3627 17
3628 8
3629 42
3630 10
3631 23
3632 12
3633 50
3634 46
3635 1
3636 37
3637 42
3638 30
3639 46
3640 10
3641 44
3642 53
3643 37
3644 32
3645 1
3646 4
3647 40
3648 6
3649 47
3650 11
3651 18
3652 38
3653 21
3654 33
3655 22
3656 7
3657 41
3658 36
3659 50
3660 34
3661 40
3662 49
3663 19
3664 12
3665 46
3666 26
3667 50
3668 11
3669 26
3670 37
3671 22
3672 34
3673 6
3674 32
3675 11
3676 40
3677 24
3678 41
3679 46
3680 35
3681 32
3682 49
3683 35
3684 22
3685 29
3686 27
3687 1
3688 24
3689 27
3690 7
3691 9
3692 26
3693 11
3694 22
3695 17
3696 1
3697 3
3698 7
3699 26
3700 33
3701 36
3702 15
3703 11
3704 40
3705 24
3706 22
3707 6
3708 31
3709 27
3710 41
3711 51
3712 21
3713 7
3714 25
3715 9
3716 37
3717 1
3718 8
3719 51
3720 34
3721 39
3722 46
3723 11
3724 52
3725 18
3726 55
3727 27
3728 12
3729 50
3730 46
3731 33
3732 14
3733 2
3734 18
3735 21
3736 28
3737 51
3738 5
3739 10
3740 40
3741 31
3742 52
3743 27
3744 52
3745 13
3746 41
3747 14
3748 18
3749 52
3750 7
3751 51
3752 11
3753 31
3754 3
3755 13
3756 52
3757 40
3758 36
3759 46
3760 50
3761 29
3762 50
3763 18
3764 15
3765 50
3766 23
3767 1
3768 25
3769 33
3770 1
3771 30
3772 49
3773 17
3774 43
3775 7
3776 5
3777 20
3778 3
3779 3
3780 26
3781 45
3782 30
3783 16
3784 8
3785 3
3786 35
3787 55
3788 28
3789 2
3790 24
3791 20
3792 6
3793 42
3794 30
3795 29
3796 49
3797 54
3798 19
3799 44
3800 6
3801 8
3802 10
3803 1
3804 10
3805 40
3806 2
3807 23
3808 45
3809 12
3810 29
3811 26
3812 38
3813 47
3814 21
3815 28
3816 5
3817 44
3818 17
3819 13
3820 41
3821 43
3822 19
3823 47
3824 25
3825 19
3826 31
3827 44
3828 8
3829 14
3830 45
3831 13
3832 3
3833 44
3834 35
3835 27
3836 38
3837 40
3838 16
3839 16
3840 23
3841 14
3842 44
3843 10
3844 36
3845 8
3846 52
3847 38
3848 7
3849 24
3850 21
3851 4
3852 43
3853 29
3854 38
3855 15
3856 7
3857 27
3858 12
3859 30
3860 42
3861 28
3862 12
3863 18
3864 36
3865 20
3866 19
3867 4
3868 4
3869 7
3870 20
3871 20
3872 46
3873 54
3874 38
3875 38
3876 48
3877 11
3878 40
3879 48
3880 38
3881 16
3882 15
3883 34
3884 25
3885 53
3886 10
3887 48
3888 17
3889 52
3890 52
3891 38
3892 12
3893 46
3894 42
3895 40
3896 34
3897 16
3898 36
3899 32
3900 33
3901 15
3902 5
3903 31
3904 36
3905 37
3906 34
3907 41
3908 46
3909 47
3910 21
3911 41
3912 19
3913 55
3914 24
3915 18
3916 16
3917 42
3918 49
3919 5
3920 29
3921 47
3922 39
3923 19
3924 41
3925 40
3926 52
3927 23
3928 32
3929 15
3930 38
3931 32
3932 5
3933 53
3934 53
3935 6
3936 7
3937 29
3938 2
3939 52
3940 29
3941 38
3942 10
3943 49
3944 24
3945 40
3946 32
3947 5
3948 50
3949 34
3950 40
3951 20
3952 6
3953 33
3954 53
3955 50
3956 23
3957 10
3958 18
3959 38
3960 49
3961 32
3962 23
3963 8
3964 2
3965 2
3966 10
3967 55
3968 25
3969 26
3970 1
3971 6
3972 50
3973 8
3974 49
3975 10
3976 13
3977 51
3978 55
3979 37
3980 1
3981 6
3982 7
3983 11
3984 24
3985 33
3986 24
3987 25
3988 42
3989 49
3990 39
3991 21
3992 23
3993 54
3994 31
3995 28
3996 49
3997 49
3998 21
3999 13
4000 22
4001 20
4002 40
4003 25
4004 3
4005 8
4006 3
4007 20
4008 38
4009 42
4010 27
4011 9
4012 9
4013 12
4014 14
4015 23
4016 54
4017 48
4018 42
4019 20
4020 1
4021 35
4022 53
4023 8
4024 12
4025 12
4026 7
4027 13
4028 16
4029 51
4030 25
4031 7
4032 20
4033 53
4034 39
4035 44
4036 12
4037 6
4038 42
4039 7
4040 16
4041 30
4042 41
4043 6
4044 23
4045 8
4046 34
4047 43
4048 45
4049 12
4050 14
4051 43
4052 8
4053 19
4054 21
4055 1
4056 44
4057 24
4058 1
4059 18
4060 18
4061 40
4062 21
4063 7
4064 1
4065 35
4066 55
4067 55
4068 11
4069 20
4070 2
4071 9
4072 22
4073 13
4074 49
4075 11
4076 13
4077 8
4078 34
4079 21
4080 44
4081 31
4082 21
4083 46
4084 41
4085 49
4086 19
4087 1
4088 52
4089 35
4090 46
4091 47
4092 38
4093 1
4094 7
4095 40
4096 33
4097 18
4098 23
4099 4
4100 47
4101 15
4102 49
4103 31
4104 24
4105 5
4106 26
4107 54
4108 17
4109 2
4110 36
4111 23
4112 6
4113 23
4114 16
4115 24
4116 47
4117 17
4118 45
4119 23
4120 50
4121 49
4122 37
4123 8
4124 55
4125 44
4126 8
4127 50
4128 9
4129 13
4130 49
4131 47
4132 47
4133 32
4134 43
4135 1
4136 6
4137 40
4138 5
4139 36
4140 30
4141 52
4142 53
4143 18
4144 9
4145 4
4146 31
4147 40
4148 17
4149 46
4150 11
4151 19
4152 36
4153 3
4154 37
4155 44
4156 33
4157 8
4158 20
4159 5
4160 37
4161 14
4162 17
4163 54
4164 43
4165 53
4166 9
4167 40
4168 52
4169 6
4170 9
4171 15
4172 17
4173 20
4174 53
4175 22
4176 31
4177 32
4178 45
4179 1
4180 20
4181 19
4182 5
4183 55
4184 8
4185 36
4186 50
4187 6
4188 53
4189 13
4190 42
4191 17
4192 28
4193 41
4194 25
4195 25
4196 53
4197 32
4198 4
4199 47
4200 25
4201 33
4202 21
4203 20
4204 13
4205 8
4206 25
4207 2
4208 14
4209 40
4210 44
4211 43
4212 3
4213 54
4214 35
4215 8
4216 24
4217 39
4218 35
4219 40
4220 48
4221 19
4222 18
4223 9
4224 6
4225 1
4226 44
4227 37
4228 20
4229 11
4230 54
4231 23
4232 14
4233 54
4234 26
4235 5
4236 10
4237 51
4238 5
4239 1
4240 17
4241 40
4242 36
4243 9
4244 5
4245 52
4246 35
4247 29
4248 23
4249 39
4250 48
4251 32
4252 50
4253 39
4254 11
4255 26
4256 21
4257 32
4258 32
4259 2
4260 35
4261 33
4262 11
4263 39
4264 19
4265 52
4266 22
4267 33
4268 34
4269 32
4270 45
4271 55
4272 34
4273 24
4274 42
4275 9
4276 52
4277 5
4278 46
4279 24
4280 50
4281 53
4282 15
4283 24
4284 25
4285 29
4286 3
4287 25
4288 16
4289 38
4290 16
4291 25
4292 8
4293 31
4294 39
4295 4
4296 25
4297 32
4298 12
4299 21
4300 49
4301 34
4302 37
4303 7
4304 4
4305 55
4306 53
4307 15
4308 42
4309 53
4310 10
4311 5
4312 4
4313 31
4314 46
4315 52
4316 14
4317 17
4318 54
4319 40
4320 43
4321 38
4322 3
4323 38
4324 53
4325 2
4326 3
4327 53
4328 48
4329 53
4330 38
4331 31
4332 41
4333 45
4334 28
4335 27
4336 47
4337 43
4338 34
4339 26
4340 43
4341 29
4342 41
4343 7
4344 50
4345 30
4346 18
4347 44
4348 35
4349 47
4350 49
4351 44
4352 42
4353 38
4354 45
4355 34
4356 40
4357 27
4358 13
4359 48
4360 14
4361 2
4362 8
4363 29
4364 33
4365 14
4366 52
4367 21
4368 14
4369 3
4370 16
4371 7
4372 18
4373 47
4374 30
4375 47
4376 45
4377 39
4378 50
4379 29
4380 11
4381 53
4382 34
4383 36
4384 41
4385 6
4386 38
4387 44
4388 5
4389 47
4390 14
4391 2
4392 31
4393 51
4394 55
4395 45
4396 21
4397 13
4398 44
4399 53
4400 39
4401 23
4402 43
4403 45
4404 16
4405 10
4406 8
4407 31
4408 38
4409 2
4410 6
4411 50
4412 34
4413 39
4414 9
4415 11
4416 2
4417 24
4418 31
4419 26
4420 2
4421 25
4422 12
4423 37
4424 4
4425 30
4426 7
4427 29
4428 38
4429 44
4430 34
4431 8
4432 24
4433 21
4434 52
4435 11
4436 32
4437 53
4438 43
4439 47
4440 39
4441 15
4442 19
4443 22
4444 39
4445 12
4446 45
4447 52
4448 24
4449 14
4450 8
4451 3
4452 46
4453 3
4454 18
4455 7
4456 32
4457 17
4458 7
4459 51
4460 37
4461 2
4462 50
4463 45
4464 4
4465 22
4466 29
4467 5
4468 8
4469 4
4470 39
4471 14
4472 48
4473 20
4474 17
4475 39
4476 9
4477 3
4478 47
4479 3
4480 50
4481 32
4482 9
4483 8
4484 41
4485 22
4486 3
4487 47
4488 50
4489 48
4490 19
4491 36
4492 12
4493 20
4494 27
4495 45
4496 44
4497 54
4498 38
4499 24
4500 17
4501 51
4502 37
4503 46
4504 43
4505 17
4506 26
4507 14
4508 27
4509 45
4510 25
4511 55
4512 24
4513 45
4514 2
4515 24
4516 11
4517 5
4518 32
4519 36
4520 38
4521 52
4522 38
4523 48
4524 14
4525 37
4526 33
4527 29
4528 43
4529 44
4530 35
4531 48
4532 32
4533 5
4534 7
4535 14
4536 31
4537 3
4538 33
4539 31
4540 6
4541 10
4542 55
4543 35
4544 3
4545 54
4546 18
4547 38
4548 33
4549 4
4550 36
4551 6
4552 34
4553 19
4554 35
4555 13
4556 44
4557 47
4558 31
4559 18
4560 4
4561 9
4562 24
4563 51
4564 40
4565 51
4566 11
4567 20
4568 49
4569 54
4570 11
4571 11
4572 19
4573 49
4574 47
4575 25
4576 48
4577 53
4578 49
4579 32
4580 10
4581 20
4582 54
4583 33
4584 47
4585 12
4586 48
4587 1
4588 6
4589 24
4590 52
4591 41
4592 14
4593 25
4594 1
4595 51
4596 50
4597 33
4598 38
4599 6
4600 46
4601 50
4602 52
4603 7
4604 5
4605 2
4606 54
4607 7
4608 19
4609 24
4610 13
4611 48
4612 9
4613 41
4614 48
4615 20
4616 25
4617 34
4618 25
4619 3
4620 18
4621 8
4622 50
4623 6
4624 47
4625 40
4626 8
4627 51
4628 44
4629 9
4630 6
4631 10
4632 38
4633 32
4634 24
4635 6
4636 11
4637 34
4638 34
4639 20
4640 5
4641 32
4642 17
4643 46
4644 19
4645 19
4646 5
4647 40
4648 9
4649 41
4650 17
4651 53
4652 9
4653 2
4654 20
4655 2
4656 45
4657 13
4658 44
4659 19
4660 47
4661 45
4662 40
4663 3
4664 34
4665 54
4666 49
4667 13
4668 45
4669 50
4670 19
4671 12
4672 9
4673 50
4674 17
4675 13
4676 25
4677 8
4678 13
4679 18
4680 18
4681 3
4682 25
4683 17
4684 40
4685 46
4686 17
4687 17
4688 32
4689 6
4690 50
4691 53
4692 10
4693 8
4694 31
4695 9
4696 6
4697 13
4698 54
4699 41
4700 44
4701 31
4702 41
4703 44
4704 41
4705 54
4706 45
4707 12
4708 40
4709 19
4710 19
4711 50
4712 53
4713 24
4714 50
4715 2
4716 17
4717 47
4718 50
4719 12
4720 17
4721 44
4722 2
4723 52
4724 47
4725 10
4726 53
4727 32
4728 49
4729 3
4730 49
4731 47
4732 12
4733 2
4734 10
4735 20
4736 12
4737 32
4738 50
4739 5
4740 50
4741 10
4742 49
4743 46
4744 44
4745 52
4746 53
4747 52
4748 46
4749 53
4750 46
4751 45
4752 10
4753 10
4754 44
4755 53
4756 12
4757 46
4758 40
4759 45
4760 46
4761 40
4762 5
4763 34
4764 46
4765 10
4766 50
4767 12
4768 54
4769 46
4770 34
4771 19
4772 54
4773 49
4774 19
4775 24
4776 19
4777 19
4778 19
4779 12
4780 12
4781 5
4782 53
4783 19
4784 45
4785 44
4786 24
4787 2
4788 19
4789 53
4790 49
4791 54
4792 20
4793 54
4794 24
4795 20
4796 49
4797 49
4798 34
4799 53
4800 54
4801 20
4802 20
4803 12
4804 24
4805 12
4806 20
4807 12
4808 2
4809 2
4810 5
4811 44
4812 49
4813 20
4814 53
4815 12
4816 5
4817 32
4818 54
4819 50
4820 10
4821 12
4822 54
4823 12
4824 2
4825 2
4826 32
4827 44
4828 2
4829 2
4830 24
4831 32
4832 44
4833 10
4834 12
4835 20
4836 10
4837 32
4838 19
4839 32
4840 10
4841 24
4842 10
4843 49
4844 2
4845 12
4846 24
4847 53
4848 2
4849 32
4850 24
4851 24
4852 10
4853 2
4854 32
4855 24
4856 50
4857 5
4858 5
4859 24
4860 5
4861 49
4862 24
4863 49
4864 10
4865 5
4866 12
4867 5
4868 32
4869 50
4870 2
4871 2
4872 5
4873 32
4874 10
4875 50
4876 12
4877 50
4878 12
4879 12
4880 32
4881 5
4882 10
4883 10
4884 49
4885 5
4886 5
4887 49
4888 50
4889 5
4890 24
4891 32
4892 12
4893 10
4894 5
4895 50
4896 24
4897 50
4898 50
4899 24
4900 2
4901 32
4902 32
4903 32
4904 12
4905 24
4906 2
4907 10
4908 10
4909 24
4910 24
4911 2
4912 5
4913 5
4914 5
4915 50
4916 32
4917 12
4918 2
4919 5
4920 10
4921 32
4922 12
4923 10
4924 2
4925 2
4926 10
4927 5
4928 2
4929 2
4930 10
4931 10
4932 5
4933 5
4934 10
4935 50
4936 5
4937 12
4938 5
4939 12
4940 12
4941 5
4942 5
4943 12
4944 10
4945 12
4946 5
4947 2
4948 2
4949 12
4950 10
4951 12
4952 12
4953 12
4954 10
4955 5
4956 12
4957 10
4958 2
4959 2
4960 12
4961 12
4962 12
4963 10
4964 2
4965 2
4966 12
4967 5
4968 5
4969 10
4970 2
4971 5
4972 2
4973 5
4974 2
4975 10
4976 5
4977 2
4978 2
4979 10
4980 2
4981 2
4982 5
4983 10
4984 2
4985 2
4986 10
4987 5
4988 5
4989 10
4990 2
4991 10
4992 10
4993 2
4994 2
4995 10
4996 10
4997 10
4998 10
4999 10
5000 10
