1 10
2 9
3 37
4 42
5 10
6 6
7 30
8 35
9 6
10 6
11 21
12 11
13 13
14 30
15 1
16 7
17 15
18 25
19 17
20 45
21 27
22 15
23 44
24 22
25 8
26 5
27 31
28 44
29 39
30 9
31 37
32 23
33 10
34 34
35 14
36 10
37 26
38 45
39 10
40 41
41 13
42 18
43 39
44 7
45 42
46 27
47 20
48 13
49 36
50 34
51 15
52 6
53 14
54 44
55 34
56 7
57 2
58 29
59 15
60 21
61 31
62 22
63 21
64 13
65 23
66 34
67 1
68 9
69 5
70 33
71 16
72 11
73 11
74 4
75 34
76 19
77 18
78 8
79 29
80 39
81 11
82 17
83 11
84 15
85 22
86 42
87 36
88 34
89 9
90 26
91 42
92 28
93 4
94 10
95 2
96 26
97 41
98 34
99 25
100 32
101 29
102 2
103 21
104 21
105 12
106 40
107 33
108 36
109 7
110 19
111 43
112 27
113 5
114 7
115 36
116 26
117 7
118 13
119 37
120 16
121 5
122 44
123 45
124 26
125 36
126 43
127 38
128 33
129 27
130 7
131 22
132 34
133 16
134 25
135 45
136 44
137 36
138 37
139 20
140 4
141 36
142 38
143 31
144 22
145 1
146 13
147 39
148 13
149 45
150 16
151 4
152 42
153 5
154 13
155 25
156 16
157 18
158 29
159 44
160 23
161 18
162 3
163 22
164 25
165 12
166 22
167 45
168 11
169 9
170 19
171 26
172 21
173 31
174 19
175 39
176 21
177 4
178 28
179 29
180 2
181 42
182 4
183 17
184 27
185 18
186 18
187 9
188 11
189 44
190 32
191 8
192 23
193 20
194 6
195 41
196 40
197 42
198 38
199 22
200 4
201 32
202 27
203 40
204 25
205 27
206 5
207 17
208 3
209 42
210 41
211 37
212 41
213 12
214 38
215 40
216 33
217 7
218 20
219 40
220 13
221 28
222 45
223 34
224 35
225 17
226 5
227 34
228 40
229 27
230 34
231 15
232 8
233 42
234 23
235 22
236 15
237 35
238 34
239 31
240 38
241 2
242 28
243 12
244 26
245 23
246 13
247 28
248 15
249 22
250 19
251 41
252 22
253 25
254 26
255 37
256 37
257 43
258 3
259 16
260 21
261 34
262 18
263 39
264 5
265 3
266 11
267 27
268 35
269 33
270 14
271 9
272 19
273 23
274 30
275 19
276 28
277 19
278 21
279 25
280 21
281 22
282 34
283 10
284 43
285 4
286 30
287 12
288 38
289 7
290 10
291 42
292 11
293 33
294 31
295 38
296 1
297 29
298 30
299 19
300 6
301 11
302 33
303 29
304 20
305 9
306 26
307 27
308 9
309 28
310 45
311 12
312 30
313 33
314 40
315 34
316 25
317 9
318 2
319 31
320 41
321 18
322 27
323 33
324 24
325 6
326 24
327 19
328 14
329 22
330 11
331 42
332 33
333 42
334 34
335 11
336 24
337 23
338 10
339 4
340 34
341 8
342 3
343 35
344 37
345 3
346 12
347 4
348 28
349 28
350 39
351 38
352 36
353 17
354 18
355 13
356 34
357 29
358 16
359 40
360 22
361 41
362 16
363 27
364 25
365 44
366 34
367 3
368 38
369 3
370 16
371 19
372 25
373 19
374 42
375 24
376 20
377 32
378 40
379 40
380 43
381 30
382 41
383 2
384 43
385 16
386 6
387 37
388 8
389 31
390 8
391 25
392 5
393 31
394 3
395 2
396 18
397 37
398 1
399 22
400 28
401 20
402 26
403 15
404 19
405 12
406 40
407 40
408 6
409 37
410 17
411 24
412 42
413 22
414 8
415 7
416 40
417 23
418 4
419 40
420 33
421 15
422 10
423 43
424 20
425 20
426 14
427 25
428 25
429 17
430 15
431 27
432 43
433 34
434 12
435 16
436 41
437 11
438 12
439 31
440 19
441 38
442 16
443 35
444 11
445 42
446 8
447 44
448 21
449 29
450 45
451 8
452 9
453 2
454 18
455 40
456 17
457 14
458 11
459 13
460 37
461 21
462 16
463 31
464 19
465 35
466 44
467 2
468 20
469 17
470 44
471 37
472 10
473 20
474 37
475 30
476 45
477 19
478 2
479 28
480 4
481 22
482 22
483 23
484 7
485 6
486 39
487 40
488 24
489 20
490 31
491 26
492 41
493 17
494 40
495 10
496 8
497 23
498 36
499 33
500 38
501 19
502 26
503 7
504 31
505 21
506 39
507 20
508 3
509 42
510 40
511 5
512 37
513 30
514 1
515 2
516 36
517 3
518 33
519 10
520 4
521 31
522 5
523 28
524 29
525 39
526 16
527 24
528 18
529 38
530 30
531 26
532 15
533 14
534 7
535 2
536 5
537 12
538 42
539 28
540 28
541 4
542 24
543 29
544 20
545 29
546 35
547 40
548 34
549 33
550 18
551 6
552 35
553 44
554 45
555 7
556 11
557 4
558 14
559 29
560 17
561 1
562 44
563 3
564 39
565 28
566 40
567 14
568 9
569 32
570 37
571 20
572 2
573 41
574 23
575 22
576 18
577 26
578 21
579 11
580 20
581 37
582 36
583 2
584 9
585 9
586 32
587 7
588 40
589 18
590 25
591 10
592 13
593 12
594 27
595 4
596 13
597 31
598 8
599 16
600 29
601 38
602 20
603 28
604 10
605 39
606 38
607 9
608 8
609 27
610 24
611 23
612 11
613 30
614 13
615 32
616 39
617 2
618 13
619 11
620 7
621 42
622 40
623 12
624 36
625 38
626 28
627 45
628 35
629 25
630 11
631 30
632 14
633 38
634 44
635 7
636 26
637 8
638 33
639 12
640 5
641 20
642 38
643 12
644 7
645 9
646 16
647 26
648 22
649 39
650 21
651 34
652 8
653 38
654 45
655 34
656 25
657 34
658 36
659 2
660 15
661 14
662 23
663 26
664 12
665 28
666 1
667 19
668 33
669 14
670 40
671 7
672 42
673 1
674 30
675 40
676 30
677 32
678 6
679 8
680 37
681 35
682 26
683 45
684 8
685 41
686 11
687 32
688 36
689 15
690 38
691 10
692 22
693 38
694 13
695 45
696 31
697 19
698 19
699 37
700 30
701 40
702 40
703 28
704 17
705 17
706 28
707 39
708 26
709 19
710 26
711 8
712 35
713 35
714 31
715 26
716 37
717 31
718 23
719 45
720 26
721 15
722 32
723 27
724 33
725 39
726 11
727 30
728 39
729 43
730 21
731 28
732 33
733 34
734 24
735 36
736 31
737 17
738 37
739 36
740 11
741 24
742 17
743 24
744 25
745 2
746 34
747 6
748 15
749 45
750 9
751 3
752 11
753 18
754 31
755 39
756 8
757 25
758 10
759 42
760 41
761 15
762 10
763 28
764 33
765 45
766 18
767 44
768 40
769 41
770 8
771 22
772 32
773 19
774 39
775 40
776 6
777 25
778 41
779 41
780 24
781 25
782 13
783 26
784 41
785 4
786 24
787 28
788 39
789 16
790 10
791 25
792 25
793 16
794 36
795 11
796 6
797 6
798 33
799 11
800 14
801 37
802 43
803 15
804 9
805 37
806 2
807 20
808 19
809 38
810 17
811 7
812 15
813 30
814 11
815 1
816 24
817 19
818 16
819 27
820 9
821 44
822 13
823 14
824 21
825 22
826 13
827 42
828 44
829 42
830 36
831 42
832 45
833 25
834 35
835 13
836 45
837 38
838 20
839 43
840 27
841 37
842 7
843 5
844 22
845 3
846 32
847 42
848 2
849 18
850 38
851 30
852 21
853 17
854 22
855 17
856 18
857 14
858 3
859 29
860 11
861 42
862 16
863 10
864 30
865 29
866 25
867 42
868 12
869 4
870 7
871 41
872 36
873 39
874 43
875 42
876 41
877 16
878 2
879 33
880 18
881 42
882 1
883 45
884 13
885 16
886 26
887 7
888 8
889 23
890 21
891 11
892 14
893 12
894 38
895 38
896 29
897 34
898 26
899 42
900 30
901 42
902 21
903 6
904 33
905 19
906 37
907 42
908 39
909 3
910 4
911 32
912 17
913 27
914 37
915 26
916 20
917 28
918 20
919 20
920 14
921 1
922 44
923 11
924 1
925 28
926 12
927 35
928 32
929 36
930 17
931 42
932 45
933 25
934 4
935 33
936 41
937 18
938 40
939 7
940 18
941 19
942 21
943 38
944 19
945 22
946 18
947 36
948 32
949 42
950 20
951 21
952 4
953 39
954 21
955 26
956 32
957 36
958 32
959 9
960 4
961 24
962 37
963 33
964 11
965 10
966 10
967 5
968 5
969 35
970 5
971 41
972 44
973 20
974 42
975 17
976 1
977 34
978 10
979 15
980 19
981 36
982 36
983 33
984 27
985 14
986 2
987 39
988 37
989 19
990 36
991 28
992 17
993 22
994 18
995 16
996 22
997 12
998 21
999 42
1000 45
1001 24
1002 14
1003 33
1004 18
1005 38
1006 12
1007 17
1008 38
1009 32
1010 16
1011 11
1012 35
1013 28
1014 8
1015 18
1016 24
1017 17
1018 34
1019 30
1020 26
1021 17
1022 33
1023 17
1024 41
1025 9
1026 8
1027 38
1028 45
1029 2
1030 2
1031 8
1032 24
1033 30
1034 1
1035 16
1036 13
1037 16
1038 1
1039 3
1040 44
1041 44
1042 31
1043 4
1044 29
1045 6
1046 25
1047 1
1048 11
1049 41
1050 27
1051 45
1052 37
1053 37
1054 14
1055 11
1056 32
1057 42
1058 26
1059 25
1060 4
1061 12
1062 13
1063 36
1064 34
1065 39
1066 42
1067 39
1068 21
1069 10
1070 10
1071 8
1072 38
1073 6
1074 26
1075 2
1076 19
1077 16
1078 10
1079 45
1080 10
1081 3
1082 30
1083 41
1084 31
1085 12
1086 12
1087 34
1088 40
1089 24
1090 16
1091 38
1092 10
1093 24
1094 20
1095 11
1096 28
1097 19
1098 16
1099 9
1100 44
1101 29
1102 42
1103 39
1104 23
1105 7
1106 35
1107 20
1108 42
1109 4
1110 21
1111 11
1112 4
1113 20
1114 40
1115 7
1116 40
1117 3
1118 23
1119 29
1120 14
1121 18
1122 38
1123 44
1124 14
1125 41
1126 44
1127 3
1128 35
1129 30
1130 14
1131 41
1132 43
1133 22
1134 33
1135 13
1136 18
1137 4
1138 43
1139 12
1140 20
1141 44
1142 36
1143 33
1144 44
1145 18
1146 15
1147 20
1148 13
1149 32
1150 20
1151 1
1152 15
1153 18
1154 8
1155 9
1156 4
1157 12
1158 28
1159 21
1160 10
1161 45
1162 27
1163 18
1164 30
1165 31
1166 13
1167 9
1168 31
1169 20
1170 3
1171 35
1172 16
1173 40
1174 38
1175 28
1176 39
1177 33
1178 26
1179 18
1180 5
1181 44
1182 19
1183 6
1184 42
1185 1
1186 21
1187 27
1188 16
1189 31
1190 1
1191 9
1192 7
1193 24
1194 1
1195 42
1196 33
1197 30
1198 8
1199 37
1200 6
1201 30
1202 44
1203 16
1204 17
1205 2
1206 29
1207 13
1208 26
1209 18
1210 26
1211 42
1212 7
1213 38
1214 1
1215 40
1216 6
1217 33
1218 9
1219 12
1220 18
1221 44
1222 32
1223 24
1224 11
1225 9
1226 29
1227 24
1228 44
1229 32
1230 26
1231 18
1232 11
1233 19
1234 35
1235 6
1236 4
1237 5
1238 40
1239 10
1240 21
1241 30
1242 27
1243 23
1244 25
1245 19
1246 29
1247 5
1248 21
1249 32
1250 30
1251 3
1252 36
1253 37
1254 42
1255 33
1256 44
1257 34
1258 45
1259 5
1260 14
1261 36
1262 44
1263 42
1264 1
1265 25
1266 32
1267 6
1268 16
1269 37
1270 40
1271 23
1272 40
1273 18
1274 33
1275 13
1276 31
1277 19
1278 27
1279 45
1280 21
1281 18
1282 45
1283 33
1284 20
1285 26
1286 43
1287 20
1288 44
1289 5
1290 30
1291 11
1292 10
1293 33
1294 5
1295 30
1296 18
1297 14
1298 14
1299 6
1300 21
1301 44
1302 41
1303 20
1304 16
1305 7
1306 9
1307 20
1308 13
1309 39
1310 4
1311 13
1312 4
1313 44
1314 17
1315 31
1316 31
1317 13
1318 44
1319 28
1320 34
1321 22
1322 35
1323 38
1324 7
1325 1
1326 5
1327 42
1328 25
1329 8
1330 25
1331 21
1332 34
1333 42
1334 2
1335 14
1336 6
1337 2
1338 40
1339 21
1340 30
1341 33
1342 42
1343 28
1344 9
1345 40
1346 21
1347 24
1348 18
1349 5
1350 40
1351 9
1352 20
1353 31
1354 30
1355 33
1356 23
1357 41
1358 18
1359 43
1360 7
1361 11
1362 7
1363 33
1364 15
1365 38
1366 14
1367 16
1368 11
1369 8
1370 38
1371 5
1372 41
1373 27
1374 38
1375 18
1376 15
1377 27
1378 38
1379 6
1380 37
1381 32
1382 20
1383 5
1384 18
1385 17
1386 38
1387 38
1388 37
1389 10
1390 4
1391 27
1392 24
1393 45
1394 32
1395 1
1396 33
1397 28
1398 9
1399 11
1400 41
1401 7
1402 2
1403 19
1404 1
1405 31
1406 26
1407 19
1408 30
1409 26
1410 25
1411 6
1412 38
1413 5
1414 17
1415 8
1416 42
1417 38
1418 34
1419 36
1420 29
1421 8
1422 32
1423 5
1424 34
1425 35
1426 29
1427 36
1428 19
1429 10
1430 30
1431 9
1432 10
1433 12
1434 41
1435 33
1436 14
1437 7
1438 29
1439 22
1440 31
1441 17
1442 19
1443 18
1444 43
1445 16
1446 39
1447 8
1448 35
1449 37
1450 3
1451 9
1452 40
1453 5
1454 1
1455 24
1456 19
1457 24
1458 43
1459 28
1460 43
1461 14
1462 2
1463 23
1464 15
1465 42
1466 17
1467 41
1468 11
1469 35
1470 4
1471 8
1472 35
1473 3
1474 6
1475 37
1476 33
1477 27
1478 38
1479 41
1480 42
1481 12
1482 40
1483 26
1484 21
1485 6
1486 10
1487 21
1488 20
1489 43
1490 6
1491 31
1492 3
1493 38
1494 41
1495 27
1496 4
1497 20
1498 1
1499 25
1500 36
1501 29
1502 7
1503 7
1504 24
1505 28
1506 14
1507 23
1508 16
1509 14
1510 17
1511 18
1512 6
1513 10
1514 2
1515 6
1516 8
1517 37
1518 13
1519 17
1520 8
1521 11
1522 8
1523 25
1524 39
1525 2
1526 41
1527 16
1528 44
1529 27
1530 37
1531 38
1532 33
1533 10
1534 43
1535 11
1536 9
1537 1
1538 15
1539 5
1540 38
1541 31
1542 7
1543 32
1544 3
1545 39
1546 32
1547 35
1548 11
1549 13
1550 2
1551 17
1552 16
1553 26
1554 4
1555 10
1556 22
1557 16
1558 27
1559 14
1560 14
1561 37
1562 2
1563 27
1564 37
1565 7
1566 39
1567 21
1568 32
1569 33
1570 5
1571 36
1572 29
1573 6
1574 22
1575 11
1576 45
1577 30
1578 45
1579 44
1580 40
1581 9
1582 10
1583 3
1584 40
1585 16
1586 36
1587 32
1588 4
1589 45
1590 12
1591 12
1592 38
1593 45
1594 6
1595 11
1596 25
1597 16
1598 43
1599 35
1600 22
1601 13
1602 42
1603 31
1604 30
1605 15
1606 2
1607 14
1608 10
1609 8
1610 26
1611 4
1612 39
1613 32
1614 36
1615 33
1616 15
1617 43
1618 15
1619 18
1620 20
1621 16
1622 12
1623 12
1624 11
1625 36
1626 1
1627 11
1628 2
1629 44
1630 14
1631 15
1632 16
1633 24
1634 13
1635 19
1636 16
1637 22
1638 36
1639 19
1640 29
1641 30
1642 2
1643 13
1644 39
1645 16
1646 39
1647 34
1648 17
1649 44
1650 9
1651 2
1652 2
1653 40
1654 33
1655 31
1656 27
1657 33
1658 40
1659 26
1660 15
1661 17
1662 35
1663 9
1664 39
1665 38
1666 39
1667 13
1668 27
1669 41
1670 38
1671 29
1672 26
1673 39
1674 6
1675 36
1676 35
1677 29
1678 38
1679 37
1680 12
1681 26
1682 40
1683 31
1684 2
1685 38
1686 43
1687 35
1688 26
1689 20
1690 37
1691 4
1692 31
1693 44
1694 32
1695 26
1696 39
1697 7
1698 43
1699 24
1700 1
1701 37
1702 16
1703 33
1704 2
1705 29
1706 7
1707 4
1708 31
1709 30
1710 45
1711 9
1712 22
1713 2
1714 38
1715 34
1716 12
1717 2
1718 44
1719 8
1720 38
1721 37
1722 4
1723 36
1724 19
1725 31
1726 21
1727 22
1728 23
1729 32
1730 18
1731 18
1732 39
1733 13
1734 36
1735 11
1736 27
1737 34
1738 34
1739 43
1740 30
1741 43
1742 18
1743 29
1744 44
1745 36
1746 23
1747 13
1748 5
1749 14
1750 9
1751 31
1752 40
1753 14
1754 5
1755 16
1756 22
1757 40
1758 33
1759 14
1760 36
1761 1
1762 33
1763 26
1764 24
1765 27
1766 29
1767 26
1768 35
1769 1
1770 9
1771 9
1772 24
1773 42
1774 8
1775 42
1776 11
1777 23
1778 30
1779 16
1780 43
1781 17
1782 18
1783 16
1784 8
1785 1
1786 41
1787 17
1788 40
1789 29
1790 12
1791 38
1792 26
1793 43
1794 14
1795 25
1796 8
1797 1
1798 35
1799 31
1800 9
1801 45
1802 30
1803 45
1804 11
1805 39
1806 22
1807 29
1808 6
1809 6
1810 37
1811 8
1812 33
1813 19
1814 7
1815 30
1816 39
1817 18
1818 28
1819 21
1820 29
1821 3
1822 29
1823 33
1824 30
1825 1
1826 2
1827 9
1828 17
1829 24
1830 8
1831 21
1832 10
1833 5
1834 13
1835 2
1836 23
1837 11
1838 8
1839 38
1840 42
1841 24
1842 20
1843 22
1844 4
1845 6
1846 41
1847 17
1848 17
1849 4
1850 35
1851 36
1852 30
1853 24
1854 28
1855 5
1856 21
1857 43
1858 31
1859 41
1860 17
1861 21
1862 28
1863 29
1864 14
1865 25
1866 7
1867 17
1868 3
1869 42
1870 43
1871 36
1872 21
1873 26
1874 1
1875 42
1876 18
1877 1
1878 30
1879 19
1880 8
1881 32
1882 44
1883 6
1884 37
1885 34
1886 45
1887 30
1888 24
1889 9
1890 19
1891 37
1892 1
1893 8
1894 30
1895 21
1896 8
1897 21
1898 27
1899 31
1900 16
1901 26
1902 11
1903 15
1904 43
1905 42
1906 3
1907 44
1908 41
1909 19
1910 16
1911 8
1912 21
1913 24
1914 29
1915 10
1916 22
1917 35
1918 37
1919 10
1920 23
1921 34
1922 37
1923 32
1924 39
1925 26
1926 38
1927 12
1928 39
1929 34
1930 8
1931 2
1932 16
1933 36
1934 43
1935 31
1936 42
1937 10
1938 1
1939 2
1940 9
1941 24
1942 31
1943 29
1944 1
1945 36
1946 33
1947 9
1948 37
1949 44
1950 42
1951 6
1952 33
1953 4
1954 5
1955 14
1956 24
1957 5
1958 1
1959 28
1960 30
1961 17
1962 35
1963 40
1964 26
1965 11
1966 11
1967 41
1968 39
1969 15
1970 16
1971 34
1972 28
1973 18
1974 29
1975 4
1976 2
1977 16
1978 34
1979 34
1980 41
1981 25
1982 6
1983 41
1984 19
1985 28
1986 30
1987 41
1988 44
1989 34
1990 42
1991 5
1992 23
1993 42
1994 36
1995 40
1996 29
1997 20
1998 30
1999 25
2000 3
2001 22
2002 14
2003 25
2004 7
2005 41
2006 38
2007 17
2008 22
2009 39
2010 5
2011 6
2012 43
2013 34
2014 4
2015 7
2016 6
2017 4
2018 22
2019 6
2020 34
2021 4
2022 24
2023 28
2024 22
2025 31
2026 26
2027 16
2028 40
2029 12
2030 17
2031 9
2032 19
2033 15
2034 8
2035 39
2036 7
2037 19
2038 38
2039 24
2040 12
2041 14
2042 24
2043 29
2044 13
2045 45
2046 21
2047 35
2048 15
2049 20
2050 37
2051 3
2052 22
2053 39
2054 7
2055 44
2056 16
2057 12
2058 26
2059 8
2060 25
2061 35
2062 3
2063 38
2064 37
2065 14
2066 37
2067 27
2068 24
2069 21
2070 6
2071 34
2072 42
2073 45
2074 43
2075 40
2076 29
2077 11
2078 14
2079 45
2080 34
2081 10
2082 24
2083 2
2084 29
2085 18
2086 21
2087 36
2088 19
2089 35
2090 22
2091 39
2092 43
2093 8
2094 15
2095 20
2096 39
2097 2
2098 5
2099 34
2100 30
2101 22
2102 41
2103 19
2104 27
2105 8
2106 18
2107 29
2108 26
2109 7
2110 11
2111 20
2112 8
2113 40
2114 20
2115 16
2116 42
2117 33
2118 39
2119 30
2120 35
2121 13
2122 22
2123 5
2124 42
2125 1
2126 3
2127 28
2128 35
2129 15
2130 32
2131 41
2132 21
2133 38
2134 40
2135 37
2136 7
2137 33
2138 3
2139 41
2140 3
2141 25
2142 12
2143 32
2144 27
2145 20
2146 23
2147 30
2148 6
2149 38
2150 32
2151 23
2152 29
2153 25
2154 18
2155 1
2156 24
2157 41
2158 36
2159 32
2160 5
2161 1
2162 23
2163 6
2164 13
2165 37
2166 2
2167 19
2168 11
2169 8
2170 29
2171 42
2172 17
2173 28
2174 4
2175 11
2176 15
2177 34
2178 37
2179 45
2180 36
2181 4
2182 5
2183 3
2184 35
2185 38
2186 13
2187 27
2188 16
2189 28
2190 19
2191 38
2192 1
2193 11
2194 16
2195 8
2196 14
2197 10
2198 29
2199 20
2200 11
2201 37
2202 33
2203 43
2204 17
2205 25
2206 28
2207 27
2208 30
2209 3
2210 41
2211 42
2212 33
2213 25
2214 34
2215 34
2216 9
2217 38
2218 1
2219 29
2220 4
2221 31
2222 44
2223 40
2224 45
2225 41
2226 35
2227 21
2228 17
2229 26
2230 32
2231 31
2232 3
2233 34
2234 16
2235 12
2236 16
2237 26
2238 36
2239 22
2240 11
2241 30
2242 23
2243 16
2244 14
2245 41
2246 33
2247 10
2248 30
2249 13
2250 23
2251 5
2252 16
2253 44
2254 45
2255 22
2256 24
2257 45
2258 25
2259 8
2260 20
2261 22
2262 5
2263 4
2264 5
2265 35
2266 19
2267 29
2268 12
2269 13
2270 19
2271 8
2272 40
2273 22
2274 44
2275 9
2276 28
2277 3
2278 20
2279 19
2280 34
2281 43
2282 26
2283 33
2284 41
2285 4
2286 34
2287 1
2288 8
2289 4
2290 25
2291 4
2292 15
2293 5
2294 32
2295 30
2296 10
2297 17
2298 17
2299 13
2300 33
2301 39
2302 44
2303 3
2304 22
2305 31
2306 41
2307 44
2308 9
2309 16
2310 38
2311 41
2312 20
2313 22
2314 17
2315 40
2316 23
2317 15
2318 35
2319 37
2320 19
2321 32
2322 16
2323 27
2324 28
2325 23
2326 36
2327 31
2328 1
2329 7
2330 1
2331 18
2332 17
2333 38
2334 31
2335 38
2336 6
2337 4
2338 29
2339 36
2340 9
2341 2
2342 7
2343 37
2344 8
2345 4
2346 34
2347 25
2348 14
2349 25
2350 13
2351 2
2352 30
2353 12
2354 5
2355 32
2356 6
2357 39
2358 19
2359 31
2360 2
2361 33
2362 15
2363 7
2364 5
2365 7
2366 16
2367 30
2368 11
2369 7
2370 33
2371 8
2372 10
2373 9
2374 22
2375 23
2376 45
2377 8
2378 26
2379 9
2380 42
2381 13
2382 11
2383 6
2384 14
2385 11
2386 36
2387 17
2388 20
2389 34
2390 1
2391 3
2392 27
2393 9
2394 45
2395 26
2396 22
2397 9
2398 39
2399 22
2400 28
2401 9
2402 42
2403 42
2404 24
2405 30
2406 8
2407 27
2408 37
2409 6
2410 42
2411 9
2412 37
2413 25
2414 29
2415 37
2416 33
2417 42
2418 23
2419 6
2420 45
2421 36
2422 16
2423 18
2424 11
2425 45
2426 23
2427 29
2428 19
2429 22
2430 11
2431 40
2432 41
2433 22
2434 21
2435 28
2436 37
2437 28
2438 32
2439 34
2440 37
2441 4
2442 11
2443 19
2444 2
2445 7
2446 3
2447 31
2448 25
2449 16
2450 8
2451 8
2452 22
2453 9
2454 25
2455 2
2456 33
2457 43
2458 41
2459 24
2460 44
2461 21
2462 45
2463 33
2464 12
2465 14
2466 38
2467 29
2468 16
2469 20
2470 28
2471 5
2472 20
2473 18
2474 25
2475 13
2476 7
2477 17
2478 44
2479 31
2480 18
2481 32
2482 42
2483 17
2484 10
2485 40
2486 19
2487 42
2488 41
2489 39
2490 28
2491 15
2492 2
2493 20
2494 28
2495 40
2496 23
2497 18
2498 31
2499 35
2500 43
2501 13
2502 19
2503 12
2504 38
2505 20
2506 27
2507 12
2508 37
2509 39
2510 3
2511 33
2512 15
2513 18
2514 24
2515 9
2516 16
2517 5
2518 28
2519 30
2520 33
2521 21
2522 15
2523 26
2524 33
2525 39
2526 19
2527 3
2528 20
2529 37
2530 35
2531 44
2532 19
2533 6
2534 39
2535 11
2536 13
2537 20
2538 2
2539 18
2540 37
2541 32
2542 45
2543 3
2544 6
2545 24
2546 6
2547 5
2548 3
2549 18
2550 17
2551 42
2552 38
2553 37
2554 27
2555 13
2556 11
2557 11
2558 31
2559 32
2560 29
2561 34
2562 16
2563 29
2564 5
2565 14
2566 34
2567 11
2568 15
2569 44
2570 18
2571 40
2572 38
2573 27
2574 37
2575 22
2576 24
2577 26
2578 33
2579 39
2580 25
2581 44
2582 19
2583 2
2584 16
2585 10
2586 5
2587 16
2588 37
2589 11
2590 43
2591 11
2592 16
2593 41
2594 38
2595 32
2596 32
2597 34
2598 7
2599 12
2600 32
2601 23
2602 31
2603 29
2604 42
2605 32
2606 3
2607 26
2608 13
2609 21
2610 31
2611 7
2612 1
2613 12
2614 22
2615 43
2616 42
2617 1
2618 34
2619 17
2620 4
2621 17
2622 8
2623 32
2624 27
2625 32
2626 6
2627 8
2628 38
2629 44
2630 6
2631 17
2632 23
2633 1
2634 7
2635 16
2636 19
2637 42
2638 5
2639 26
2640 14
2641 44
2642 26
2643 21
2644 37
2645 43
2646 3
2647 13
2648 6
2649 8
2650 1
2651 44
2652 42
2653 41
2654 17
2655 17
2656 37
2657 26
2658 38
2659 36
2660 25
2661 20
2662 3
2663 3
2664 36
2665 32
2666 40
2667 39
2668 18
2669 16
2670 28
2671 8
2672 34
2673 37
2674 24
2675 11
2676 7
2677 22
2678 12
2679 3
2680 9
2681 26
2682 37
2683 8
2684 20
2685 21
2686 40
2687 43
2688 41
2689 1
2690 10
2691 38
2692 15
2693 43
2694 24
2695 21
2696 15
2697 7
2698 27
2699 35
2700 39
2701 30
2702 4
2703 31
2704 17
2705 28
2706 15
2707 6
2708 24
2709 1
2710 35
2711 12
2712 10
2713 14
2714 29
2715 18
2716 17
2717 15
2718 24
2719 42
2720 21
2721 11
2722 32
2723 33
2724 38
2725 6
2726 33
2727 23
2728 28
2729 4
2730 10
2731 31
2732 17
2733 39
2734 33
2735 28
2736 34
2737 45
2738 25
2739 7
2740 3
2741 4
2742 5
2743 17
2744 17
2745 12
2746 33
2747 14
2748 30
2749 5
2750 18
2751 17
2752 26
2753 29
2754 40
2755 20
2756 7
2757 34
2758 44
2759 26
2760 3
2761 8
2762 36
2763 43
2764 4
2765 31
2766 16
2767 30
2768 11
2769 38
2770 13
2771 32
2772 5
2773 19
2774 7
2775 37
2776 19
2777 6
2778 11
2779 40
2780 23
2781 3
2782 37
2783 45
2784 9
2785 35
2786 20
2787 29
2788 14
2789 31
2790 38
2791 18
2792 8
2793 18
2794 36
2795 45
2796 45
2797 4
2798 19
2799 34
2800 28
2801 8
2802 24
2803 8
2804 6
2805 6
2806 16
2807 22
2808 18
2809 26
2810 35
2811 23
2812 31
2813 42
2814 14
2815 3
2816 44
2817 44
2818 25
2819 28
2820 33
2821 5
2822 23
2823 41
2824 23
2825 27
2826 11
2827 21
2828 45
2829 22
2830 27
2831 25
2832 30
2833 40
2834 29
2835 22
2836 45
2837 12
2838 23
2839 3
2840 40
2841 18
2842 27
2843 23
2844 42
2845 14
2846 27
2847 36
2848 35
2849 39
2850 17
2851 31
2852 28
2853 30
2854 7
2855 37
2856 35
2857 38
2858 3
2859 10
2860 35
2861 41
2862 14
2863 12
2864 26
2865 8
2866 45
2867 27
2868 5
2869 6
2870 22
2871 40
2872 20
2873 5
2874 7
2875 35
2876 39
2877 14
2878 13
2879 18
2880 41
2881 1
2882 4
2883 21
2884 38
2885 18
2886 21
2887 41
2888 32
2889 15
2890 39
2891 44
2892 6
2893 13
2894 18
2895 27
2896 10
2897 10
2898 38
2899 4
2900 18
2901 10
2902 31
2903 23
2904 9
2905 40
2906 43
2907 32
2908 30
2909 6
2910 35
2911 34
2912 9
2913 4
2914 28
2915 36
2916 35
2917 13
2918 10
2919 19
2920 29
2921 23
2922 20
2923 8
2924 17
2925 11
2926 4
2927 23
2928 29
2929 31
2930 17
2931 20
2932 17
2933 4
2934 20
2935 38
2936 18
2937 22
2938 21
2939 12
2940 19
2941 14
2942 15
2943 29
2944 11
2945 43
2946 4
2947 33
2948 43
2949 21
2950 44
2951 18
2952 20
2953 13
2954 37
2955 13
2956 38
2957 34
2958 15
2959 36
2960 31
2961 6
2962 15
2963 36
2964 41
2965 5
2966 30
2967 38
2968 8
2969 15
2970 4
2971 26
2972 17
2973 9
2974 7
2975 23
2976 26
2977 6
2978 26
2979 20
2980 5
2981 31
2982 13
2983 30
2984 8
2985 24
2986 8
2987 23
2988 44
2989 38
2990 10
2991 2
2992 1
2993 26
2994 24
2995 18
2996 39
2997 24
2998 29
2999 23
3000 36
3001 40
3002 16
3003 9
3004 30
3005 43
3006 33
3007 18
3008 26
3009 34
3010 8
3011 34
3012 38
3013 10
3014 4
3015 33
3016 23
3017 18
3018 19
3019 4
3020 10
3021 28
3022 42
3023 31
3024 41
3025 38
3026 1
3027 41
3028 36
3029 32
3030 45
3031 8
3032 15
3033 30
3034 7
3035 32
3036 11
3037 9
3038 43
3039 45
3040 18
3041 7
3042 40
3043 20
3044 18
3045 34
3046 29
3047 36
3048 21
3049 2
3050 24
3051 16
3052 9
3053 42
3054 13
3055 39
3056 11
3057 1
3058 15
3059 8
3060 14
3061 17
3062 18
3063 41
3064 1
3065 38
3066 25
3067 27
3068 12
3069 11
3070 34
3071 8
3072 35
3073 18
3074 1
3075 24
3076 8
3077 27
3078 13
3079 38
3080 15
3081 14
3082 32
3083 45
3084 20
3085 12
3086 5
3087 5
3088 9
3089 15
3090 39
3091 20
3092 20
3093 26
3094 36
3095 19
3096 25
3097 36
3098 28
3099 34
3100 5
3101 37
3102 27
3103 28
3104 17
3105 11
3106 19
3107 33
3108 40
3109 10
3110 19
3111 22
3112 42
3113 25
3114 45
3115 1
3116 14
3117 15
3118 15
3119 6
3120 31
3121 7
3122 39
3123 21
3124 39
3125 25
3126 6
3127 13
3128 20
3129 23
3130 43
3131 43
3132 29
3133 35
3134 10
3135 14
3136 12
3137 2
3138 8
3139 14
3140 2
3141 8
3142 6
3143 36
3144 28
3145 10
3146 18
3147 16
3148 22
3149 2
3150 22
3151 40
3152 31
3153 7
3154 42
3155 21
3156 39
3157 42
3158 18
3159 21
3160 14
3161 40
3162 16
3163 40
3164 32
3165 1
3166 2
3167 4
3168 6
3169 8
3170 22
3171 15
3172 14
3173 8
3174 2
3175 2
3176 22
3177 11
3178 21
3179 22
3180 38
3181 2
3182 11
3183 28
3184 3
3185 22
3186 8
3187 20
3188 39
3189 1
3190 22
3191 42
3192 34
3193 12
3194 18
3195 10
3196 30
3197 16
3198 22
3199 33
3200 31
3201 22
3202 15
3203 24
3204 28
3205 18
3206 12
3207 25
3208 44
3209 10
3210 45
3211 14
3212 16
3213 12
3214 22
3215 17
3216 37
3217 27
3218 14
3219 25
3220 3
3221 40
3222 35
3223 37
3224 11
3225 7
3226 5
3227 9
3228 31
3229 37
3230 6
3231 35
3232 24
3233 37
3234 44
3235 40
3236 37
3237 37
3238 5
3239 43
3240 42
3241 31
3242 41
3243 37
3244 5
3245 15
3246 25
3247 20
3248 11
3249 3
3250 35
3251 36
3252 22
3253 24
3254 8
3255 30
3256 27
3257 12
3258 12
3259 28
3260 37
3261 38
3262 25
3263 16
3264 12
3265 16
3266 42
3267 28
3268 24
3269 15
3270 14
3271 3
3272 32
3273 10
3274 8
3275 25
3276 20
3277 25
3278 36
3279 31
3280 25
3281 26
3282 17
3283 15
3284 16
3285 27
3286 24
3287 26
3288 11
3289 36
3290 8
3291 29
3292 3
3293 4
3294 2
3295 34
3296 37
3297 34
3298 23
3299 33
3300 35
3301 25
3302 40
3303 22
3304 23
3305 29
3306 6
3307 44
3308 18
3309 30
3310 19
3311 24
3312 43
3313 17
3314 7
3315 9
3316 45
3317 1
3318 14
3319 42
3320 22
3321 40
3322 13
3323 28
3324 12
3325 22
3326 40
3327 7
3328 45
3329 40
3330 33
3331 8
3332 15
3333 23
3334 13
3335 41
3336 35
3337 39
3338 14
3339 33
3340 33
3341 31
3342 6
3343 12
3344 35
3345 42
3346 44
3347 28
3348 45
3349 29
3350 11
3351 2
3352 32
3353 14
3354 20
3355 18
3356 26
3357 44
3358 14
3359 18
3360 37
3361 14
3362 5
3363 1
3364 26
3365 6
3366 44
3367 16
3368 31
3369 2
3370 21
3371 45
3372 10
3373 42
3374 20
3375 11
3376 37
3377 42
3378 4
3379 27
3380 14
3381 2
3382 36
3383 36
3384 14
3385 36
3386 40
3387 5
3388 30
3389 17
3390 19
3391 25
3392 31
3393 22
3394 27
3395 9
3396 24
3397 32
3398 4
3399 2
3400 27
3401 14
3402 35
3403 17
3404 43
3405 31
3406 4
3407 34
3408 13
3409 7
3410 24
3411 13
3412 14
3413 42
3414 31
3415 19
3416 14
3417 18
3418 16
3419 19
3420 28
3421 7
3422 20
3423 44
3424 35
3425 18
3426 13
3427 37
3428 37
3429 25
3430 25
3431 36
3432 42
3433 20
3434 35
3435 43
3436 25
3437 15
3438 24
3439 21
3440 37
3441 26
3442 42
3443 8
3444 30
3445 28
3446 14
3447 8
3448 24
3449 42
3450 12
3451 19
3452 34
3453 22
3454 26
3455 38
3456 39
3457 36
3458 26
3459 10
3460 39
3461 11
3462 27
3463 29
3464 24
3465 27
3466 31
3467 26
3468 24
3469 3
3470 34
3471 25
3472 10
3473 45
3474 5
3475 42
3476 23
3477 23
3478 38
3479 1
3480 45
3481 39
3482 3
3483 31
3484 31
3485 17
3486 7
3487 43
3488 33
3489 19
3490 26
3491 19
3492 12
3493 4
3494 19
3495 32
3496 43
3497 27
3498 15
3499 32
3500 6
3501 4
3502 22
3503 30
3504 15
3505 12
3506 20
3507 39
3508 5
3509 25
3510 8
3511 9
3512 3
3513 15
3514 6
3515 40
3516 13
3517 35
3518 42
3519 27
3520 31
3521 24
3522 19
3523 23
3524 13
3525 34
3526 3
3527 19
3528 8
3529 7
3530 5
3531 34
3532 33
3533 39
3534 44
3535 10
3536 8
3537 25
3538 12
3539 11
3540 27
3541 14
3542 44
3543 12
3544 19
3545 17
3546 5
3547 25
3548 40
3549 1
3550 34
3551 7
3552 35
3553 3
3554 35
3555 42
3556 24
3557 11
3558 4
3559 22
3560 13
3561 10
3562 29
3563 24
3564 2
3565 23
3566 42
3567 42
3568 34
3569 26
3570 32
3571 17
3572 23
3573 22
3574 44
3575 12
3576 10
3577 43
3578 2
3579 43
3580 30
3581 30
3582 45
3583 7
3584 29
3585 29
3586 7
3587 17
3588 13
3589 45
3590 12
3591 37
3592 4
3593 39
3594 19
3595 34
3596 24
3597 19
3598 38
3599 4
3600 14
3601 4
3602 29
3603 20
3604 6
3605 5
3606 42
3607 23
3608 5
3609 14
3610 7
3611 35
3612 4
3613 31
3614 33
3615 40
3616 37
3617 33
3618 35
3619 14
3620 33
3621 13
3622 41
3623 4
3624 27
3625 10
3626 45
3627 34
3628 23
3629 31
3630 26
3631 19
3632 15
3633 37
3634 17
3635 18
3636 22
3637 9
3638 33
3639 33
3640 19
3641 43
3642 26
3643 40
3644 23
3645 22
3646 31
3647 6
3648 44
3649 6
3650 12
3651 31
3652 15
3653 18
3654 39
3655 45
3656 32
3657 31
3658 7
3659 12
3660 44
3661 8
3662 35
3663 45
3664 31
3665 17
3666 6
3667 44
3668 45
3669 31
3670 44
3671 33
3672 37
3673 21
3674 34
3675 19
3676 6
3677 44
3678 27
3679 21
3680 17
3681 20
3682 17
3683 13
3684 5
3685 21
3686 14
3687 20
3688 11
3689 26
3690 5
3691 29
3692 9
3693 39
3694 3
3695 11
3696 16
3697 38
3698 30
3699 42
3700 20
3701 42
3702 3
3703 17
3704 33
3705 22
3706 35
3707 19
3708 43
3709 5
3710 42
3711 10
3712 40
3713 38
3714 30
3715 37
3716 19
3717 24
3718 19
3719 35
3720 31
3721 39
3722 10
3723 2
3724 4
3725 13
3726 19
3727 28
3728 30
3729 11
3730 4
3731 28
3732 16
3733 5
3734 31
3735 1
3736 34
3737 34
3738 1
3739 30
3740 15
3741 38
3742 23
3743 5
3744 24
3745 10
3746 26
3747 29
3748 23
3749 31
3750 8
3751 22
3752 6
3753 30
3754 26
3755 19
3756 25
3757 18
3758 14
3759 43
3760 45
3761 15
3762 37
3763 30
3764 19
3765 34
3766 13
3767 27
3768 2
3769 45
3770 29
3771 34
3772 6
3773 13
3774 40
3775 44
3776 44
3777 12
3778 15
3779 33
3780 33
3781 17
3782 32
3783 38
3784 9
3785 4
3786 6
3787 31
3788 42
3789 3
3790 5
3791 3
3792 38
3793 18
3794 35
3795 12
3796 15
3797 4
3798 29
3799 9
3800 10
3801 41
3802 25
3803 7
3804 39
3805 3
3806 15
3807 26
3808 7
3809 41
3810 6
3811 11
3812 15
3813 15
3814 27
3815 9
3816 13
3817 19
3818 32
3819 17
3820 5
3821 37
3822 43
3823 30
3824 30
3825 36
3826 10
3827 37
3828 9
3829 7
3830 9
3831 37
3832 10
3833 20
3834 24
3835 17
3836 18
3837 7
3838 18
3839 17
3840 27
3841 24
3842 32
3843 43
3844 7
3845 15
3846 38
3847 25
3848 44
3849 5
3850 22
3851 39
3852 37
3853 14
3854 44
3855 15
3856 7
3857 27
3858 8
3859 44
3860 29
3861 35
3862 36
3863 14
3864 45
3865 19
3866 5
3867 25
3868 25
3869 45
3870 43
3871 6
3872 33
3873 13
3874 43
3875 39
3876 28
3877 29
3878 16
3879 29
3880 16
3881 34
3882 19
3883 21
3884 33
3885 19
3886 20
3887 31
3888 30
3889 44
3890 21
3891 34
3892 27
3893 2
3894 4
3895 23
3896 35
3897 40
3898 25
3899 1
3900 7
3901 6
3902 16
3903 17
3904 42
3905 20
3906 28
3907 8
3908 28
3909 34
3910 1
3911 29
3912 32
3913 44
3914 42
3915 17
3916 18
3917 17
3918 25
3919 15
3920 23
3921 21
3922 4
3923 9
3924 1
3925 9
3926 35
3927 5
3928 26
3929 33
3930 36
3931 33
3932 29
3933 27
3934 9
3935 26
3936 6
3937 10
3938 39
3939 8
3940 10
3941 29
3942 17
3943 27
3944 22
3945 29
3946 2
3947 41
3948 40
3949 20
3950 28
3951 7
3952 1
3953 3
3954 37
3955 15
3956 2
3957 33
3958 27
3959 8
3960 22
3961 23
3962 31
3963 22
3964 23
3965 13
3966 4
3967 42
3968 43
3969 39
3970 41
3971 28
3972 44
3973 15
3974 2
3975 45
3976 11
3977 38
3978 7
3979 30
3980 37
3981 39
3982 4
3983 14
3984 39
3985 43
3986 11
3987 21
3988 24
3989 31
3990 23
3991 30
3992 17
3993 42
3994 1
3995 13
3996 34
3997 13
3998 29
3999 44
4000 13
4001 27
4002 8
4003 22
4004 8
4005 2
4006 22
4007 17
4008 12
4009 43
4010 17
4011 9
4012 6
4013 1
4014 16
4015 31
4016 12
4017 33
4018 23
4019 17
4020 12
4021 18
4022 23
4023 18
4024 25
4025 44
4026 13
4027 38
4028 7
4029 41
4030 27
4031 20
4032 32
4033 44
4034 38
4035 39
4036 4
4037 38
4038 39
4039 7
4040 40
4041 33
4042 20
4043 22
4044 18
4045 17
4046 33
4047 27
4048 15
4049 37
4050 31
4051 15
4052 15
4053 19
4054 41
4055 11
4056 10
4057 17
4058 26
4059 22
4060 26
4061 35
4062 39
4063 38
4064 33
4065 17
4066 31
4067 4
4068 33
4069 10
4070 24
4071 7
4072 39
4073 30
4074 14
4075 45
4076 1
4077 36
4078 37
4079 9
4080 7
4081 17
4082 38
4083 19
4084 2
4085 36
4086 12
4087 4
4088 13
4089 40
4090 3
4091 26
4092 40
4093 42
4094 15
4095 8
4096 39
4097 22
4098 10
4099 31
4100 16
4101 33
4102 39
4103 11
4104 40
4105 20
4106 41
4107 24
4108 20
4109 41
4110 29
4111 6
4112 39
4113 9
4114 45
4115 27
4116 27
4117 24
4118 10
4119 45
4120 42
4121 17
4122 29
4123 38
4124 20
4125 8
4126 21
4127 34
4128 29
4129 26
4130 18
4131 13
4132 43
4133 3
4134 33
4135 33
4136 36
4137 33
4138 21
4139 8
4140 2
4141 9
4142 36
4143 7
4144 41
4145 41
4146 37
4147 16
4148 18
4149 30
4150 16
4151 37
4152 26
4153 12
4154 38
4155 12
4156 25
4157 3
4158 42
4159 2
4160 12
4161 42
4162 41
4163 45
4164 36
4165 34
4166 28
4167 10
4168 18
4169 15
4170 31
4171 18
4172 32
4173 34
4174 23
4175 22
4176 16
4177 4
4178 30
4179 19
4180 2
4181 29
4182 27
4183 16
4184 2
4185 3
4186 21
4187 42
4188 13
4189 20
4190 44
4191 4
4192 10
4193 42
4194 43
4195 23
4196 23
4197 44
4198 11
4199 5
4200 43
4201 7
4202 3
4203 4
4204 29
4205 8
4206 22
4207 37
4208 31
4209 8
4210 24
4211 11
4212 6
4213 2
4214 21
4215 21
4216 45
4217 32
4218 40
4219 33
4220 21
4221 22
4222 30
4223 28
4224 22
4225 26
4226 39
4227 1
4228 26
4229 8
4230 21
4231 2
4232 20
4233 4
4234 21
4235 18
4236 17
4237 39
4238 5
4239 44
4240 4
4241 40
4242 9
4243 25
4244 39
4245 1
4246 7
4247 16
4248 39
4249 5
4250 24
4251 28
4252 22
4253 37
4254 43
4255 17
4256 31
4257 13
4258 22
4259 3
4260 13
4261 34
4262 33
4263 35
4264 23
4265 24
4266 15
4267 40
4268 28
4269 15
4270 41
4271 45
4272 5
4273 24
4274 11
4275 19
4276 3
4277 12
4278 30
4279 29
4280 11
4281 19
4282 44
4283 28
4284 16
4285 37
4286 6
4287 35
4288 32
4289 13
4290 31
4291 40
4292 36
4293 43
4294 37
4295 43
4296 20
4297 43
4298 33
4299 32
4300 4
4301 3
4302 35
4303 16
4304 4
4305 25
4306 21
4307 24
4308 22
4309 26
4310 16
4311 1
4312 12
4313 33
4314 32
4315 7
4316 3
4317 22
4318 1
4319 6
4320 11
4321 43
4322 20
4323 14
4324 22
4325 21
4326 15
4327 33
4328 19
4329 13
4330 32
4331 35
4332 14
4333 42
4334 22
4335 1
4336 2
4337 3
4338 44
4339 11
4340 21
4341 33
4342 40
4343 35
4344 39
4345 6
4346 19
4347 18
4348 10
4349 25
4350 18
4351 31
4352 4
4353 26
4354 19
4355 21
4356 43
4357 40
4358 19
4359 15
4360 41
4361 1
4362 7
4363 24
4364 38
4365 20
4366 39
4367 30
4368 23
4369 30
4370 32
4371 22
4372 11
4373 32
4374 25
4375 12
4376 18
4377 9
4378 33
4379 34
4380 42
4381 17
4382 26
4383 32
4384 27
4385 27
4386 8
4387 24
4388 24
4389 44
4390 34
4391 30
4392 27
4393 4
4394 39
4395 43
4396 45
4397 6
4398 8
4399 33
4400 27
4401 42
4402 36
4403 22
4404 16
4405 8
4406 10
4407 1
4408 5
4409 12
4410 18
4411 16
4412 24
4413 18
4414 15
4415 14
4416 23
4417 21
4418 26
4419 18
4420 40
4421 45
4422 5
4423 26
4424 37
4425 19
4426 16
4427 18
4428 1
4429 26
4430 28
4431 36
4432 44
4433 17
4434 18
4435 11
4436 2
4437 19
4438 36
4439 45
4440 5
4441 45
4442 39
4443 11
4444 9
4445 13
4446 16
4447 10
4448 23
4449 43
4450 43
4451 13
4452 43
4453 42
4454 14
4455 44
4456 27
4457 1
4458 9
4459 16
4460 18
4461 42
4462 16
4463 40
4464 27
4465 1
4466 33
4467 27
4468 37
4469 15
4470 28
4471 24
4472 9
4473 34
4474 41
4475 30
4476 18
4477 45
4478 45
4479 18
4480 39
4481 6
4482 1
4483 20
4484 30
4485 15
4486 4
4487 18
4488 40
4489 44
4490 34
4491 9
4492 38
4493 28
4494 35
4495 25
4496 27
4497 38
4498 29
4499 29
4500 38
4501 45
4502 6
4503 39
4504 26
4505 12
4506 6
4507 40
4508 15
4509 20
4510 39
4511 16
4512 2
4513 43
4514 6
4515 36
4516 37
4517 43
4518 40
4519 7
4520 25
4521 6
4522 44
4523 1
4524 22
4525 37
4526 25
4527 39
4528 26
4529 30
4530 4
4531 28
4532 43
4533 8
4534 17
4535 38
4536 7
4537 35
4538 28
4539 29
4540 9
4541 13
4542 19
4543 39
4544 45
4545 16
4546 45
4547 5
4548 5
4549 15
4550 2
4551 6
4552 31
4553 2
4554 4
4555 4
4556 26
4557 9
4558 13
4559 40
4560 14
4561 33
4562 9
4563 7
4564 31
4565 42
4566 21
4567 44
4568 4
4569 39
4570 34
4571 16
4572 30
4573 27
4574 21
4575 42
4576 9
4577 30
4578 16
4579 24
4580 37
4581 5
4582 34
4583 42
4584 25
4585 39
4586 40
4587 11
4588 30
4589 20
4590 30
4591 22
4592 25
4593 21
4594 44
4595 33
4596 4
4597 18
4598 38
4599 44
4600 17
4601 14
4602 31
4603 13
4604 11
4605 26
4606 24
4607 33
4608 8
4609 30
4610 20
4611 26
4612 31
4613 14
4614 38
4615 31
4616 18
4617 39
4618 13
4619 4
4620 13
4621 33
4622 19
4623 16
4624 34
4625 5
4626 17
4627 33
4628 39
4629 5
4630 13
4631 19
4632 19
4633 15
4634 31
4635 18
4636 26
4637 26
4638 8
4639 30
4640 4
4641 34
4642 37
4643 30
4644 29
4645 33
4646 14
4647 39
4648 20
4649 7
4650 38
4651 14
4652 31
4653 30
4654 31
4655 7
4656 13
4657 16
4658 31
4659 20
4660 7
4661 14
4662 17
4663 18
4664 14
4665 38
4666 33
4667 38
4668 31
4669 18
4670 4
4671 18
4672 20
4673 6
4674 26
4675 40
4676 8
4677 13
4678 34
4679 40
4680 26
4681 39
4682 11
4683 42
4684 33
4685 31
4686 13
4687 8
4688 38
4689 8
4690 26
4691 19
4692 7
4693 38
4694 8
4695 33
4696 4
4697 11
4698 39
4699 26
4700 4
4701 4
4702 8
4703 8
4704 8
4705 6
4706 31
4707 37
4708 42
4709 20
4710 34
4711 6
4712 20
4713 6
4714 4
4715 44
4716 4
4717 37
4718 26
4719 20
4720 44
4721 34
4722 31
4723 30
4724 37
4725 30
4726 37
4727 4
4728 16
4729 22
4730 20
4731 34
4732 8
4733 34
4734 34
4735 20
4736 42
4737 16
4738 44
4739 42
4740 18
4741 11
4742 37
4743 19
4744 22
4745 16
4746 38
4747 22
4748 22
4749 20
4750 33
4751 20
4752 16
4753 22
4754 33
4755 16
4756 38
4757 11
4758 18
4759 8
4760 19
4761 42
4762 11
4763 33
4764 42
4765 31
4766 31
4767 33
4768 8
4769 4
4770 42
4771 37
4772 19
4773 11
4774 17
4775 16
4776 11
4777 8
4778 18
4779 44
4780 8
4781 26
4782 37
4783 4
4784 8
4785 31
4786 18
4787 4
4788 19
4789 19
4790 11
4791 16
4792 11
4793 19
4794 19
4795 38
4796 16
4797 4
4798 44
4799 44
4800 33
4801 42
4802 37
4803 22
4804 16
4805 37
4806 18
4807 42
4808 8
4809 31
4810 42
4811 44
4812 22
4813 22
4814 18
4815 38
4816 22
4817 37
4818 16
4819 16
4820 42
4821 16
4822 31
4823 16
4824 38
4825 42
4826 16
4827 16
4828 16
4829 31
4830 37
4831 44
4832 42
4833 31
4834 31
4835 31
4836 31
4837 42
4838 18
4839 38
4840 38
4841 44
4842 4
4843 44
4844 4
4845 38
4846 18
4847 4
4848 44
4849 37
4850 37
4851 8
4852 18
4853 16
4854 44
4855 37
4856 42
4857 33
4858 4
4859 37
4860 31
4861 38
4862 4
4863 8
4864 4
4865 16
4866 38
4867 16
4868 33
4869 8
4870 44
4871 16
4872 4
4873 38
4874 16
4875 33
4876 4
4877 38
4878 18
4879 44
4880 42
4881 33
4882 38
4883 18
4884 33
4885 4
4886 33
4887 4
4888 38
4889 33
4890 38
4891 38
4892 42
4893 38
4894 44
4895 42
4896 44
4897 44
4898 4
4899 16
4900 38
4901 16
4902 44
4903 4
4904 16
4905 42
4906 44
4907 42
4908 38
4909 4
4910 44
4911 33
4912 4
4913 42
4914 38
4915 38
4916 4
4917 44
4918 38
4919 44
4920 44
4921 44
4922 44
4923 38
4924 4
4925 38
4926 44
4927 4
4928 33
4929 42
4930 44
4931 33
4932 33
4933 42
4934 33
4935 38
4936 4
4937 38
4938 44
4939 4
4940 44
4941 44
4942 4
4943 4
4944 4
4945 38
4946 38
4947 38
4948 4
4949 44
4950 44
4951 33
4952 44
4953 44
4954 4
4955 33
4956 44
4957 4
4958 4
4959 4
4960 44
4961 44
4962 33
4963 33
4964 33
4965 44
4966 33
4967 44
4968 33
4969 44
4970 33
4971 44
4972 44
4973 33
4974 44
4975 33
4976 33
4977 44
4978 44
4979 44
4980 33
4981 33
4982 44
4983 44
4984 44
4985 44
4986 33
4987 44
4988 33
4989 44
4990 44
4991 44
4992 44
4993 33
4994 44
4995 33
4996 44
4997 44
4998 44
4999 44
5000 44
