1 5
2 7
3 23
4 2
5 16
6 6
7 5
8 28
9 28
10 11
11 34
12 2
13 30
14 16
15 12
16 15
17 18
18 17
19 6
20 7
21 15
22 17
23 12
24 30
25 21
26 14
27 23
28 14
29 27
30 9
31 8
32 31
33 14
34 8
35 27
36 15
37 6
38 12
39 6
40 7
41 22
42 4
43 13
44 5
45 27
46 1
47 5
48 10
49 8
50 32
51 10
52 24
53 30
54 17
55 3
56 26
57 27
58 32
59 8
60 9
61 2
62 14
63 1
64 21
65 5
66 22
67 9
68 34
69 24
70 16
71 5
72 22
73 6
74 5
75 11
76 13
77 12
78 12
79 31
80 14
81 23
82 2
83 15
84 17
85 35
86 12
87 6
88 17
89 10
90 6
91 22
92 16
93 12
94 25
95 8
96 29
97 11
98 6
99 23
100 2
101 6
102 13
103 18
104 3
105 17
106 7
107 26
108 6
109 11
110 5
111 30
112 35
113 22
114 19
115 18
116 31
117 25
118 13
119 4
120 2
121 13
122 23
123 29
124 6
125 9
126 10
127 35
128 30
129 1
130 15
131 17
132 16
133 23
134 3
135 8
136 32
137 32
138 34
139 17
140 22
141 12
142 5
143 24
144 1
145 25
146 7
147 27
148 4
149 29
150 27
151 18
152 16
153 35
154 30
155 20
156 26
157 2
158 9
159 34
160 31
161 24
162 20
163 31
164 20
165 30
166 33
167 4
168 21
169 2
170 33
171 28
172 27
173 7
174 27
175 16
176 24
177 29
178 15
179 11
180 11
181 32
182 7
183 15
184 11
185 25
186 31
187 8
188 9
189 23
190 19
191 34
192 11
193 34
194 4
195 2
196 15
197 15
198 25
199 16
200 27
201 15
202 24
203 25
204 11
205 14
206 6
207 4
208 7
209 35
210 9
211 31
212 34
213 16
214 24
215 26
216 11
217 22
218 26
219 29
220 4
221 11
222 3
223 12
224 1
225 18
226 28
227 17
228 23
229 35
230 29
231 18
232 21
233 28
234 17
235 19
236 26
237 1
238 27
239 35
240 10
241 33
242 4
243 12
244 25
245 20
246 24
247 16
248 14
249 22
250 19
251 32
252 33
253 24
254 23
255 7
256 15
257 18
258 15
259 23
260 16
261 4
262 29
263 17
264 1
265 1
266 3
267 22
268 20
269 25
270 3
271 24
272 26
273 4
274 35
275 17
276 25
277 8
278 13
279 16
280 10
281 28
282 2
283 24
284 32
285 28
286 6
287 11
288 25
289 4
290 8
291 24
292 31
293 33
294 11
295 5
296 10
297 17
298 12
299 21
300 18
301 14
302 26
303 12
304 30
305 27
306 22
307 33
308 8
309 19
310 16
311 15
312 12
313 16
314 9
315 9
316 22
317 25
318 20
319 10
320 18
321 14
322 21
323 12
324 11
325 3
326 23
327 24
328 32
329 3
330 2
331 20
332 31
333 27
334 5
335 17
336 25
337 31
338 31
339 17
340 12
341 22
342 24
343 23
344 26
345 5
346 29
347 26
348 33
349 2
350 25
351 29
352 4
353 24
354 28
355 17
356 12
357 8
358 21
359 34
360 30
361 16
362 27
363 23
364 14
365 22
366 30
367 5
368 19
369 6
370 21
371 6
372 15
373 2
374 25
375 2
376 24
377 5
378 3
379 11
380 27
381 6
382 17
383 15
384 32
385 24
386 4
387 20
388 23
389 1
390 34
391 15
392 26
393 14
394 10
395 21
396 29
397 24
398 23
399 15
400 2
401 27
402 30
403 13
404 32
405 33
406 16
407 26
408 25
409 21
410 22
411 21
412 12
413 23
414 32
415 21
416 21
417 20
418 29
419 23
420 19
421 23
422 6
423 28
424 14
425 26
426 30
427 22
428 23
429 4
430 25
431 18
432 35
433 30
434 11
435 4
436 31
437 30
438 24
439 24
440 32
441 23
442 3
443 31
444 31
445 17
446 6
447 8
448 7
449 15
450 30
451 31
452 8
453 23
454 11
455 5
456 11
457 32
458 1
459 6
460 21
461 35
462 23
463 4
464 11
465 31
466 34
467 9
468 5
469 21
470 8
471 21
472 9
473 16
474 18
475 1
476 34
477 25
478 27
479 10
480 16
481 12
482 35
483 12
484 31
485 26
486 6
487 10
488 25
489 34
490 13
491 22
492 22
493 20
494 21
495 26
496 7
497 26
498 9
499 14
500 19
501 6
502 23
503 5
504 28
505 30
506 18
507 11
508 24
509 16
510 20
511 16
512 30
513 32
514 21
515 23
516 32
517 12
518 12
519 33
520 27
521 24
522 33
523 25
524 1
525 26
526 3
527 19
528 22
529 7
530 14
531 13
532 8
533 30
534 2
535 30
536 7
537 31
538 33
539 7
540 7
541 1
542 31
543 30
544 34
545 27
546 22
547 24
548 8
549 16
550 31
551 3
552 26
553 4
554 1
555 9
556 14
557 32
558 20
559 29
560 19
561 30
562 10
563 25
564 32
565 23
566 35
567 31
568 25
569 9
570 9
571 4
572 16
573 28
574 6
575 7
576 1
577 2
578 26
579 30
580 28
581 24
582 14
583 15
584 4
585 17
586 10
587 5
588 1
589 31
590 29
591 8
592 22
593 13
594 9
595 17
596 30
597 25
598 26
599 35
600 2
601 17
602 14
603 19
604 11
605 15
606 6
607 7
608 35
609 15
610 23
611 28
612 3
613 29
614 21
615 17
616 32
617 17
618 12
619 9
620 6
621 29
622 30
623 17
624 19
625 9
626 24
627 7
628 11
629 16
630 35
631 21
632 5
633 18
634 20
635 3
636 24
637 1
638 14
639 29
640 3
641 20
642 8
643 24
644 11
645 33
646 17
647 9
648 28
649 26
650 5
651 24
652 15
653 35
654 7
655 16
656 15
657 21
658 14
659 30
660 19
661 26
662 34
663 5
664 19
665 12
666 28
667 35
668 3
669 29
670 14
671 9
672 4
673 25
674 9
675 12
676 10
677 3
678 35
679 26
680 12
681 2
682 5
683 8
684 14
685 33
686 30
687 2
688 20
689 9
690 19
691 19
692 1
693 18
694 18
695 33
696 27
697 22
698 1
699 1
700 19
701 18
702 31
703 32
704 31
705 6
706 30
707 11
708 30
709 7
710 11
711 17
712 29
713 11
714 8
715 17
716 25
717 9
718 16
719 7
720 29
721 28
722 15
723 4
724 22
725 17
726 15
727 28
728 23
729 21
730 6
731 14
732 12
733 4
734 2
735 23
736 23
737 7
738 27
739 31
740 6
741 23
742 22
743 33
744 14
745 2
746 7
747 20
748 30
749 31
750 1
751 6
752 34
753 30
754 30
755 19
756 32
757 6
758 3
759 12
760 17
761 20
762 3
763 24
764 5
765 31
766 8
767 12
768 29
769 10
770 30
771 12
772 7
773 1
774 20
775 16
776 34
777 27
778 35
779 2
780 26
781 29
782 12
783 3
784 4
785 3
786 17
787 15
788 23
789 14
790 19
791 4
792 7
793 27
794 13
795 15
796 16
797 28
798 31
799 30
800 13
801 16
802 27
803 4
804 10
805 13
806 13
807 4
808 9
809 8
810 17
811 29
812 28
813 13
814 3
815 12
816 16
817 32
818 26
819 33
820 34
821 11
822 3
823 15
824 6
825 31
826 4
827 14
828 8
829 27
830 34
831 34
832 24
833 26
834 6
835 34
836 1
837 12
838 7
839 25
840 12
841 23
842 10
843 4
844 6
845 24
846 13
847 5
848 24
849 6
850 28
851 18
852 31
853 21
854 16
855 35
856 17
857 21
858 2
859 6
860 4
861 8
862 13
863 23
864 15
865 31
866 13
867 8
868 26
869 10
870 21
871 22
872 4
873 20
874 11
875 8
876 26
877 25
878 16
879 30
880 3
881 19
882 34
883 28
884 14
885 27
886 7
887 34
888 18
889 5
890 30
891 17
892 2
893 30
894 3
895 26
896 3
897 35
898 8
899 17
900 32
901 18
902 3
903 34
904 21
905 7
906 7
907 26
908 20
909 2
910 22
911 4
912 34
913 3
914 27
915 26
916 21
917 18
918 31
919 24
920 33
921 31
922 33
923 21
924 27
925 32
926 6
927 29
928 26
929 25
930 26
931 30
932 35
933 20
934 29
935 34
936 5
937 27
938 10
939 26
940 4
941 17
942 34
943 2
944 21
945 33
946 35
947 32
948 12
949 13
950 28
951 9
952 31
953 18
954 25
955 7
956 33
957 10
958 13
959 31
960 22
961 32
962 5
963 11
964 20
965 10
966 30
967 11
968 35
969 32
970 27
971 22
972 3
973 6
974 16
975 8
976 1
977 9
978 9
979 10
980 6
981 29
982 16
983 7
984 15
985 12
986 18
987 24
988 9
989 5
990 13
991 26
992 20
993 16
994 22
995 12
996 11
997 19
998 1
999 6
1000 8
1001 3
1002 22
1003 4
1004 28
1005 13
1006 15
1007 29
1008 17
1009 21
1010 4
1011 19
1012 19
1013 3
1014 17
1015 4
1016 2
1017 21
1018 13
1019 13
1020 16
1021 1
1022 4
1023 34
1024 35
1025 8
1026 3
1027 17
1028 29
1029 20
1030 35
1031 13
1032 30
1033 11
1034 11
1035 7
1036 5
1037 33
1038 6
1039 32
1040 23
1041 9
1042 18
1043 24
1044 2
1045 8
1046 24
1047 3
1048 33
1049 13
1050 32
1051 28
1052 13
1053 35
1054 2
1055 5
1056 32
1057 5
1058 34
1059 33
1060 5
1061 5
1062 14
1063 5
1064 35
1065 3
1066 13
1067 34
1068 1
1069 31
1070 22
1071 19
1072 17
1073 13
1074 6
1075 31
1076 1
1077 21
1078 23
1079 16
1080 5
1081 27
1082 32
1083 3
1084 2
1085 9
1086 12
1087 26
1088 8
1089 18
1090 7
1091 13
1092 33
1093 21
1094 31
1095 26
1096 16
1097 23
1098 5
1099 3
1100 16
1101 29
1102 28
1103 25
1104 18
1105 18
1106 23
1107 6
1108 33
1109 29
1110 22
1111 35
1112 31
1113 18
1114 35
1115 3
1116 15
1117 30
1118 12
1119 35
1120 23
1121 20
1122 8
1123 6
1124 22
1125 10
1126 28
1127 28
1128 5
1129 1
1130 26
1131 22
1132 31
1133 33
1134 2
1135 19
1136 7
1137 2
1138 16
1139 11
1140 10
1141 6
1142 9
1143 28
1144 16
1145 18
1146 13
1147 9
1148 35
1149 1
1150 1
1151 13
1152 11
1153 18
1154 8
1155 9
1156 22
1157 20
1158 25
1159 9
1160 27
1161 27
1162 5
1163 4
1164 34
1165 1
1166 6
1167 30
1168 5
1169 33
1170 6
1171 23
1172 32
1173 2
1174 21
1175 26
1176 18
1177 10
1178 11
1179 30
1180 2
1181 28
1182 1
1183 5
1184 13
1185 5
1186 18
1187 25
1188 9
1189 3
1190 2
1191 29
1192 20
1193 3
1194 17
1195 10
1196 31
1197 11
1198 22
1199 17
1200 18
1201 18
1202 20
1203 28
1204 24
1205 16
1206 2
1207 22
1208 4
1209 30
1210 22
1211 10
1212 4
1213 16
1214 3
1215 6
1216 33
1217 10
1218 12
1219 25
1220 11
1221 31
1222 26
1223 4
1224 4
1225 5
1226 3
1227 20
1228 15
1229 16
1230 30
1231 5
1232 4
1233 1
1234 4
1235 1
1236 1
1237 33
1238 11
1239 24
1240 31
1241 13
1242 19
1243 33
1244 32
1245 7
1246 12
1247 8
1248 8
1249 18
1250 13
1251 24
1252 23
1253 6
1254 5
1255 8
1256 30
1257 16
1258 34
1259 10
1260 30
1261 1
1262 33
1263 19
1264 16
1265 2
1266 17
1267 3
1268 34
1269 18
1270 8
1271 35
1272 29
1273 21
1274 7
1275 27
1276 17
1277 15
1278 15
1279 22
1280 30
1281 28
1282 34
1283 4
1284 11
1285 27
1286 7
1287 23
1288 5
1289 13
1290 25
1291 23
1292 8
1293 31
1294 20
1295 35
1296 3
1297 35
1298 21
1299 19
1300 1
1301 26
1302 30
1303 10
1304 22
1305 28
1306 9
1307 5
1308 4
1309 2
1310 21
1311 9
1312 29
1313 3
1314 33
1315 8
1316 24
1317 31
1318 33
1319 7
1320 24
1321 27
1322 6
1323 30
1324 5
1325 4
1326 1
1327 29
1328 28
1329 6
1330 6
1331 10
1332 3
1333 2
1334 30
1335 20
1336 25
1337 3
1338 31
1339 24
1340 28
1341 21
1342 31
1343 7
1344 25
1345 1
1346 33
1347 5
1348 32
1349 28
1350 28
1351 4
1352 26
1353 34
1354 6
1355 1
1356 12
1357 28
1358 14
1359 29
1360 29
1361 35
1362 14
1363 7
1364 18
1365 6
1366 26
1367 15
1368 5
1369 9
1370 15
1371 23
1372 34
1373 13
1374 26
1375 2
1376 20
1377 5
1378 29
1379 4
1380 23
1381 25
1382 1
1383 17
1384 24
1385 31
1386 2
1387 12
1388 32
1389 5
1390 32
1391 15
1392 4
1393 3
1394 35
1395 24
1396 17
1397 35
1398 33
1399 19
1400 8
1401 14
1402 31
1403 27
1404 6
1405 6
1406 8
1407 31
1408 27
1409 3
1410 9
1411 25
1412 34
1413 14
1414 3
1415 9
1416 34
1417 13
1418 1
1419 2
1420 14
1421 29
1422 34
1423 14
1424 21
1425 14
1426 12
1427 3
1428 13
1429 16
1430 27
1431 17
1432 22
1433 23
1434 35
1435 7
1436 30
1437 20
1438 5
1439 23
1440 25
1441 16
1442 9
1443 17
1444 8
1445 25
1446 9
1447 15
1448 20
1449 17
1450 8
1451 14
1452 27
1453 1
1454 33
1455 8
1456 6
1457 34
1458 11
1459 1
1460 30
1461 30
1462 23
1463 23
1464 5
1465 24
1466 17
1467 5
1468 1
1469 24
1470 12
1471 5
1472 25
1473 24
1474 21
1475 34
1476 32
1477 10
1478 14
1479 31
1480 31
1481 35
1482 25
1483 34
1484 18
1485 29
1486 7
1487 29
1488 31
1489 18
1490 21
1491 15
1492 30
1493 35
1494 6
1495 8
1496 26
1497 30
1498 1
1499 5
1500 33
1501 3
1502 4
1503 28
1504 18
1505 2
1506 23
1507 4
1508 2
1509 31
1510 6
1511 21
1512 11
1513 2
1514 16
1515 7
1516 4
1517 22
1518 1
1519 31
1520 20
1521 16
1522 15
1523 29
1524 2
1525 13
1526 29
1527 6
1528 31
1529 7
1530 12
1531 26
1532 5
1533 2
1534 32
1535 4
1536 33
1537 12
1538 16
1539 4
1540 3
1541 27
1542 24
1543 27
1544 8
1545 21
1546 13
1547 25
1548 25
1549 14
1550 14
1551 9
1552 14
1553 34
1554 34
1555 14
1556 16
1557 29
1558 6
1559 16
1560 29
1561 30
1562 20
1563 25
1564 6
1565 14
1566 7
1567 19
1568 11
1569 32
1570 35
1571 25
1572 34
1573 32
1574 23
1575 8
1576 21
1577 2
1578 31
1579 13
1580 27
1581 28
1582 19
1583 22
1584 8
1585 2
1586 21
1587 18
1588 23
1589 11
1590 35
1591 12
1592 18
1593 33
1594 24
1595 33
1596 1
1597 11
1598 33
1599 29
1600 6
1601 18
1602 29
1603 34
1604 4
1605 1
1606 24
1607 19
1608 4
1609 29
1610 11
1611 9
1612 28
1613 5
1614 26
1615 9
1616 15
1617 8
1618 6
1619 24
1620 27
1621 23
1622 16
1623 30
1624 19
1625 16
1626 3
1627 21
1628 7
1629 26
1630 29
1631 10
1632 11
1633 34
1634 24
1635 35
1636 19
1637 16
1638 6
1639 11
1640 5
1641 30
1642 7
1643 34
1644 35
1645 10
1646 35
1647 1
1648 3
1649 12
1650 10
1651 3
1652 26
1653 1
1654 8
1655 31
1656 22
1657 27
1658 30
1659 24
1660 23
1661 9
1662 8
1663 32
1664 17
1665 7
1666 13
1667 35
1668 25
1669 6
1670 32
1671 4
1672 17
1673 11
1674 33
1675 31
1676 17
1677 18
1678 7
1679 5
1680 26
1681 11
1682 17
1683 28
1684 9
1685 33
1686 3
1687 12
1688 24
1689 33
1690 21
1691 24
1692 13
1693 3
1694 1
1695 15
1696 31
1697 14
1698 32
1699 15
1700 17
1701 32
1702 11
1703 28
1704 9
1705 10
1706 29
1707 26
1708 7
1709 16
1710 2
1711 29
1712 19
1713 24
1714 3
1715 3
1716 14
1717 25
1718 8
1719 15
1720 24
1721 1
1722 20
1723 13
1724 7
1725 5
1726 11
1727 2
1728 26
1729 34
1730 27
1731 28
1732 32
1733 33
1734 8
1735 34
1736 1
1737 14
1738 6
1739 11
1740 29
1741 35
1742 25
1743 12
1744 29
1745 11
1746 17
1747 35
1748 2
1749 24
1750 13
1751 9
1752 11
1753 15
1754 16
1755 8
1756 26
1757 28
1758 24
1759 31
1760 8
1761 19
1762 3
1763 25
1764 7
1765 12
1766 23
1767 6
1768 16
1769 9
1770 15
1771 13
1772 6
1773 14
1774 10
1775 1
1776 4
1777 8
1778 7
1779 4
1780 2
1781 18
1782 25
1783 35
1784 28
1785 29
1786 20
1787 2
1788 7
1789 23
1790 34
1791 19
1792 5
1793 18
1794 20
1795 25
1796 8
1797 8
1798 8
1799 34
1800 17
1801 4
1802 13
1803 22
1804 3
1805 12
1806 17
1807 33
1808 4
1809 1
1810 34
1811 34
1812 14
1813 24
1814 4
1815 9
1816 16
1817 10
1818 3
1819 23
1820 14
1821 1
1822 12
1823 8
1824 6
1825 6
1826 3
1827 16
1828 19
1829 32
1830 24
1831 12
1832 2
1833 19
1834 3
1835 35
1836 32
1837 18
1838 1
1839 32
1840 11
1841 11
1842 34
1843 35
1844 8
1845 34
1846 31
1847 4
1848 7
1849 25
1850 9
1851 7
1852 33
1853 35
1854 20
1855 13
1856 22
1857 30
1858 5
1859 20
1860 28
1861 17
1862 22
1863 23
1864 10
1865 34
1866 7
1867 34
1868 10
1869 27
1870 30
1871 6
1872 13
1873 35
1874 34
1875 13
1876 22
1877 23
1878 31
1879 21
1880 18
1881 4
1882 28
1883 13
1884 33
1885 2
1886 31
1887 29
1888 19
1889 3
1890 29
1891 31
1892 29
1893 19
1894 33
1895 12
1896 28
1897 19
1898 2
1899 2
1900 23
1901 24
1902 15
1903 27
1904 29
1905 13
1906 23
1907 35
1908 5
1909 32
1910 35
1911 13
1912 31
1913 31
1914 27
1915 2
1916 20
1917 30
1918 9
1919 18
1920 35
1921 34
1922 29
1923 3
1924 8
1925 34
1926 2
1927 1
1928 26
1929 11
1930 30
1931 17
1932 9
1933 28
1934 16
1935 27
1936 17
1937 14
1938 30
1939 1
1940 16
1941 29
1942 11
1943 17
1944 21
1945 7
1946 33
1947 16
1948 10
1949 10
1950 9
1951 11
1952 21
1953 13
1954 23
1955 11
1956 24
1957 13
1958 3
1959 8
1960 31
1961 25
1962 14
1963 31
1964 34
1965 23
1966 30
1967 26
1968 18
1969 6
1970 5
1971 25
1972 33
1973 4
1974 33
1975 32
1976 19
1977 21
1978 17
1979 33
1980 29
1981 23
1982 2
1983 12
1984 1
1985 27
1986 24
1987 15
1988 2
1989 9
1990 11
1991 6
1992 28
1993 4
1994 6
1995 5
1996 32
1997 10
1998 6
1999 31
2000 35
2001 34
2002 4
2003 28
2004 26
2005 1
2006 5
2007 3
2008 11
2009 15
2010 27
2011 28
2012 29
2013 28
2014 10
2015 3
2016 13
2017 23
2018 35
2019 23
2020 2
2021 12
2022 4
2023 35
2024 5
2025 33
2026 14
2027 15
2028 25
2029 32
2030 5
2031 21
2032 6
2033 15
2034 23
2035 12
2036 15
2037 12
2038 23
2039 1
2040 20
2041 25
2042 31
2043 35
2044 26
2045 28
2046 25
2047 12
2048 11
2049 19
2050 27
2051 33
2052 35
2053 6
2054 33
2055 8
2056 1
2057 8
2058 19
2059 14
2060 21
2061 31
2062 3
2063 14
2064 12
2065 35
2066 10
2067 25
2068 19
2069 24
2070 23
2071 8
2072 13
2073 33
2074 31
2075 26
2076 21
2077 34
2078 23
2079 5
2080 9
2081 3
2082 33
2083 15
2084 31
2085 12
2086 18
2087 7
2088 6
2089 4
2090 30
2091 34
2092 1
2093 34
2094 23
2095 10
2096 2
2097 30
2098 25
2099 4
2100 4
2101 15
2102 1
2103 8
2104 3
2105 12
2106 30
2107 8
2108 1
2109 20
2110 15
2111 25
2112 8
2113 8
2114 1
2115 27
2116 9
2117 26
2118 12
2119 33
2120 7
2121 14
2122 8
2123 25
2124 5
2125 24
2126 11
2127 30
2128 32
2129 4
2130 25
2131 22
2132 9
2133 24
2134 5
2135 11
2136 13
2137 18
2138 29
2139 21
2140 14
2141 19
2142 10
2143 15
2144 28
2145 31
2146 11
2147 4
2148 18
2149 11
2150 31
2151 32
2152 14
2153 30
2154 25
2155 7
2156 26
2157 30
2158 29
2159 13
2160 33
2161 19
2162 5
2163 13
2164 11
2165 31
2166 1
2167 22
2168 25
2169 20
2170 30
2171 2
2172 35
2173 7
2174 22
2175 13
2176 8
2177 3
2178 22
2179 29
2180 6
2181 4
2182 35
2183 30
2184 24
2185 11
2186 28
2187 33
2188 29
2189 29
2190 24
2191 4
2192 8
2193 29
2194 31
2195 10
2196 33
2197 9
2198 32
2199 35
2200 16
2201 25
2202 22
2203 9
2204 20
2205 17
2206 13
2207 13
2208 15
2209 24
2210 19
2211 2
2212 30
2213 12
2214 8
2215 14
2216 19
2217 29
2218 4
2219 7
2220 25
2221 4
2222 25
2223 24
2224 22
2225 9
2226 13
2227 6
2228 7
2229 18
2230 23
2231 33
2232 5
2233 2
2234 17
2235 9
2236 3
2237 14
2238 6
2239 26
2240 29
2241 23
2242 13
2243 16
2244 35
2245 20
2246 11
2247 30
2248 24
2249 19
2250 25
2251 27
2252 24
2253 35
2254 10
2255 19
2256 11
2257 30
2258 28
2259 6
2260 7
2261 18
2262 31
2263 7
2264 21
2265 34
2266 28
2267 1
2268 21
2269 4
2270 8
2271 21
2272 11
2273 16
2274 8
2275 28
2276 16
2277 19
2278 9
2279 11
2280 34
2281 34
2282 2
2283 20
2284 33
2285 26
2286 15
2287 3
2288 4
2289 8
2290 33
2291 27
2292 19
2293 15
2294 22
2295 23
2296 4
2297 11
2298 20
2299 33
2300 21
2301 6
2302 30
2303 17
2304 5
2305 21
2306 18
2307 32
2308 5
2309 32
2310 8
2311 29
2312 28
2313 32
2314 31
2315 11
2316 30
2317 35
2318 26
2319 24
2320 9
2321 35
2322 21
2323 32
2324 29
2325 11
2326 15
2327 33
2328 30
2329 34
2330 28
2331 35
2332 1
2333 6
2334 7
2335 21
2336 3
2337 23
2338 33
2339 13
2340 29
2341 30
2342 30
2343 28
2344 18
2345 10
2346 24
2347 32
2348 6
2349 4
2350 18
2351 13
2352 13
2353 9
2354 20
2355 8
2356 30
2357 7
2358 9
2359 3
2360 15
2361 3
2362 13
2363 9
2364 20
2365 7
2366 28
2367 4
2368 1
2369 21
2370 17
2371 3
2372 5
2373 6
2374 23
2375 27
2376 31
2377 28
2378 1
2379 20
2380 33
2381 17
2382 30
2383 2
2384 4
2385 6
2386 19
2387 35
2388 21
2389 8
2390 17
2391 26
2392 18
2393 11
2394 13
2395 3
2396 12
2397 31
2398 29
2399 8
2400 16
2401 20
2402 30
2403 15
2404 24
2405 13
2406 22
2407 9
2408 21
2409 19
2410 17
2411 19
2412 2
2413 1
2414 21
2415 23
2416 22
2417 5
2418 5
2419 21
2420 1
2421 18
2422 21
2423 31
2424 8
2425 4
2426 33
2427 34
2428 2
2429 12
2430 3
2431 27
2432 10
2433 24
2434 21
2435 17
2436 7
2437 28
2438 30
2439 15
2440 6
2441 27
2442 6
2443 25
2444 17
2445 21
2446 17
2447 20
2448 1
2449 15
2450 22
2451 19
2452 2
2453 31
2454 6
2455 22
2456 13
2457 6
2458 14
2459 11
2460 3
2461 3
2462 9
2463 17
2464 35
2465 8
2466 32
2467 5
2468 30
2469 31
2470 33
2471 2
2472 19
2473 31
2474 2
2475 12
2476 6
2477 29
2478 7
2479 5
2480 5
2481 5
2482 10
2483 26
2484 32
2485 33
2486 32
2487 4
2488 5
2489 30
2490 6
2491 34
2492 34
2493 14
2494 34
2495 26
2496 14
2497 7
2498 28
2499 3
2500 12
2501 9
2502 19
2503 6
2504 13
2505 1
2506 29
2507 8
2508 3
2509 4
2510 9
2511 12
2512 29
2513 28
2514 2
2515 9
2516 29
2517 23
2518 24
2519 9
2520 22
2521 11
2522 28
2523 10
2524 35
2525 25
2526 26
2527 12
2528 1
2529 10
2530 23
2531 14
2532 28
2533 23
2534 5
2535 13
2536 13
2537 30
2538 11
2539 4
2540 9
2541 14
2542 24
2543 32
2544 29
2545 16
2546 27
2547 3
2548 17
2549 1
2550 2
2551 18
2552 5
2553 3
2554 34
2555 20
2556 20
2557 19
2558 9
2559 25
2560 19
2561 15
2562 26
2563 22
2564 23
2565 5
2566 12
2567 4
2568 11
2569 34
2570 30
2571 29
2572 29
2573 29
2574 30
2575 24
2576 33
2577 17
2578 18
2579 5
2580 14
2581 33
2582 30
2583 17
2584 7
2585 33
2586 30
2587 25
2588 25
2589 6
2590 23
2591 32
2592 6
2593 31
2594 18
2595 19
2596 28
2597 26
2598 14
2599 29
2600 13
2601 4
2602 12
2603 33
2604 28
2605 21
2606 27
2607 24
2608 20
2609 27
2610 12
2611 31
2612 11
2613 35
2614 13
2615 21
2616 2
2617 34
2618 26
2619 6
2620 29
2621 26
2622 12
2623 23
2624 13
2625 22
2626 35
2627 19
2628 23
2629 6
2630 23
2631 26
2632 8
2633 11
2634 28
2635 30
2636 26
2637 33
2638 29
2639 2
2640 8
2641 9
2642 28
2643 10
2644 23
2645 7
2646 17
2647 23
2648 28
2649 12
2650 18
2651 15
2652 3
2653 27
2654 21
2655 25
2656 6
2657 35
2658 34
2659 24
2660 5
2661 31
2662 11
2663 5
2664 24
2665 14
2666 25
2667 2
2668 31
2669 31
2670 31
2671 24
2672 15
2673 13
2674 13
2675 5
2676 2
2677 11
2678 15
2679 32
2680 5
2681 3
2682 18
2683 10
2684 33
2685 12
2686 31
2687 29
2688 10
2689 21
2690 10
2691 18
2692 6
2693 23
2694 23
2695 6
2696 5
2697 8
2698 24
2699 14
2700 29
2701 9
2702 4
2703 27
2704 4
2705 27
2706 33
2707 5
2708 9
2709 19
2710 3
2711 25
2712 5
2713 10
2714 8
2715 10
2716 2
2717 28
2718 20
2719 6
2720 24
2721 24
2722 4
2723 33
2724 5
2725 21
2726 25
2727 30
2728 31
2729 7
2730 20
2731 14
2732 23
2733 28
2734 14
2735 28
2736 11
2737 26
2738 23
2739 33
2740 12
2741 28
2742 24
2743 5
2744 23
2745 2
2746 21
2747 1
2748 30
2749 31
2750 33
2751 17
2752 34
2753 24
2754 3
2755 20
2756 19
2757 1
2758 19
2759 34
2760 17
2761 22
2762 25
2763 14
2764 30
2765 23
2766 20
2767 3
2768 3
2769 7
2770 7
2771 13
2772 14
2773 6
2774 35
2775 11
2776 31
2777 27
2778 33
2779 32
2780 1
2781 32
2782 27
2783 27
2784 8
2785 22
2786 31
2787 33
2788 4
2789 23
2790 13
2791 27
2792 31
2793 29
2794 4
2795 33
2796 32
2797 10
2798 33
2799 28
2800 3
2801 12
2802 9
2803 2
2804 27
2805 34
2806 1
2807 3
2808 1
2809 27
2810 28
2811 18
2812 5
2813 30
2814 6
2815 5
2816 10
2817 28
2818 1
2819 19
2820 1
2821 3
2822 16
2823 3
2824 22
2825 19
2826 35
2827 11
2828 16
2829 11
2830 8
2831 6
2832 24
2833 10
2834 6
2835 1
2836 27
2837 34
2838 31
2839 28
2840 29
2841 31
2842 23
2843 34
2844 5
2845 23
2846 12
2847 4
2848 25
2849 13
2850 1
2851 6
2852 10
2853 18
2854 15
2855 33
2856 35
2857 11
2858 8
2859 22
2860 6
2861 21
2862 5
2863 2
2864 12
2865 31
2866 19
2867 14
2868 30
2869 18
2870 8
2871 27
2872 20
2873 5
2874 20
2875 32
2876 9
2877 4
2878 21
2879 5
2880 34
2881 5
2882 33
2883 13
2884 29
2885 11
2886 30
2887 22
2888 7
2889 32
2890 4
2891 29
2892 23
2893 7
2894 31
2895 29
2896 21
2897 25
2898 6
2899 35
2900 11
2901 15
2902 24
2903 2
2904 1
2905 2
2906 15
2907 15
2908 1
2909 31
2910 13
2911 9
2912 19
2913 31
2914 33
2915 33
2916 34
2917 30
2918 14
2919 25
2920 9
2921 35
2922 27
2923 13
2924 22
2925 5
2926 8
2927 34
2928 5
2929 20
2930 19
2931 1
2932 11
2933 32
2934 10
2935 10
2936 1
2937 15
2938 9
2939 23
2940 3
2941 25
2942 15
2943 35
2944 1
2945 24
2946 16
2947 25
2948 14
2949 34
2950 34
2951 20
2952 1
2953 3
2954 1
2955 11
2956 3
2957 11
2958 35
2959 12
2960 26
2961 14
2962 8
2963 34
2964 7
2965 6
2966 24
2967 34
2968 13
2969 6
2970 26
2971 19
2972 4
2973 16
2974 24
2975 12
2976 35
2977 28
2978 10
2979 21
2980 13
2981 33
2982 3
2983 16
2984 28
2985 24
2986 7
2987 1
2988 12
2989 14
2990 7
2991 29
2992 6
2993 24
2994 3
2995 18
2996 26
2997 13
2998 1
2999 11
3000 20
3001 15
3002 13
3003 11
3004 22
3005 6
3006 17
3007 3
3008 3
3009 8
3010 10
3011 1
3012 26
3013 19
3014 28
3015 27
3016 14
3017 19
3018 33
3019 21
3020 21
3021 24
3022 12
3023 12
3024 5
3025 35
3026 24
3027 22
3028 23
3029 10
3030 22
3031 10
3032 34
3033 13
3034 15
3035 23
3036 27
3037 25
3038 20
3039 17
3040 35
3041 9
3042 27
3043 10
3044 8
3045 4
3046 32
3047 16
3048 8
3049 7
3050 4
3051 34
3052 17
3053 35
3054 29
3055 30
3056 15
3057 20
3058 20
3059 35
3060 1
3061 19
3062 12
3063 32
3064 10
3065 5
3066 7
3067 26
3068 2
3069 8
3070 5
3071 10
3072 20
3073 15
3074 15
3075 24
3076 24
3077 9
3078 27
3079 11
3080 3
3081 34
3082 1
3083 7
3084 31
3085 25
3086 19
3087 34
3088 23
3089 10
3090 33
3091 9
3092 32
3093 16
3094 31
3095 22
3096 4
3097 35
3098 30
3099 7
3100 22
3101 14
3102 3
3103 12
3104 23
3105 26
3106 29
3107 15
3108 19
3109 4
3110 30
3111 28
3112 33
3113 25
3114 17
3115 34
3116 17
3117 35
3118 2
3119 7
3120 11
3121 17
3122 33
3123 5
3124 10
3125 7
3126 31
3127 11
3128 8
3129 30
3130 8
3131 16
3132 24
3133 16
3134 20
3135 10
3136 30
3137 2
3138 31
3139 30
3140 27
3141 6
3142 12
3143 24
3144 2
3145 33
3146 7
3147 29
3148 30
3149 16
3150 16
3151 25
3152 6
3153 21
3154 33
3155 31
3156 5
3157 15
3158 9
3159 29
3160 9
3161 5
3162 3
3163 10
3164 3
3165 8
3166 3
3167 24
3168 33
3169 18
3170 21
3171 30
3172 23
3173 15
3174 8
3175 8
3176 5
3177 30
3178 27
3179 8
3180 22
3181 19
3182 5
3183 18
3184 25
3185 25
3186 28
3187 24
3188 20
3189 23
3190 33
3191 6
3192 34
3193 31
3194 35
3195 27
3196 35
3197 1
3198 13
3199 12
3200 10
3201 34
3202 18
3203 15
3204 18
3205 21
3206 33
3207 20
3208 26
3209 25
3210 30
3211 1
3212 5
3213 18
3214 21
3215 12
3216 5
3217 12
3218 13
3219 7
3220 34
3221 28
3222 3
3223 1
3224 9
3225 23
3226 28
3227 13
3228 1
3229 13
3230 21
3231 28
3232 26
3233 20
3234 1
3235 27
3236 30
3237 14
3238 17
3239 11
3240 34
3241 18
3242 6
3243 17
3244 32
3245 8
3246 4
3247 16
3248 23
3249 35
3250 31
3251 15
3252 5
3253 5
3254 18
3255 26
3256 25
3257 4
3258 12
3259 15
3260 21
3261 1
3262 35
3263 3
3264 8
3265 24
3266 21
3267 5
3268 16
3269 21
3270 16
3271 6
3272 20
3273 17
3274 32
3275 29
3276 32
3277 34
3278 28
3279 11
3280 11
3281 13
3282 13
3283 32
3284 8
3285 16
3286 19
3287 29
3288 11
3289 27
3290 18
3291 20
3292 12
3293 13
3294 15
3295 31
3296 4
3297 31
3298 19
3299 5
3300 12
3301 8
3302 1
3303 25
3304 29
3305 1
3306 6
3307 17
3308 1
3309 7
3310 4
3311 34
3312 3
3313 8
3314 7
3315 15
3316 18
3317 1
3318 10
3319 13
3320 33
3321 1
3322 30
3323 11
3324 24
3325 9
3326 18
3327 7
3328 23
3329 29
3330 1
3331 3
3332 27
3333 1
3334 24
3335 19
3336 18
3337 19
3338 18
3339 12
3340 31
3341 2
3342 29
3343 21
3344 6
3345 13
3346 2
3347 30
3348 11
3349 16
3350 33
3351 17
3352 10
3353 20
3354 35
3355 5
3356 22
3357 14
3358 4
3359 25
3360 23
3361 5
3362 35
3363 29
3364 7
3365 23
3366 9
3367 1
3368 4
3369 31
3370 25
3371 29
3372 1
3373 27
3374 7
3375 31
3376 5
3377 35
3378 34
3379 2
3380 7
3381 24
3382 20
3383 7
3384 18
3385 18
3386 15
3387 30
3388 30
3389 14
3390 8
3391 19
3392 31
3393 21
3394 18
3395 32
3396 22
3397 10
3398 1
3399 9
3400 1
3401 34
3402 8
3403 7
3404 22
3405 6
3406 28
3407 18
3408 21
3409 14
3410 2
3411 1
3412 26
3413 15
3414 10
3415 5
3416 7
3417 11
3418 11
3419 25
3420 3
3421 35
3422 2
3423 23
3424 16
3425 28
3426 32
3427 31
3428 10
3429 17
3430 8
3431 18
3432 34
3433 23
3434 4
3435 18
3436 1
3437 15
3438 6
3439 32
3440 24
3441 2
3442 28
3443 34
3444 13
3445 21
3446 6
3447 19
3448 23
3449 31
3450 12
3451 17
3452 13
3453 9
3454 4
3455 35
3456 32
3457 30
3458 1
3459 4
3460 34
3461 30
3462 33
3463 28
3464 10
3465 13
3466 1
3467 4
3468 17
3469 26
3470 23
3471 26
3472 8
3473 1
3474 22
3475 4
3476 17
3477 4
3478 32
3479 28
3480 3
3481 4
3482 3
3483 9
3484 28
3485 34
3486 8
3487 31
3488 32
3489 23
3490 31
3491 3
3492 12
3493 26
3494 5
3495 26
3496 34
3497 5
3498 28
3499 31
3500 9
3501 19
3502 1
3503 8
3504 26
3505 12
3506 30
3507 14
3508 27
3509 22
3510 22
3511 26
3512 15
3513 24
3514 17
3515 17
3516 25
3517 27
3518 30
3519 20
3520 34
3521 22
3522 13
3523 2
3524 35
3525 29
3526 11
3527 3
3528 19
3529 30
3530 23
3531 30
3532 2
3533 33
3534 21
3535 4
3536 6
3537 21
3538 5
3539 13
3540 8
3541 22
3542 14
3543 20
3544 20
3545 31
3546 27
3547 9
3548 29
3549 26
3550 29
3551 4
3552 20
3553 11
3554 5
3555 15
3556 26
3557 35
3558 24
3559 10
3560 16
3561 23
3562 21
3563 10
3564 11
3565 5
3566 10
3567 22
3568 17
3569 34
3570 34
3571 21
3572 33
3573 15
3574 19
3575 10
3576 10
3577 34
3578 15
3579 34
3580 23
3581 19
3582 11
3583 21
3584 20
3585 4
3586 32
3587 28
3588 34
3589 29
3590 9
3591 13
3592 15
3593 35
3594 31
3595 13
3596 28
3597 15
3598 15
3599 11
3600 33
3601 5
3602 17
3603 8
3604 11
3605 33
3606 23
3607 31
3608 3
3609 22
3610 6
3611 12
3612 18
3613 10
3614 8
3615 26
3616 6
3617 28
3618 10
3619 1
3620 16
3621 9
3622 25
3623 34
3624 10
3625 33
3626 4
3627 34
3628 33
3629 8
3630 24
3631 23
3632 13
3633 8
3634 14
3635 2
3636 11
3637 16
3638 25
3639 5
3640 23
3641 27
3642 13
3643 35
3644 17
3645 12
3646 8
3647 32
3648 6
3649 27
3650 24
3651 6
3652 6
3653 34
3654 7
3655 23
3656 34
3657 11
3658 17
3659 34
3660 25
3661 28
3662 7
3663 5
3664 22
3665 10
3666 6
3667 32
3668 30
3669 13
3670 12
3671 11
3672 4
3673 17
3674 15
3675 2
3676 9
3677 33
3678 12
3679 23
3680 4
3681 5
3682 14
3683 4
3684 22
3685 7
3686 11
3687 3
3688 2
3689 2
3690 6
3691 12
3692 26
3693 20
3694 23
3695 6
3696 3
3697 23
3698 31
3699 30
3700 3
3701 13
3702 31
3703 34
3704 13
3705 1
3706 28
3707 34
3708 13
3709 22
3710 4
3711 12
3712 23
3713 34
3714 19
3715 11
3716 26
3717 2
3718 11
3719 6
3720 33
3721 9
3722 2
3723 23
3724 16
3725 16
3726 27
3727 3
3728 22
3729 13
3730 20
3731 21
3732 23
3733 12
3734 8
3735 28
3736 2
3737 17
3738 1
3739 3
3740 33
3741 25
3742 32
3743 23
3744 2
3745 3
3746 1
3747 32
3748 34
3749 10
3750 19
3751 26
3752 24
3753 6
3754 20
3755 30
3756 31
3757 12
3758 30
3759 19
3760 3
3761 18
3762 27
3763 24
3764 13
3765 25
3766 7
3767 24
3768 23
3769 7
3770 13
3771 17
3772 14
3773 11
3774 31
3775 25
3776 17
3777 27
3778 30
3779 25
3780 15
3781 28
3782 15
3783 13
3784 23
3785 19
3786 10
3787 2
3788 19
3789 18
3790 12
3791 7
3792 19
3793 26
3794 4
3795 25
3796 12
3797 8
3798 28
3799 20
3800 1
3801 6
3802 13
3803 21
3804 11
3805 30
3806 27
3807 16
3808 9
3809 9
3810 14
3811 16
3812 19
3813 17
3814 14
3815 30
3816 4
3817 9
3818 17
3819 30
3820 29
3821 31
3822 19
3823 7
3824 16
3825 23
3826 13
3827 15
3828 4
3829 33
3830 25
3831 34
3832 24
3833 22
3834 1
3835 27
3836 9
3837 7
3838 23
3839 31
3840 28
3841 35
3842 32
3843 12
3844 17
3845 7
3846 28
3847 18
3848 15
3849 10
3850 19
3851 20
3852 23
3853 19
3854 21
3855 22
3856 23
3857 22
3858 20
3859 11
3860 19
3861 19
3862 6
3863 23
3864 32
3865 19
3866 15
3867 24
3868 4
3869 11
3870 2
3871 34
3872 34
3873 25
3874 3
3875 21
3876 11
3877 29
3878 28
3879 35
3880 17
3881 33
3882 19
3883 20
3884 28
3885 14
3886 7
3887 4
3888 8
3889 34
3890 6
3891 4
3892 4
3893 31
3894 21
3895 29
3896 14
3897 8
3898 25
3899 9
3900 32
3901 5
3902 12
3903 23
3904 12
3905 8
3906 4
3907 29
3908 7
3909 24
3910 31
3911 3
3912 35
3913 16
3914 7
3915 1
3916 14
3917 22
3918 6
3919 3
3920 16
3921 11
3922 28
3923 6
3924 21
3925 9
3926 5
3927 25
3928 16
3929 21
3930 35
3931 8
3932 16
3933 13
3934 35
3935 8
3936 3
3937 24
3938 29
3939 11
3940 22
3941 12
3942 19
3943 25
3944 32
3945 8
3946 10
3947 34
3948 16
3949 25
3950 24
3951 14
3952 13
3953 28
3954 18
3955 16
3956 13
3957 24
3958 8
3959 22
3960 32
3961 21
3962 13
3963 1
3964 22
3965 12
3966 11
3967 8
3968 12
3969 13
3970 11
3971 35
3972 9
3973 21
3974 23
3975 1
3976 2
3977 3
3978 31
3979 11
3980 19
3981 16
3982 13
3983 19
3984 3
3985 20
3986 33
3987 14
3988 2
3989 31
3990 21
3991 24
3992 19
3993 4
3994 16
3995 4
3996 33
3997 23
3998 28
3999 12
4000 3
4001 10
4002 23
4003 2
4004 23
4005 34
4006 29
4007 9
4008 11
4009 14
4010 10
4011 8
4012 19
4013 18
4014 17
4015 3
4016 13
4017 17
4018 2
4019 2
4020 2
4021 8
4022 14
4023 29
4024 7
4025 5
4026 7
4027 11
4028 25
4029 18
4030 29
4031 2
4032 27
4033 21
4034 29
4035 27
4036 18
4037 1
4038 10
4039 31
4040 16
4041 12
4042 25
4043 9
4044 27
4045 13
4046 34
4047 30
4048 34
4049 16
4050 10
4051 16
4052 24
4053 11
4054 2
4055 19
4056 19
4057 6
4058 1
4059 24
4060 13
4061 12
4062 34
4063 27
4064 31
4065 14
4066 32
4067 16
4068 18
4069 30
4070 28
4071 5
4072 30
4073 32
4074 28
4075 13
4076 20
4077 16
4078 25
4079 5
4080 21
4081 23
4082 9
4083 4
4084 28
4085 3
4086 1
4087 10
4088 35
4089 12
4090 33
4091 12
4092 23
4093 29
4094 12
4095 13
4096 13
4097 16
4098 14
4099 29
4100 11
4101 34
4102 15
4103 17
4104 20
4105 8
4106 8
4107 32
4108 33
4109 34
4110 1
4111 30
4112 8
4113 22
4114 17
4115 25
4116 19
4117 12
4118 16
4119 30
4120 7
4121 6
4122 30
4123 21
4124 16
4125 11
4126 25
4127 10
4128 10
4129 8
4130 21
4131 33
4132 31
4133 31
4134 8
4135 5
4136 10
4137 14
4138 20
4139 10
4140 27
4141 12
4142 13
4143 6
4144 31
4145 5
4146 22
4147 34
4148 5
4149 16
4150 22
4151 19
4152 2
4153 14
4154 23
4155 14
4156 29
4157 4
4158 17
4159 31
4160 31
4161 13
4162 26
4163 24
4164 8
4165 28
4166 11
4167 20
4168 6
4169 1
4170 1
4171 14
4172 14
4173 3
4174 35
4175 32
4176 22
4177 35
4178 33
4179 20
4180 11
4181 7
4182 26
4183 13
4184 9
4185 5
4186 21
4187 13
4188 28
4189 13
4190 19
4191 8
4192 24
4193 15
4194 3
4195 19
4196 35
4197 32
4198 27
4199 11
4200 34
4201 24
4202 28
4203 35
4204 1
4205 20
4206 18
4207 16
4208 20
4209 23
4210 34
4211 21
4212 4
4213 12
4214 27
4215 18
4216 20
4217 14
4218 33
4219 35
4220 1
4221 8
4222 9
4223 33
4224 12
4225 15
4226 21
4227 18
4228 28
4229 7
4230 7
4231 26
4232 25
4233 13
4234 11
4235 3
4236 21
4237 4
4238 25
4239 13
4240 30
4241 29
4242 23
4243 29
4244 8
4245 34
4246 23
4247 30
4248 16
4249 5
4250 34
4251 33
4252 18
4253 29
4254 4
4255 35
4256 31
4257 31
4258 31
4259 5
4260 12
4261 15
4262 28
4263 28
4264 14
4265 13
4266 24
4267 11
4268 14
4269 35
4270 8
4271 33
4272 30
4273 33
4274 21
4275 12
4276 19
4277 11
4278 3
4279 17
4280 2
4281 29
4282 20
4283 17
4284 25
4285 2
4286 19
4287 3
4288 11
4289 14
4290 15
4291 25
4292 22
4293 10
4294 16
4295 12
4296 15
4297 11
4298 18
4299 32
4300 4
4301 11
4302 15
4303 10
4304 28
4305 32
4306 2
4307 27
4308 34
4309 9
4310 2
4311 8
4312 34
4313 1
4314 30
4315 35
4316 31
4317 2
4318 13
4319 4
4320 13
4321 18
4322 17
4323 5
4324 25
4325 32
4326 30
4327 32
4328 30
4329 34
4330 34
4331 17
4332 12
4333 8
4334 5
4335 12
4336 33
4337 6
4338 23
4339 6
4340 7
4341 32
4342 4
4343 16
4344 22
4345 2
4346 11
4347 6
4348 7
4349 18
4350 34
4351 26
4352 30
4353 18
4354 13
4355 21
4356 23
4357 26
4358 26
4359 9
4360 3
4361 19
4362 21
4363 27
4364 14
4365 8
4366 11
4367 8
4368 10
4369 17
4370 26
4371 25
4372 30
4373 28
4374 20
4375 8
4376 4
4377 22
4378 29
4379 18
4380 18
4381 31
4382 25
4383 32
4384 6
4385 23
4386 13
4387 21
4388 18
4389 16
4390 24
4391 14
4392 35
4393 23
4394 25
4395 32
4396 13
4397 6
4398 3
4399 6
4400 22
4401 11
4402 8
4403 16
4404 19
4405 26
4406 19
4407 32
4408 18
4409 1
4410 10
4411 25
4412 33
4413 7
4414 3
4415 2
4416 18
4417 13
4418 24
4419 4
4420 4
4421 15
4422 17
4423 33
4424 28
4425 29
4426 1
4427 12
4428 11
4429 29
4430 22
4431 10
4432 24
4433 24
4434 32
4435 23
4436 12
4437 15
4438 18
4439 30
4440 24
4441 1
4442 1
4443 12
4444 5
4445 9
4446 31
4447 33
4448 18
4449 34
4450 16
4451 16
4452 5
4453 6
4454 3
4455 2
4456 5
4457 17
4458 10
4459 24
4460 14
4461 13
4462 17
4463 18
4464 35
4465 2
4466 12
4467 18
4468 3
4469 33
4470 21
4471 24
4472 2
4473 3
4474 5
4475 29
4476 23
4477 8
4478 17
4479 28
4480 33
4481 19
4482 13
4483 7
4484 29
4485 23
4486 1
4487 6
4488 31
4489 21
4490 16
4491 21
4492 3
4493 17
4494 16
4495 21
4496 11
4497 30
4498 14
4499 14
4500 9
4501 2
4502 12
4503 21
4504 3
4505 2
4506 29
4507 3
4508 18
4509 17
4510 32
4511 13
4512 2
4513 9
4514 30
4515 8
4516 14
4517 31
4518 34
4519 29
4520 17
4521 34
4522 28
4523 10
4524 19
4525 18
4526 9
4527 8
4528 14
4529 17
4530 1
4531 29
4532 31
4533 12
4534 1
4535 17
4536 6
4537 8
4538 23
4539 19
4540 9
4541 5
4542 30
4543 29
4544 12
4545 17
4546 24
4547 24
4548 19
4549 18
4550 34
4551 3
4552 28
4553 25
4554 35
4555 17
4556 25
4557 1
4558 4
4559 28
4560 29
4561 29
4562 8
4563 34
4564 16
4565 12
4566 13
4567 2
4568 5
4569 18
4570 1
4571 2
4572 1
4573 7
4574 28
4575 2
4576 35
4577 23
4578 8
4579 12
4580 17
4581 33
4582 21
4583 34
4584 2
4585 13
4586 29
4587 29
4588 8
4589 12
4590 17
4591 33
4592 17
4593 28
4594 2
4595 31
4596 29
4597 25
4598 13
4599 13
4600 16
4601 24
4602 30
4603 11
4604 8
4605 23
4606 17
4607 13
4608 1
4609 16
4610 6
4611 13
4612 3
4613 24
4614 21
4615 21
4616 12
4617 6
4618 31
4619 34
4620 1
4621 23
4622 19
4623 25
4624 16
4625 30
4626 8
4627 28
4628 24
4629 16
4630 12
4631 8
4632 19
4633 2
4634 17
4635 24
4636 17
4637 2
4638 19
4639 1
4640 13
4641 1
4642 21
4643 16
4644 19
4645 6
4646 12
4647 2
4648 12
4649 34
4650 30
4651 33
4652 21
4653 12
4654 21
4655 33
4656 30
4657 31
4658 12
4659 31
4660 8
4661 33
4662 12
4663 21
4664 31
4665 16
4666 13
4667 8
4668 5
4669 30
4670 21
4671 4
4672 25
4673 30
4674 23
4675 24
4676 3
4677 2
4678 5
4679 30
4680 6
4681 3
4682 21
4683 8
4684 6
4685 17
4686 2
4687 34
4688 34
4689 13
4690 23
4691 12
4692 17
4693 29
4694 24
4695 13
4696 2
4697 30
4698 21
4699 6
4700 23
4701 13
4702 6
4703 25
4704 25
4705 2
4706 4
4707 5
4708 5
4709 11
4710 3
4711 2
4712 28
4713 29
4714 23
4715 2
4716 8
4717 30
4718 29
4719 31
4720 5
4721 2
4722 23
4723 2
4724 4
4725 1
4726 5
4727 29
4728 12
4729 30
4730 30
4731 28
4732 23
4733 28
4734 31
4735 28
4736 30
4737 4
4738 3
4739 33
4740 3
4741 6
4742 30
4743 2
4744 34
4745 6
4746 4
4747 1
4748 5
4749 5
4750 8
4751 23
4752 8
4753 8
4754 29
4755 13
4756 24
4757 1
4758 29
4759 30
4760 29
4761 2
4762 23
4763 6
4764 23
4765 4
4766 29
4767 31
4768 34
4769 2
4770 1
4771 5
4772 23
4773 23
4774 34
4775 8
4776 13
4777 13
4778 31
4779 31
4780 1
4781 6
4782 6
4783 29
4784 2
4785 3
4786 2
4787 4
4788 31
4789 30
4790 30
4791 11
4792 29
4793 12
4794 31
4795 29
4796 5
4797 31
4798 34
4799 29
4800 34
4801 31
4802 6
4803 4
4804 11
4805 3
4806 12
4807 8
4808 29
4809 4
4810 13
4811 30
4812 13
4813 1
4814 31
4815 12
4816 4
4817 23
4818 6
4819 34
4820 13
4821 34
4822 6
4823 1
4824 3
4825 11
4826 13
4827 31
4828 3
4829 13
4830 5
4831 12
4832 34
4833 30
4834 8
4835 2
4836 5
4837 4
4838 3
4839 1
4840 13
4841 34
4842 4
4843 3
4844 5
4845 8
4846 8
4847 6
4848 13
4849 1
4850 5
4851 23
4852 34
4853 5
4854 3
4855 8
4856 31
4857 23
4858 31
4859 6
4860 30
4861 1
4862 1
4863 23
4864 34
4865 13
4866 23
4867 8
4868 1
4869 5
4870 30
4871 13
4872 31
4873 5
4874 8
4875 31
4876 31
4877 1
4878 34
4879 1
4880 1
4881 31
4882 6
4883 31
4884 34
4885 1
4886 8
4887 8
4888 1
4889 34
4890 5
4891 31
4892 13
4893 34
4894 30
4895 13
4896 31
4897 30
4898 5
4899 5
4900 23
4901 5
4902 8
4903 23
4904 13
4905 23
4906 1
4907 5
4908 8
4909 1
4910 31
4911 8
4912 13
4913 23
4914 5
4915 13
4916 8
4917 31
4918 8
4919 1
4920 13
4921 31
4922 31
4923 13
4924 23
4925 13
4926 13
4927 31
4928 13
4929 5
4930 13
4931 23
4932 23
4933 8
4934 8
4935 5
4936 8
4937 5
4938 23
4939 31
4940 13
4941 13
4942 13
4943 13
4944 31
4945 23
4946 23
4947 31
4948 5
4949 5
4950 23
4951 23
4952 5
4953 23
4954 31
4955 8
4956 5
4957 5
4958 5
4959 8
4960 31
4961 31
4962 23
4963 31
4964 13
4965 5
4966 5
4967 31
4968 5
4969 8
4970 5
4971 23
4972 23
4973 13
4974 5
4975 5
4976 8
4977 8
4978 23
4979 23
4980 8
4981 23
4982 23
4983 23
4984 8
4985 23
4986 8
4987 23
4988 8
4989 8
4990 8
4991 23
4992 23
4993 23
4994 23
4995 23
4996 23
4997 8
4998 23
4999 23
5000 23
