0 0
1 1
2 0
3 1
4 2
5 1
6 2
7 3
8 0
9 5
10 4
11 3
12 2
13 8
14 5
15 5
16 8
17 5
18 7
19 3
20 8
21 9
22 1
23 2
24 10
25 3
26 3
27 10
28 9
29 0
30 4
31 10
32 4
33 5
34 1
35 10
36 10
37 9
38 10
39 2
40 1
41 5
42 3
43 4
44 10
45 9
46 5
47 9
48 9
49 1
50 9
51 1
52 7
53 2
54 3
55 8
56 10
57 9
58 3
59 5
60 0
61 4
62 5
63 8
64 4
65 2
66 10
67 9
68 3
69 2
70 2
71 2
72 1
73 5
74 9
75 8
76 2
77 0
78 1
79 8
80 5
81 10
82 4
83 9
84 0
85 8
86 2
87 5
88 8
89 5
90 5
91 3
92 10
93 4
94 10
95 0
96 2
97 10
98 1
99 3
100 1
101 8
102 3
103 3
104 10
105 5
106 8
107 1
108 1
109 7
110 10
111 1
112 5
113 4
114 8
115 5
116 5
117 4
118 5
119 2
120 9
121 5
122 3
123 5
124 5
125 8
126 9
127 4
128 3
129 5
130 10
131 1
132 3
133 1
134 8
135 10
136 8
137 7
138 4
139 1
140 5
141 3
142 2
143 3
144 2
145 3
146 4
147 9
148 1
149 9
150 5
151 5
152 2
153 3
154 10
155 8
156 2
157 0
158 2
159 2
160 7
161 8
162 0
163 7
164 10
165 7
166 8
167 3
168 3
169 1
170 3
171 0
172 2
173 1
174 7
175 7
176 8
177 9
178 5
179 2
180 1
181 5
182 1
183 5
184 2
185 8
186 4
187 1
188 9
189 5
190 5
191 2
192 10
193 10
194 6
195 0
196 10
197 4
198 9
199 2
200 0
201 0
202 10
203 2
204 0
205 10
206 8
207 4
208 0
209 3
210 7
211 8
212 5
213 0
214 9
215 8
216 2
217 2
218 8
219 1
220 1
221 8
222 4
223 4
224 9
225 4
226 3
227 9
228 3
229 10
230 10
231 5
232 1
233 0
234 10
235 8
236 3
237 5
238 10
239 2
240 8
241 1
242 8
243 10
244 9
245 4
246 2
247 1
248 4
249 10
250 9
251 10
252 1
253 1
254 1
255 8
256 9
257 2
258 8
259 5
260 1
261 2
262 1
263 5
264 8
265 7
266 3
267 5
268 3
269 3
270 5
271 10
272 3
273 2
274 3
275 10
276 1
277 5
278 5
279 1
280 1
281 8
282 0
283 9
284 10
285 1
286 9
287 2
288 1
289 3
290 1
291 2
292 5
293 2
294 2
295 5
296 10
297 9
298 2
299 5
300 0
301 5
302 4
303 10
304 8
305 4
306 10
307 2
308 4
309 5
310 2
311 4
312 3
313 5
314 5
315 2
316 3
317 5
318 3
319 2
320 7
321 2
322 1
323 10
324 8
325 8
326 8
327 1
328 0
329 8
330 10
331 10
332 1
333 1
334 10
335 10
336 2
337 5
338 4
339 0
340 10
341 1
342 3
343 1
344 0
345 8
346 8
347 10
348 5
349 3
350 9
351 3
352 5
353 0
354 5
355 1
356 10
357 2
358 8
359 9
360 9
361 7
362 1
363 4
364 10
365 10
366 10
367 2
368 10
369 8
370 10
371 5
372 0
373 1
374 3
375 8
376 8
377 9
378 10
379 7
380 10
381 4
382 0
383 4
384 8
385 5
386 10
387 4
388 9
389 7
390 2
391 10
392 0
393 3
394 8
395 10
396 5
397 4
398 3
399 10
400 1
401 3
402 8
403 3
404 4
405 9
406 10
407 2
408 8
409 2
410 10
411 0
412 9
413 10
414 3
415 4
416 4
417 10
418 9
419 9
420 4
421 10
422 1
423 0
424 0
425 9
426 9
427 2
428 2
429 10
430 8
431 0
432 2
433 2
434 1
435 4
436 8
437 7
438 0
439 10
440 1
441 1
442 1
443 5
444 1
445 8
446 10
447 10
448 10
449 10
450 1
451 3
452 7
453 4
454 9
455 8
456 2
457 2
458 2
459 5
460 8
461 0
462 0
463 5
464 0
465 10
466 4
467 8
468 1
469 1
470 5
471 8
472 5
473 8
474 7
475 3
476 9
477 1
478 5
479 2
480 4
481 1
482 4
483 5
484 0
485 9
486 5
487 8
488 3
489 0
490 0
491 8
492 5
493 3
494 10
495 10
496 8
497 4
498 9
499 5
500 0
501 3
502 10
503 1
504 1
505 2
506 4
507 5
508 0
509 9
510 1
511 0
512 9
513 9
