1,24
2,14
3,22
4,2
5,8
6,7
7,20
8,25
9,9
10,20
11,3
12,7
13,13
14,3
15,22
16,11
17,23
18,3
19,7
20,10
21,1
22,12
23,10
24,14
25,14
26,11
27,17
28,1
29,20
30,18
31,13
32,26
33,1
34,21
35,21
36,6
37,19
38,9
39,15
40,1
41,22
42,8
43,18
44,5
45,5
46,12
47,25
48,3
49,3
50,3
51,21
52,5
53,19
54,17
55,19
56,4
57,10
58,19
59,9
60,21
61,15
62,25
63,8
64,1
65,2
66,11
67,2
68,25
69,25
70,14
71,8
72,15
73,11
74,17
75,2
76,18
77,22
78,5
79,1
80,13
81,12
82,10
83,22
84,20
85,17
86,10
87,16
88,7
89,4
90,1
91,17
92,20
93,9
94,12
95,2
96,10
97,14
98,20
99,10
100,24
101,11
102,3
103,7
104,24
105,24
106,24
107,11
108,3
109,12
110,26
111,13
112,12
113,21
114,22
115,17
116,21
117,25
118,9
119,13
120,7
121,20
122,24
123,17
124,5
125,8
126,22
127,17
128,5
129,5
130,22
131,9
132,8
133,9
134,1
135,26
136,13
137,13
138,22
139,11
140,3
141,6
142,6
143,12
144,21
145,20
146,13
147,4
148,12
149,11
150,18
151,15
152,22
153,2
154,1
155,8
156,20
157,2
158,26
159,4
160,20
161,3
162,14
163,13
164,3
165,21
166,5
167,20
168,6
169,26
170,25
171,15
172,4
173,26
174,12
175,16
176,19
177,24
178,20
179,4
180,3
181,12
182,26
183,22
184,25
185,12
186,22
187,23
188,1
189,13
190,1
191,20
192,21
193,18
194,25
195,7
196,25
197,7
198,2
199,21
200,3
201,22
202,7
203,25
204,1
205,11
206,12
207,15
208,19
209,4
210,17
211,2
212,12
213,21
214,18
215,6
216,11
217,10
218,22
219,11
220,23
221,7
222,14
223,25
224,14
225,20
226,7
227,24
228,25
229,7
230,21
231,19
232,18
233,23
234,23
235,26
236,22
237,20
238,22
239,22
240,18
241,8
242,9
243,21
244,19
245,17
246,22
247,16
248,26
249,24
250,12
251,1
252,15
253,25
254,19
255,18
256,21
257,12
258,22
259,17
260,1
261,5
262,8
263,8
264,21
265,18
266,25
267,14
268,22
269,5
270,8
271,23
272,15
273,18
274,2
275,13
276,17
277,6
278,24
279,1
280,25
281,16
282,10
283,1
284,8
285,3
286,24
287,26
288,12
289,1
290,7
291,14
292,10
293,22
294,20
295,8
296,12
297,8
298,2
299,6
300,14
301,15
302,3
303,20
304,1
305,14
306,23
307,22
308,5
309,25
310,3
311,14
312,22
313,8
314,1
315,8
316,8
317,16
318,11
319,4
320,11
321,22
322,17
323,19
324,6
325,12
326,3
327,3
328,18
329,1
330,12
331,4
332,17
333,21
334,1
335,18
336,11
337,16
338,11
339,3
340,11
341,11
342,12
343,9
344,13
345,3
346,10
347,15
348,1
349,21
350,21
351,25
352,4
353,8
354,9
355,17
356,18
357,26
358,12
359,20
360,11
361,10
362,26
363,6
364,8
365,13
366,21
367,11
368,8
369,3
370,14
371,4
372,3
373,8
374,1
375,7
376,25
377,20
378,12
379,17
380,11
381,15
382,20
383,1
384,9
385,18
386,19
387,21
388,11
389,26
390,4
391,8
392,23
393,22
394,21
395,17
396,13
397,23
398,16
399,4
400,4
401,3
402,22
403,12
404,26
405,16
406,14
407,12
408,9
409,1
410,21
411,14
412,7
413,3
414,1
415,1
416,26
417,25
418,18
419,3
420,11
421,22
422,8
423,6
424,1
425,11
426,22
427,3
428,21
429,3
430,14
431,22
432,25
433,22
434,11
435,26
436,11
437,22
438,26
439,1
440,10
441,12
442,3
443,17
444,20
445,8
446,8
447,20
448,1
449,17
450,11
451,10
452,26
453,23
454,16
455,22
456,14
457,3
458,16
459,23
460,12
461,26
462,21
463,17
464,1
465,9
466,22
467,22
468,14
469,6
470,16
471,11
472,25
473,7
474,22
475,23
476,22
477,14
478,9
479,8
480,19
481,12
482,18
483,16
484,22
485,16
486,9
487,26
488,8
489,8
490,13
491,14
492,22
493,17
494,8
495,1
496,12
497,25
498,4
499,1
500,25
501,4
502,9
503,11
504,14
505,23
506,7
507,19
508,12
509,20
510,3
511,21
512,14
513,22
514,6
515,7
516,10
517,14
518,22
519,8
520,17
521,23
522,22
523,8
524,22
525,1
526,13
527,26
528,17
529,26
530,1
531,11
532,14
533,26
534,8
535,13
536,19
537,21
538,21
539,1
540,6
541,10
542,10
543,12
544,11
545,26
546,10
547,25
548,25
549,1
550,12
551,13
552,12
553,10
554,4
555,12
556,25
557,23
558,17
559,7
560,16
561,17
562,1
563,16
564,21
565,16
566,12
567,10
568,1
569,11
570,3
571,12
572,12
573,17
574,12
575,11
576,11
577,11
578,1
579,8
580,26
581,16
582,1
583,21
584,12
585,22
586,3
587,11
588,18
589,11
590,6
591,13
592,6
593,23
594,1
595,12
596,13
597,16
598,18
599,12
600,3
601,25
602,13
603,22
604,17
605,12
606,17
607,1
608,12
609,12
610,16
611,21
612,9
613,13
614,1
615,1
616,1
617,21
618,8
619,11
620,8
621,1
622,22
623,16
624,11
625,25
626,17
627,25
628,11
629,23
630,7
631,11
632,13
633,4
634,4
635,12
636,11
637,22
638,6
639,26
640,22
641,9
642,11
643,25
644,7
645,8
646,7
647,26
648,25
649,12
650,14
651,21
652,14
653,12
654,1
655,22
656,14
657,7
658,1
659,25
660,11
661,25
662,3
663,25
664,22
665,22
666,23
667,22
668,12
669,25
670,7
671,3
672,16
673,7
674,1
675,10
676,14
677,7
678,25
679,25
680,14
681,6
682,7
683,6
684,20
685,3
686,25
687,11
688,7
689,9
690,25
691,25
692,11
693,12
694,22
695,10
696,10
697,4
698,25
699,1
700,16
701,10
702,10
703,13
704,25
705,10
706,8
707,7
708,10
709,25
710,1
711,1
712,10
713,1
714,14
715,8
716,26
717,25
718,10
719,3
720,20
721,10
722,22
723,25
724,13
725,26
726,3
727,22
728,18
729,3
730,11
731,10
732,16
733,14
734,26
735,25
736,11
737,4
738,12
739,8
740,16
741,20
742,7
743,3
744,12
745,26
746,12
747,9
748,1
749,7
750,12
751,14
752,25
753,16
754,11
755,3
756,25
757,25
758,16
759,7
760,1
761,13
762,3
763,1
764,26
765,8
766,25
767,4
768,25
769,26
770,9
771,4
772,8
773,1
774,22
775,20
776,12
777,1
778,22
779,20
780,7
781,25
782,7
783,16
784,12
785,25
786,12
787,14
788,17
789,25
790,8
791,3
792,25
793,11
794,14
795,8
796,12
797,14
798,7
799,14
800,3
801,14
802,3
803,22
804,20
805,10
806,12
807,12
808,21
809,20
810,20
811,11
812,22
813,4
814,1
815,12
816,21
817,1
818,3
819,8
820,25
821,14
822,16
823,17
824,12
825,11
826,3
827,10
828,22
829,1
830,8
831,26
832,22
833,1
834,3
835,3
836,21
837,3
838,26
839,20
840,25
841,12
842,11
843,10
844,26
845,17
846,11
847,22
848,22
849,17
850,1
851,21
852,21
853,14
854,16
855,20
856,21
857,13
858,10
859,16
860,14
861,7
862,21
863,16
864,3
865,11
866,17
867,7
868,11
869,13
870,25
871,26
872,14
873,3
874,16
875,12
876,14
877,7
878,3
879,13
880,13
881,26
882,1
883,7
884,14
885,7
886,21
887,26
888,1
889,20
890,10
891,21
892,10
893,16
894,22
895,22
896,7
897,14
898,3
899,1
900,7
901,14
902,1
903,12
904,1
905,25
906,10
907,22
908,20
909,1
910,7
911,8
912,7
913,14
914,22
915,14
916,14
917,21
918,25
919,25
920,7
921,8
922,8
923,20
924,8
925,11
926,10
927,12
928,8
929,22
930,10
931,17
932,1
933,8
934,11
935,20
936,21
937,17
938,17
939,8
940,25
941,8
942,1
943,11
944,3
945,26
946,12
947,25
948,26
949,26
950,26
951,3
952,25
953,22
954,3
955,8
956,22
957,26
958,25
959,1
960,14
961,1
962,22
963,25
964,12
965,11
966,8
967,8
968,14
969,22
970,11
971,26
972,1
973,12
974,8
975,26
976,22
977,26
978,25
979,7
980,14
981,7
982,7
983,14
984,12
985,22
986,1
987,11
988,1
989,14
990,12
991,25
992,3
993,25
994,8
995,12
996,22
997,14
998,3
999,12
1000,3
