1,2
2,11
3,50
4,41
5,44
6,45
7,28
8,14
9,48
10,31
11,30
12,21
13,23
14,2
15,21
16,2
17,50
18,46
19,7
20,29
21,15
22,14
23,32
24,6
25,23
26,29
27,36
28,44
29,45
30,12
31,16
32,24
33,15
34,10
35,28
36,15
37,14
38,25
39,37
40,49
41,26
42,39
43,32
44,17
45,19
46,3
47,10
48,20
49,9
50,44
51,23
52,43
53,50
54,46
55,28
56,9
57,6
58,44
59,43
60,8
61,28
62,14
63,12
64,36
65,1
66,23
67,40
68,50
69,37
70,1
71,25
72,1
73,14
74,14
75,8
76,23
77,7
78,14
79,7
80,32
81,8
82,11
83,13
84,25
85,6
86,1
87,3
88,47
89,41
90,21
91,36
92,25
93,44
94,32
95,45
96,1
97,30
98,27
99,14
100,45
101,9
102,10
103,33
104,9
105,7
106,14
107,36
108,25
109,14
110,44
111,16
112,44
113,23
114,3
115,30
116,39
117,22
118,34
119,17
120,25
121,22
122,22
123,7
124,7
125,25
126,30
127,13
128,41
129,15
130,36
131,16
132,8
133,23
134,34
135,28
136,9
137,8
138,42
139,20
140,2
141,38
142,2
143,11
144,2
145,47
146,21
147,12
148,38
149,40
150,35
151,5
152,28
153,6
154,1
155,32
156,7
157,36
158,7
159,10
160,51
161,32
162,14
163,30
164,27
165,40
166,46
167,22
168,7
169,38
170,29
171,34
172,23
173,13
174,17
175,25
176,20
177,39
178,45
179,9
180,25
181,22
182,1
183,35
184,9
185,35
186,32
187,45
188,3
189,7
190,19
191,1
192,7
193,44
194,48
195,2
196,24
197,37
198,11
199,29
200,1
201,32
202,3
203,36
204,46
205,27
206,29
207,14
208,28
209,17
210,7
211,20
212,49
213,25
214,12
215,33
216,50
217,13
218,27
219,25
220,50
221,3
222,32
223,47
224,15
225,23
226,20
227,6
228,7
229,45
230,44
231,9
232,45
233,21
234,23
235,32
236,14
237,4
238,40
239,17
240,14
241,6
242,49
243,43
244,28
245,42
246,26
247,7
248,15
249,42
250,3
251,23
252,14
253,34
254,4
255,1
256,33
257,23
258,13
259,41
260,27
261,16
262,39
263,23
264,10
265,11
266,30
267,36
268,11
269,7
270,14
271,14
272,44
273,1
274,35
275,10
276,43
277,4
278,29
279,21
280,30
281,9
282,26
283,37
284,24
285,50
286,3
287,30
288,9
289,41
290,32
291,28
292,9
293,25
294,38
295,9
296,27
297,23
298,41
299,49
300,18
301,9
302,33
303,32
304,12
305,8
306,13
307,26
308,29
309,38
310,18
311,22
312,21
313,5
314,35
315,10
316,44
317,29
318,2
319,9
320,1
321,17
322,25
323,14
324,23
325,5
326,14
327,10
328,35
329,12
330,30
331,8
332,51
333,25
334,21
335,1
336,14
337,21
338,32
339,12
340,38
341,7
342,40
343,28
344,42
345,11
346,1
347,32
348,21
349,10
350,31
351,7
352,25
353,12
354,37
355,5
356,28
357,8
358,11
359,20
360,21
361,18
362,32
363,49
364,10
365,20
366,38
367,36
368,19
369,16
370,1
371,12
372,4
373,2
374,47
375,7
376,1
377,28
378,44
379,14
380,7
381,44
382,9
383,23
384,11
385,48
386,34
387,24
388,20
389,22
390,20
391,50
392,4
393,17
394,17
395,15
396,31
397,42
398,22
399,50
400,31
401,47
402,19
403,12
404,28
405,7
406,13
407,26
408,22
409,12
410,27
411,11
412,23
413,25
414,24
415,44
416,23
417,1
418,10
419,13
420,11
421,22
422,1
423,31
424,42
425,10
426,47
427,28
428,22
429,15
430,10
431,18
432,20
433,30
434,13
435,4
436,46
437,22
438,44
439,45
440,22
441,23
442,12
443,15
444,32
445,1
446,11
447,5
448,43
449,35
450,25
451,23
452,33
453,23
454,12
455,9
456,32
457,44
458,6
459,32
460,30
461,31
462,38
463,2
464,41
465,25
466,10
467,9
468,14
469,12
470,42
471,22
472,2
473,31
474,24
475,32
476,42
477,23
478,26
479,26
480,31
481,6
482,14
483,2
484,13
485,10
486,18
487,26
488,31
489,18
490,48
491,45
492,17
493,8
494,25
495,26
496,21
497,41
498,21
499,50
500,3
501,17
502,22
503,9
504,30
505,8
506,48
507,44
508,42
509,28
510,17
511,43
512,23
513,21
514,47
515,29
516,48
517,12
518,17
519,11
520,12
521,38
522,45
523,30
524,8
525,12
526,20
527,7
528,17
529,25
530,25
531,14
532,48
533,23
534,50
535,49
536,1
537,17
538,43
539,31
540,51
541,37
542,44
543,35
544,28
545,32
546,36
547,34
548,25
549,40
550,5
551,5
552,14
553,14
554,14
555,39
556,47
557,45
558,18
559,32
560,17
561,50
562,33
563,36
564,1
565,51
566,42
567,29
568,44
569,14
570,1
571,36
572,37
573,8
574,23
575,28
576,9
577,14
578,47
579,32
580,39
581,4
582,14
583,51
584,35
585,21
586,6
587,15
588,8
589,32
590,32
591,43
592,8
593,33
594,24
595,25
596,51
597,40
598,47
599,28
600,15
601,4
602,45
603,32
604,49
605,46
606,48
607,4
608,47
609,12
610,2
611,30
612,27
613,37
614,45
615,6
616,10
617,25
618,7
619,10
620,46
621,28
622,44
623,39
624,27
625,4
626,1
627,30
628,49
629,29
630,6
631,9
632,16
633,28
634,37
635,28
636,4
637,43
638,9
639,32
640,3
641,33
642,28
643,36
644,8
645,13
646,30
647,34
648,45
649,51
650,46
651,22
652,44
653,43
654,51
655,9
656,17
657,21
658,35
659,21
660,14
661,25
662,12
663,23
664,46
665,1
666,24
667,25
668,15
669,28
670,41
671,24
672,5
673,9
674,7
675,5
676,2
677,32
678,30
679,8
680,14
681,45
682,17
683,12
684,51
685,34
686,50
687,39
688,36
689,39
690,25
691,23
692,34
693,51
694,1
695,40
696,10
697,6
698,8
699,44
700,44
701,4
702,16
703,36
704,7
705,7
706,4
707,42
708,27
709,28
710,8
711,36
712,36
713,18
714,47
715,36
716,11
717,48
718,40
719,14
720,3
721,32
722,4
723,23
724,28
725,9
726,16
727,36
728,44
729,8
730,14
731,7
732,28
733,32
734,4
735,12
736,32
737,18
738,25
739,46
740,25
741,32
742,34
743,33
744,45
745,7
746,32
747,31
748,19
749,31
750,28
751,6
752,27
753,8
754,19
755,32
756,25
757,44
758,7
759,41
760,8
761,6
762,37
763,9
764,17
765,20
766,37
767,45
768,23
769,1
770,36
771,2
772,42
773,9
774,25
775,50
776,16
777,41
778,30
779,14
780,5
781,42
782,40
783,28
784,21
785,41
786,41
787,50
788,12
789,46
790,32
791,5
792,1
793,24
794,2
795,32
796,20
797,11
798,50
799,35
800,10
801,12
802,22
803,11
804,36
805,4
806,3
807,33
808,1
809,45
810,23
811,39
812,32
813,9
814,22
815,49
816,14
817,17
818,14
819,6
820,23
821,23
822,3
823,3
824,16
825,11
826,16
827,31
828,48
829,50
830,20
831,24
832,4
833,28
834,23
835,8
836,36
837,22
838,18
839,9
840,14
841,17
842,23
843,3
844,28
845,32
846,49
847,30
848,17
849,16
850,8
851,26
852,28
853,4
854,45
855,17
856,28
857,44
858,7
859,30
860,10
861,44
862,28
863,21
864,26
865,18
866,45
867,27
868,2
869,25
870,14
871,9
872,3
873,19
874,10
875,50
876,34
877,4
878,37
879,7
880,38
881,6
882,23
883,19
884,17
885,20
886,45
887,6
888,8
889,18
890,8
891,2
892,4
893,35
894,6
895,34
896,2
897,28
898,33
899,18
900,10
901,36
902,6
903,14
904,31
905,2
906,47
907,28
908,17
909,23
910,49
911,15
912,45
913,49
914,27
915,45
916,28
917,21
918,3
919,44
920,47
921,34
922,49
923,17
924,19
925,33
926,41
927,14
928,25
929,50
930,4
931,12
932,9
933,34
934,12
935,24
936,35
937,27
938,16
939,32
940,14
941,40
942,6
943,6
944,25
945,10
946,51
947,34
948,25
949,37
950,39
951,4
952,28
953,8
954,23
955,47
956,8
957,32
958,24
959,3
960,19
961,20
962,32
963,26
964,17
965,50
966,21
967,50
968,34
969,7
970,11
971,12
972,30
973,23
974,15
975,2
976,16
977,50
978,23
979,10
980,8
981,28
982,12
983,27
984,12
985,12
986,44
987,7
988,27
989,35
990,44
991,9
992,25
993,50
994,28
995,36
996,4
997,10
998,22
999,36
1000,8
1001,7
1002,36
1003,17
1004,11
1005,25
1006,33
1007,4
1008,25
1009,15
1010,29
1011,26
1012,41
1013,4
1014,14
1015,49
1016,41
1017,49
1018,9
1019,23
1020,42
1021,12
1022,39
1023,22
1024,21
1025,12
1026,37
1027,28
1028,35
1029,44
1030,14
1031,21
1032,50
1033,12
1034,19
1035,28
1036,20
1037,7
1038,45
1039,39
1040,3
1041,42
1042,22
1043,21
1044,12
1045,30
1046,7
1047,35
1048,16
1049,36
1050,51
1051,32
1052,25
1053,20
1054,50
1055,8
1056,32
1057,20
1058,42
1059,29
1060,17
1061,19
1062,8
1063,11
1064,7
1065,40
1066,31
1067,31
1068,29
1069,7
1070,8
1071,36
1072,8
1073,17
1074,15
1075,8
1076,36
1077,3
1078,32
1079,8
1080,28
1081,35
1082,14
1083,20
1084,1
1085,34
1086,49
1087,7
1088,27
1089,51
1090,33
1091,44
1092,22
1093,28
1094,1
1095,12
1096,21
1097,25
1098,1
1099,35
1100,51
1101,7
1102,28
1103,7
1104,30
1105,3
1106,36
1107,22
1108,9
1109,25
1110,37
1111,25
1112,40
1113,40
1114,12
1115,4
1116,11
1117,27
1118,23
1119,26
1120,4
1121,29
1122,23
1123,12
1124,21
1125,23
1126,35
1127,9
1128,36
1129,25
1130,30
1131,28
1132,24
1133,28
1134,2
1135,49
1136,15
1137,45
1138,28
1139,9
1140,9
1141,2
1142,17
1143,23
1144,44
1145,8
1146,30
1147,16
1148,24
1149,10
1150,25
1151,14
1152,4
1153,7
1154,7
1155,14
1156,20
1157,25
1158,20
1159,44
1160,14
1161,32
1162,25
1163,11
1164,44
1165,24
1166,32
1167,51
1168,7
1169,50
1170,14
1171,7
1172,28
1173,26
1174,25
1175,15
1176,25
1177,16
1178,37
1179,26
1180,27
1181,28
1182,12
1183,17
1184,25
1185,22
1186,1
1187,44
1188,45
1189,14
1190,9
1191,23
1192,23
1193,18
1194,25
1195,19
1196,1
1197,7
1198,32
1199,9
1200,30
1201,25
1202,14
1203,11
1204,1
1205,34
1206,44
1207,32
1208,18
1209,23
1210,25
1211,45
1212,26
1213,39
1214,7
1215,4
1216,18
1217,40
1218,28
1219,23
1220,20
1221,20
1222,44
1223,19
1224,47
1225,32
1226,9
1227,19
1228,26
1229,35
1230,51
1231,30
1232,3
1233,3
1234,25
1235,47
1236,32
1237,34
1238,12
1239,25
1240,35
1241,39
1242,6
1243,34
1244,44
1245,21
1246,25
1247,20
1248,9
1249,7
1250,4
1251,19
1252,19
1253,44
1254,44
1255,28
1256,32
1257,3
1258,25
1259,6
1260,12
1261,22
1262,15
1263,31
1264,25
1265,41
1266,28
1267,29
1268,25
1269,45
1270,25
1271,6
1272,7
1273,12
1274,50
1275,45
1276,7
1277,34
1278,33
1279,4
1280,23
1281,1
1282,30
1283,49
1284,34
1285,21
1286,9
1287,28
1288,10
1289,50
1290,20
1291,12
1292,37
1293,4
1294,30
1295,2
1296,7
1297,16
1298,9
1299,8
1300,25
1301,23
1302,21
1303,40
1304,9
1305,50
1306,50
1307,1
1308,22
1309,37
1310,6
1311,27
1312,44
1313,35
1314,8
1315,34
1316,32
1317,7
1318,30
1319,34
1320,47
1321,11
1322,42
1323,36
1324,18
1325,2
1326,31
1327,14
1328,28
1329,37
1330,45
1331,50
1332,1
1333,17
1334,28
1335,17
1336,32
1337,45
1338,15
1339,36
1340,34
1341,10
1342,7
1343,32
1344,19
1345,28
1346,17
1347,3
1348,25
1349,1
1350,17
1351,35
1352,31
1353,3
1354,11
1355,30
1356,15
1357,16
1358,28
1359,25
1360,34
1361,9
1362,39
1363,45
1364,25
1365,14
1366,45
1367,14
1368,22
1369,25
1370,6
1371,36
1372,29
1373,47
1374,12
1375,16
1376,30
1377,3
1378,9
1379,22
1380,28
1381,22
1382,14
1383,21
1384,45
1385,7
1386,45
1387,10
1388,44
1389,14
1390,12
1391,11
1392,41
1393,8
1394,47
1395,32
1396,9
1397,8
1398,22
1399,11
1400,1
1401,1
1402,32
1403,4
1404,42
1405,7
1406,8
1407,22
1408,23
1409,11
1410,9
1411,22
1412,23
1413,11
1414,35
1415,32
1416,14
1417,26
1418,8
1419,9
1420,8
1421,37
1422,8
1423,10
1424,11
1425,20
1426,45
1427,17
1428,22
1429,45
1430,30
1431,6
1432,29
1433,10
1434,9
1435,47
1436,44
1437,14
1438,42
1439,32
1440,1
1441,16
1442,12
1443,50
1444,10
1445,1
1446,7
1447,51
1448,9
1449,30
1450,35
1451,12
1452,28
1453,1
1454,1
1455,8
1456,15
1457,23
1458,32
1459,1
1460,28
1461,26
1462,30
1463,9
1464,49
1465,6
1466,31
1467,8
1468,37
1469,14
1470,4
1471,3
1472,42
1473,9
1474,28
1475,22
1476,12
1477,6
1478,30
1479,37
1480,23
1481,23
1482,17
1483,31
1484,4
1485,20
1486,36
1487,7
1488,17
1489,36
1490,4
1491,9
1492,44
1493,37
1494,29
1495,26
1496,42
1497,17
1498,6
1499,32
1500,12
1501,44
1502,9
1503,9
1504,25
1505,3
1506,44
1507,51
1508,45
1509,8
1510,4
1511,2
1512,17
1513,20
1514,30
1515,30
1516,16
1517,23
1518,44
1519,17
1520,27
1521,30
1522,44
1523,21
1524,14
1525,6
1526,12
1527,22
1528,32
1529,51
1530,32
1531,1
1532,23
1533,12
1534,27
1535,22
1536,1
1537,17
1538,36
1539,32
1540,10
1541,1
1542,36
1543,36
1544,17
1545,32
1546,23
1547,50
1548,14
1549,28
1550,27
1551,12
1552,36
1553,28
1554,14
1555,10
1556,12
1557,7
1558,20
1559,23
1560,15
1561,37
1562,29
1563,50
1564,50
1565,44
1566,28
1567,22
1568,14
1569,9
1570,32
1571,32
1572,44
1573,28
1574,9
1575,45
1576,36
1577,26
1578,50
1579,14
1580,9
1581,32
1582,11
1583,42
1584,11
1585,11
1586,47
1587,20
1588,47
1589,23
1590,23
1591,27
1592,50
1593,7
1594,11
1595,14
1596,47
1597,2
1598,29
1599,1
1600,23
1601,25
1602,4
1603,36
1604,6
1605,23
1606,23
1607,20
1608,23
1609,8
1610,35
1611,28
1612,30
1613,2
1614,21
1615,11
1616,26
1617,20
1618,30
1619,15
1620,30
1621,29
1622,45
1623,22
1624,23
1625,31
1626,32
1627,6
1628,14
1629,32
1630,7
1631,25
1632,20
1633,9
1634,12
1635,22
1636,9
1637,1
1638,44
1639,7
1640,1
1641,36
1642,31
1643,25
1644,6
1645,1
1646,25
1647,14
1648,8
1649,36
1650,29
1651,9
1652,32
1653,25
1654,11
1655,17
1656,14
1657,15
1658,9
1659,4
1660,21
1661,34
1662,1
1663,30
1664,29
1665,25
1666,25
1667,7
1668,8
1669,6
1670,50
1671,37
1672,14
1673,36
1674,12
1675,1
1676,23
1677,17
1678,21
1679,28
1680,27
1681,22
1682,10
1683,44
1684,3
1685,3
1686,25
1687,4
1688,44
1689,47
1690,45
1691,7
1692,36
1693,47
1694,27
1695,17
1696,28
1697,35
1698,20
1699,30
1700,17
1701,30
1702,10
1703,4
1704,32
1705,7
1706,17
1707,15
1708,22
1709,28
1710,8
1711,27
1712,32
1713,15
1714,25
1715,25
1716,2
1717,17
1718,20
1719,14
1720,20
1721,30
1722,44
1723,4
1724,14
1725,37
1726,23
1727,8
1728,12
1729,3
1730,8
1731,50
1732,8
1733,44
1734,44
1735,1
1736,6
1737,45
1738,32
1739,35
1740,17
1741,21
1742,20
1743,3
1744,3
1745,23
1746,8
1747,20
1748,7
1749,50
1750,1
1751,4
1752,10
1753,9
1754,23
1755,10
1756,32
1757,6
1758,14
1759,28
1760,32
1761,23
1762,44
1763,50
1764,1
1765,25
1766,6
1767,34
1768,4
1769,36
1770,22
1771,8
1772,3
1773,45
1774,3
1775,50
1776,36
1777,44
1778,7
1779,12
1780,9
1781,28
1782,8
1783,30
1784,8
1785,14
1786,8
1787,44
1788,8
1789,50
1790,1
1791,9
1792,7
1793,7
1794,22
1795,7
1796,25
1797,22
1798,50
1799,23
1800,1
1801,28
1802,32
1803,20
1804,44
1805,3
1806,12
1807,36
1808,25
1809,30
1810,17
1811,12
1812,9
1813,25
1814,28
1815,32
1816,10
1817,11
1818,28
1819,1
1820,4
1821,20
1822,11
1823,10
1824,32
1825,36
1826,50
1827,14
1828,50
1829,11
1830,22
1831,50
1832,28
1833,17
1834,11
1835,20
1836,32
1837,14
1838,45
1839,17
1840,4
1841,9
1842,10
1843,9
1844,23
1845,32
1846,36
1847,20
1848,25
1849,9
1850,25
1851,25
1852,44
1853,36
1854,44
1855,12
1856,10
1857,28
1858,9
1859,50
1860,8
1861,25
1862,17
1863,17
1864,8
1865,20
1866,30
1867,23
1868,45
1869,17
1870,10
1871,50
1872,23
1873,8
1874,50
1875,8
1876,25
1877,23
1878,23
1879,36
1880,17
1881,22
1882,8
1883,23
1884,11
1885,44
1886,20
1887,11
1888,9
1889,1
1890,14
1891,17
1892,6
1893,12
1894,6
1895,23
1896,11
1897,45
1898,14
1899,11
1900,14
1901,32
1902,4
1903,45
1904,1
1905,12
1906,8
1907,9
1908,14
1909,28
1910,25
1911,32
1912,3
1913,9
1914,6
1915,9
1916,44
1917,25
1918,14
1919,4
1920,12
1921,7
1922,23
1923,36
1924,25
1925,28
1926,23
1927,20
1928,14
1929,4
1930,25
1931,23
1932,23
1933,7
1934,11
1935,9
1936,36
1937,7
1938,30
1939,30
1940,14
1941,12
1942,22
1943,1
1944,28
1945,25
1946,17
1947,12
1948,10
1949,44
1950,8
1951,8
1952,25
1953,23
1954,32
1955,7
1956,22
1957,7
1958,11
1959,4
1960,30
1961,23
1962,12
1963,36
1964,22
1965,32
1966,50
1967,12
1968,9
1969,44
1970,4
1971,44
1972,8
1973,50
1974,25
1975,28
1976,25
1977,32
1978,28
1979,44
1980,28
1981,28
1982,32
1983,9
1984,32
1985,50
1986,30
1987,1
1988,7
1989,17
1990,28
1991,12
1992,36
1993,14
1994,32
1995,7
1996,17
1997,12
1998,1
1999,28
2000,30
