1,1
2,46
3,48
4,52
5,38
6,34
7,3
8,1
9,7
10,79
11,98
12,68
13,27
14,85
15,7
16,92
17,39
18,47
19,2
20,10
21,5
22,22
23,8
24,56
25,59
26,32
27,82
28,45
29,50
30,1
31,28
32,98
33,16
34,55
35,70
36,89
37,58
38,11
39,79
40,6
41,98
42,66
43,28
44,4
45,4
46,7
47,12
48,10
49,84
50,54
51,12
52,28
53,45
54,51
55,19
56,74
57,99
58,9
59,15
60,70
61,52
62,65
63,71
64,70
65,5
66,79
67,61
68,47
69,34
70,70
71,95
72,10
73,64
74,10
75,51
76,1
77,41
78,8
79,79
80,60
81,1
82,87
83,82
84,88
85,25
86,75
87,98
88,71
89,16
90,65
91,86
92,68
93,43
94,88
95,46
96,65
97,84
98,51
99,77
100,70
101,18
102,22
103,13
104,100
105,8
106,9
107,45
108,65
109,70
110,38
111,45
112,94
113,47
114,61
115,19
116,61
117,5
118,75
119,38
120,66
121,6
122,69
123,29
124,67
125,96
126,98
127,45
128,61
129,2
130,99
131,69
132,104
133,26
134,13
135,67
136,5
137,95
138,61
139,24
140,61
141,13
142,57
143,88
144,86
145,101
146,29
147,9
148,6
149,64
150,66
151,51
152,17
153,8
154,25
155,66
156,52
157,46
158,71
159,64
160,94
161,27
162,65
163,1
164,83
165,98
166,79
167,55
168,36
169,70
170,45
171,79
172,85
173,79
174,103
175,46
176,45
177,57
178,57
179,99
180,8
181,33
182,13
183,71
184,41
185,70
186,92
187,98
188,46
189,94
190,31
191,94
192,7
193,100
194,22
195,82
196,14
197,96
198,55
199,13
200,61
201,79
202,103
203,71
204,4
205,39
206,55
207,97
208,54
209,30
210,65
211,60
212,29
213,43
214,31
215,101
216,7
217,61
218,87
219,32
220,41
221,56
222,73
223,90
224,8
225,67
226,52
227,85
228,76
229,57
230,96
231,56
232,103
233,11
234,79
235,8
236,10
237,7
238,83
239,86
240,71
241,52
242,100
243,49
244,61
245,22
246,66
247,34
248,4
249,64
250,101
251,3
252,24
253,100
254,78
255,52
256,98
257,34
258,62
259,60
260,8
261,51
262,4
263,45
264,3
265,21
266,14
267,57
268,71
269,55
270,7
271,51
272,41
273,44
274,16
275,27
276,39
277,95
278,13
279,77
280,79
281,20
282,69
283,61
284,10
285,4
286,46
287,49
288,70
289,83
290,10
291,39
292,32
293,39
294,2
295,36
296,94
297,94
298,87
299,5
300,65
301,101
302,93
303,63
304,94
305,86
306,101
307,1
308,10
309,50
310,68
311,14
312,74
313,16
314,37
315,87
316,45
317,83
318,49
319,12
320,11
321,1
322,53
323,12
324,4
325,99
326,15
327,92
328,89
329,34
330,97
331,13
332,72
333,70
334,92
335,100
336,65
337,3
338,17
339,102
340,56
341,35
342,78
343,20
344,57
345,84
346,5
347,59
348,52
349,95
350,16
351,22
352,61
353,74
354,62
355,1
356,38
357,73
358,48
359,83
360,99
361,44
362,67
363,45
364,64
365,63
366,95
367,71
368,50
369,16
370,88
371,56
372,95
373,79
374,11
375,62
376,80
377,18
378,102
379,77
380,6
381,55
382,36
383,63
384,11
385,23
386,46
387,84
388,62
389,86
390,22
391,55
392,37
393,11
394,6
395,87
396,56
397,83
398,5
399,81
400,61
401,58
402,67
403,94
404,45
405,9
406,52
407,70
408,31
409,51
410,54
411,69
412,10
413,31
414,46
415,68
416,79
417,94
418,57
419,90
420,76
421,31
422,67
423,94
424,75
425,5
426,50
427,20
428,70
429,51
430,26
431,75
432,62
433,98
434,7
435,89
436,86
437,56
438,73
439,72
440,32
441,46
442,45
443,101
444,87
445,36
446,11
447,55
448,45
449,5
450,25
451,26
452,11
453,71
454,61
455,81
456,93
457,86
458,68
459,51
460,38
461,15
462,52
463,92
464,86
465,70
466,23
467,1
468,8
469,24
470,78
471,81
472,57
473,68
474,33
475,8
476,84
477,71
478,91
479,18
480,104
481,56
482,99
483,70
484,64
485,98
486,31
487,1
488,55
489,58
490,84
491,84
492,96
493,52
494,13
495,31
496,44
497,10
498,57
499,64
500,83
501,7
502,101
503,3
504,52
505,105
506,61
507,70
508,94
509,15
510,10
511,76
512,11
513,59
514,92
515,21
516,35
517,88
518,46
519,83
520,104
521,95
522,88
523,18
524,2
525,74
526,79
527,105
528,88
529,3
530,14
531,41
532,17
533,92
534,34
535,68
536,50
537,37
538,61
539,66
540,16
541,19
542,23
543,13
544,57
545,68
546,96
547,50
548,103
549,37
550,46
551,15
552,100
553,90
554,42
555,79
556,67
557,91
558,54
559,2
560,96
561,1
562,93
563,94
564,104
565,76
566,65
567,57
568,92
569,56
570,96
571,7
572,7
573,71
574,29
575,57
576,103
577,7
578,66
579,4
580,22
581,63
582,61
583,32
584,101
585,84
586,63
587,65
588,64
589,101
590,42
591,76
592,45
593,98
594,55
595,36
596,94
597,28
598,54
599,46
600,15
601,33
602,8
603,46
604,98
605,80
606,91
607,36
608,15
609,55
610,5
611,44
612,60
613,60
614,98
615,71
616,64
617,6
618,67
619,45
620,41
621,64
622,18
623,61
624,44
625,10
626,79
627,87
628,16
629,39
630,93
631,102
632,46
633,22
634,36
635,20
636,60
637,25
638,90
639,31
640,66
641,7
642,61
643,32
644,4
645,96
646,83
647,71
648,71
649,23
650,77
651,87
652,8
653,12
654,1
655,45
656,20
657,46
658,31
659,46
660,89
661,30
662,86
663,53
664,64
665,46
666,71
667,18
668,14
669,66
670,105
671,36
672,57
673,11
674,10
675,44
676,42
677,30
678,55
679,8
680,57
681,8
682,32
683,65
684,35
685,68
686,52
687,54
688,53
689,71
690,89
691,99
692,45
693,82
694,49
695,50
696,93
697,71
698,22
699,76
700,91
701,56
702,22
703,87
704,82
705,80
706,82
707,3
708,31
709,57
710,85
711,61
712,10
713,79
714,94
715,98
716,81
717,70
718,59
719,32
720,104
721,91
722,10
723,19
724,60
725,29
726,53
727,42
728,44
729,53
730,7
731,64
732,71
733,10
734,33
735,3
736,84
737,100
738,7
739,13
740,3
741,36
742,1
743,11
744,43
745,104
746,49
747,1
748,68
749,27
750,103
751,16
752,45
753,46
754,13
755,6
756,39
757,8
758,86
759,5
760,54
761,83
762,27
763,40
764,98
765,82
766,56
767,52
768,55
769,5
770,88
771,13
772,45
773,67
774,64
775,64
776,64
777,45
778,70
779,40
780,98
781,44
782,42
783,75
784,78
785,66
786,50
787,75
788,14
789,32
790,77
791,7
792,85
793,61
794,24
795,26
796,64
797,96
798,26
799,11
800,42
801,34
802,74
803,46
804,69
805,55
806,62
807,49
808,70
809,71
810,14
811,71
812,84
813,10
814,57
815,10
816,104
817,91
818,83
819,73
820,1
821,79
822,16
823,14
824,89
825,93
826,83
827,1
828,57
829,4
830,93
831,57
832,52
833,57
834,10
835,32
836,26
837,80
838,38
839,66
840,46
841,1
842,10
843,55
844,94
845,79
846,101
847,104
848,89
849,64
850,11
851,53
852,1
853,46
854,55
855,79
856,2
857,57
858,9
859,42
860,64
861,57
862,63
863,73
864,1
865,55
866,87
867,97
868,91
869,65
870,81
871,71
872,70
873,83
874,94
875,24
876,57
877,98
878,57
879,75
880,75
881,101
882,45
883,8
884,105
885,94
886,85
887,32
888,70
889,16
890,96
891,60
892,84
893,94
894,3
895,64
896,86
897,4
898,55
899,67
900,32
901,26
902,30
903,69
904,76
905,101
906,51
907,67
908,8
909,2
910,52
911,46
912,58
913,69
914,88
915,23
916,67
917,92
918,87
919,45
920,103
921,7
922,10
923,30
924,54
925,7
926,44
927,87
928,59
929,57
930,79
931,38
932,27
933,65
934,12
935,93
936,37
937,62
938,104
939,64
940,32
941,14
942,99
943,24
944,101
945,21
946,57
947,79
948,7
949,7
950,77
951,7
952,3
953,37
954,28
955,58
956,21
957,34
958,45
959,1
960,68
961,19
962,82
963,61
964,9
965,44
966,31
967,55
968,5
969,63
970,11
971,31
972,25
973,44
974,64
975,3
976,90
977,101
978,10
979,16
980,46
981,70
982,104
983,104
984,46
985,73
986,104
987,13
988,70
989,75
990,17
991,26
992,70
993,61
994,13
995,37
996,54
997,17
998,95
999,31
1000,88
1001,72
1002,22
1003,62
1004,22
1005,40
1006,22
1007,65
1008,37
1009,45
1010,60
1011,52
1012,86
1013,103
1014,50
1015,45
1016,45
1017,79
1018,95
1019,81
1020,28
1021,57
1022,94
1023,67
1024,71
1025,62
1026,57
1027,11
1028,89
1029,51
1030,46
1031,61
1032,45
1033,7
1034,19
1035,94
1036,5
1037,66
1038,56
1039,90
1040,12
1041,79
1042,44
1043,3
1044,4
1045,30
1046,97
1047,95
1048,51
1049,68
1050,66
1051,26
1052,2
1053,32
1054,105
1055,11
1056,32
1057,80
1058,97
1059,57
1060,86
1061,26
1062,102
1063,67
1064,1
1065,61
1066,35
1067,4
1068,90
1069,103
1070,36
1071,70
1072,48
1073,98
1074,74
1075,20
1076,80
1077,66
1078,54
1079,55
1080,75
1081,45
1082,57
1083,12
1084,22
1085,35
1086,30
1087,73
1088,48
1089,7
1090,57
1091,30
1092,15
1093,7
1094,48
1095,27
1096,99
1097,21
1098,94
1099,59
1100,81
1101,94
1102,29
1103,31
1104,36
1105,24
1106,71
1107,17
1108,55
1109,98
1110,54
1111,27
1112,27
1113,1
1114,57
1115,22
1116,36
1117,101
1118,20
1119,58
1120,81
1121,56
1122,74
1123,70
1124,99
1125,66
1126,83
1127,91
1128,13
1129,17
1130,70
1131,87
1132,70
1133,80
1134,27
1135,47
1136,101
1137,31
1138,47
1139,84
1140,11
1141,32
1142,20
1143,3
1144,79
1145,55
1146,81
1147,9
1148,82
1149,48
1150,99
1151,50
1152,70
1153,20
1154,96
1155,94
1156,71
1157,13
1158,27
1159,46
1160,70
1161,77
1162,65
1163,9
1164,66
1165,31
1166,75
1167,85
1168,94
1169,104
1170,79
1171,55
1172,4
1173,42
1174,102
1175,62
1176,66
1177,44
1178,103
1179,63
1180,45
1181,45
1182,51
1183,31
1184,49
1185,63
1186,21
1187,96
1188,61
1189,95
1190,22
1191,37
1192,92
1193,90
1194,36
1195,83
1196,77
1197,43
1198,42
1199,73
1200,65
1201,9
1202,45
1203,53
1204,53
1205,42
1206,55
1207,90
1208,60
1209,87
1210,29
1211,79
1212,91
1213,5
1214,35
1215,42
1216,71
1217,65
1218,32
1219,52
1220,84
1221,74
1222,83
1223,62
1224,65
1225,55
1226,6
1227,28
1228,103
1229,61
1230,36
1231,46
1232,73
1233,13
1234,79
1235,40
1236,94
1237,51
1238,5
1239,9
1240,40
1241,16
1242,94
1243,11
1244,13
1245,12
1246,22
1247,83
1248,22
1249,60
1250,79
1251,79
1252,22
1253,94
1254,61
1255,21
1256,22
1257,63
1258,45
1259,78
1260,65
1261,25
1262,61
1263,3
1264,72
1265,55
1266,76
1267,71
1268,30
1269,79
1270,104
1271,13
1272,86
1273,26
1274,11
1275,50
1276,47
1277,52
1278,62
1279,45
1280,34
1281,91
1282,84
1283,25
1284,101
1285,55
1286,24
1287,22
1288,1
1289,47
1290,17
1291,8
1292,105
1293,35
1294,57
1295,17
1296,40
1297,57
1298,57
1299,7
1300,94
1301,80
1302,65
1303,40
1304,14
1305,101
1306,12
1307,78
1308,41
1309,10
1310,99
1311,70
1312,84
1313,19
1314,102
1315,65
1316,45
1317,45
1318,44
1319,1
1320,55
1321,48
1322,52
1323,5
1324,86
1325,79
1326,3
1327,62
1328,50
1329,95
1330,10
1331,7
1332,27
1333,47
1334,46
1335,51
1336,46
1337,3
1338,80
1339,94
1340,74
1341,14
1342,3
1343,31
1344,22
1345,70
1346,63
1347,52
1348,92
1349,64
1350,73
1351,3
1352,71
1353,73
1354,91
1355,60
1356,63
1357,70
1358,66
1359,80
1360,13
1361,3
1362,93
1363,69
1364,69
1365,54
1366,78
1367,98
1368,50
1369,16
1370,78
1371,59
1372,71
1373,86
1374,94
1375,31
1376,60
1377,80
1378,62
1379,10
1380,79
1381,61
1382,75
1383,60
1384,6
1385,76
1386,22
1387,46
1388,8
1389,65
1390,38
1391,10
1392,7
1393,44
1394,71
1395,43
1396,72
1397,46
1398,97
1399,70
1400,89
1401,11
1402,45
1403,22
1404,59
1405,65
1406,51
1407,57
1408,33
1409,58
1410,66
1411,72
1412,71
1413,71
1414,1
1415,38
1416,37
1417,104
1418,94
1419,87
1420,76
1421,97
1422,77
1423,52
1424,79
1425,17
1426,42
1427,35
1428,46
1429,32
1430,86
1431,41
1432,45
1433,13
1434,86
1435,94
1436,62
1437,18
1438,66
1439,47
1440,99
1441,22
1442,104
1443,94
1444,54
1445,68
1446,10
1447,90
1448,3
1449,85
1450,37
1451,94
1452,30
1453,2
1454,92
1455,95
1456,79
1457,41
1458,64
1459,81
1460,62
1461,41
1462,105
1463,22
1464,1
1465,39
1466,16
1467,78
1468,80
1469,14
1470,55
1471,2
1472,42
1473,57
1474,57
1475,7
1476,2
1477,27
1478,82
1479,8
1480,65
1481,70
1482,30
1483,98
1484,71
1485,76
1486,31
1487,88
1488,76
1489,20
1490,32
1491,57
1492,67
1493,70
1494,10
1495,97
1496,76
1497,45
1498,45
1499,65
1500,23
1501,21
1502,38
1503,57
1504,84
1505,79
1506,7
1507,60
1508,90
1509,58
1510,72
1511,53
1512,63
1513,79
1514,19
1515,50
1516,77
1517,43
1518,80
1519,103
1520,76
1521,5
1522,74
1523,51
1524,94
1525,3
1526,10
1527,22
1528,13
1529,52
1530,105
1531,10
1532,33
1533,13
1534,99
1535,83
1536,28
1537,84
1538,44
1539,35
1540,52
1541,83
1542,94
1543,34
1544,27
1545,24
1546,54
1547,94
1548,72
1549,4
1550,50
1551,71
1552,94
1553,8
1554,18
1555,95
1556,64
1557,97
1558,61
1559,90
1560,44
1561,70
1562,77
1563,101
1564,8
1565,30
1566,104
1567,95
1568,90
1569,33
1570,32
1571,12
1572,13
1573,28
1574,54
1575,16
1576,71
1577,94
1578,10
1579,8
1580,15
1581,71
1582,62
1583,63
1584,32
1585,12
1586,71
1587,15
1588,43
1589,94
1590,3
1591,26
1592,77
1593,97
1594,55
1595,36
1596,31
1597,52
1598,91
1599,46
1600,72
1601,100
1602,13
1603,55
1604,83
1605,31
1606,14
1607,94
1608,85
1609,45
1610,29
1611,8
1612,94
1613,46
1614,1
1615,84
1616,23
1617,68
1618,77
1619,66
1620,70
1621,52
1622,76
1623,14
1624,84
1625,98
1626,93
1627,98
1628,4
1629,49
1630,10
1631,61
1632,11
1633,94
1634,42
1635,9
1636,23
1637,63
1638,22
1639,51
1640,3
1641,76
1642,66
1643,22
1644,22
1645,5
1646,10
1647,24
1648,11
1649,45
1650,18
1651,105
1652,49
1653,94
1654,31
1655,55
1656,22
1657,70
1658,36
1659,9
1660,88
1661,65
1662,9
1663,28
1664,91
1665,37
1666,75
1667,7
1668,60
1669,13
1670,3
1671,50
1672,103
1673,95
1674,98
1675,94
1676,87
1677,59
1678,19
1679,1
1680,39
1681,16
1682,14
1683,80
1684,98
1685,26
1686,104
1687,2
1688,11
1689,55
1690,23
1691,4
1692,69
1693,93
1694,11
1695,104
1696,46
1697,27
1698,10
1699,76
1700,35
1701,15
1702,85
1703,78
1704,80
1705,12
1706,10
1707,103
1708,64
1709,15
1710,71
1711,1
1712,48
1713,7
1714,79
1715,44
1716,16
1717,50
1718,5
1719,3
1720,10
1721,98
1722,72
1723,78
1724,76
1725,38
1726,8
1727,61
1728,92
1729,62
1730,71
1731,27
1732,7
1733,23
1734,70
1735,77
1736,5
1737,51
1738,104
1739,83
1740,101
1741,84
1742,28
1743,9
1744,7
1745,6
1746,13
1747,86
1748,58
1749,101
1750,17
1751,21
1752,32
1753,82
1754,40
1755,7
1756,58
1757,53
1758,5
1759,4
1760,94
1761,41
1762,27
1763,43
1764,24
1765,10
1766,14
1767,61
1768,65
1769,70
1770,31
1771,98
1772,56
1773,46
1774,10
1775,52
1776,11
1777,25
1778,23
1779,7
1780,80
1781,8
1782,105
1783,83
1784,22
1785,6
1786,64
1787,45
1788,102
1789,84
1790,62
1791,42
1792,54
1793,100
1794,22
1795,55
1796,78
1797,36
1798,102
1799,35
1800,67
1801,70
1802,51
1803,93
1804,3
1805,18
1806,79
1807,1
1808,57
1809,45
1810,42
1811,47
1812,46
1813,94
1814,52
1815,40
1816,104
1817,98
1818,88
1819,98
1820,54
1821,101
1822,1
1823,104
1824,31
1825,32
1826,13
1827,68
1828,27
1829,60
1830,5
1831,46
1832,82
1833,49
1834,39
1835,32
1836,10
1837,60
1838,57
1839,50
1840,16
1841,92
1842,9
1843,79
1844,65
1845,61
1846,105
1847,25
1848,79
1849,44
1850,94
1851,34
1852,36
1853,31
1854,96
1855,99
1856,68
1857,79
1858,62
1859,87
1860,27
1861,37
1862,77
1863,79
1864,32
1865,22
1866,84
1867,15
1868,100
1869,94
1870,67
1871,29
1872,51
1873,58
1874,70
1875,102
1876,8
1877,95
1878,62
1879,101
1880,61
1881,42
1882,61
1883,10
1884,12
1885,30
1886,13
1887,29
1888,21
1889,20
1890,11
1891,56
1892,51
1893,48
1894,4
1895,74
1896,56
1897,71
1898,70
1899,53
1900,52
1901,55
1902,103
1903,53
1904,70
1905,65
1906,72
1907,5
1908,50
1909,5
1910,1
1911,17
1912,27
1913,69
1914,89
1915,48
1916,44
1917,68
1918,91
1919,85
1920,55
1921,52
1922,10
1923,50
1924,103
1925,1
1926,14
1927,52
1928,79
1929,98
1930,73
1931,36
1932,8
1933,14
1934,5
1935,35
1936,14
1937,44
1938,5
1939,49
1940,1
1941,103
1942,80
1943,10
1944,64
1945,32
1946,47
1947,11
1948,86
1949,5
1950,90
1951,5
1952,53
1953,11
1954,52
1955,12
1956,60
1957,10
1958,55
1959,45
1960,21
1961,65
1962,87
1963,57
1964,46
1965,11
1966,102
1967,27
1968,37
1969,55
1970,43
1971,64
1972,71
1973,36
1974,78
1975,34
1976,7
1977,82
1978,7
1979,65
1980,77
1981,22
1982,83
1983,50
1984,104
1985,43
1986,72
1987,11
1988,55
1989,47
1990,2
1991,75
1992,32
1993,5
1994,83
1995,46
1996,60
1997,5
1998,88
1999,89
2000,4
2001,27
2002,100
2003,28
2004,23
2005,24
2006,23
2007,10
2008,13
2009,63
2010,77
2011,40
2012,5
2013,22
2014,67
2015,67
2016,63
2017,68
2018,11
2019,77
2020,97
2021,55
2022,79
2023,76
2024,54
2025,29
2026,10
2027,32
2028,95
2029,66
2030,69
2031,57
2032,27
2033,53
2034,73
2035,62
2036,51
2037,88
2038,85
2039,34
2040,7
2041,79
2042,13
2043,14
2044,15
2045,68
2046,102
2047,31
2048,44
2049,55
2050,41
2051,103
2052,79
2053,56
2054,105
2055,92
2056,14
2057,10
2058,20
2059,46
2060,11
2061,28
2062,46
2063,43
2064,70
2065,100
2066,79
2067,50
2068,102
2069,87
2070,40
2071,63
2072,89
2073,24
2074,69
2075,8
2076,3
2077,1
2078,9
2079,65
2080,31
2081,47
2082,88
2083,11
2084,28
2085,31
2086,1
2087,11
2088,74
2089,71
2090,98
2091,81
2092,87
2093,7
2094,94
2095,81
2096,46
2097,70
2098,33
2099,57
2100,28
2101,55
2102,11
2103,81
2104,40
2105,22
2106,98
2107,24
2108,40
2109,74
2110,39
2111,67
2112,52
2113,57
2114,10
2115,27
2116,69
2117,70
2118,83
2119,89
2120,46
2121,33
2122,14
2123,46
2124,5
2125,7
2126,98
2127,8
2128,98
2129,101
2130,6
2131,87
2132,3
2133,64
2134,9
2135,44
2136,86
2137,50
2138,46
2139,65
2140,76
2141,101
2142,13
2143,75
2144,19
2145,58
2146,32
2147,10
2148,34
2149,10
2150,69
2151,65
2152,52
2153,6
2154,64
2155,24
2156,13
2157,8
2158,84
2159,27
2160,25
2161,93
2162,67
2163,73
2164,29
2165,21
2166,30
2167,48
2168,7
2169,84
2170,6
2171,70
2172,66
2173,12
2174,51
2175,71
2176,45
2177,104
2178,28
2179,65
2180,51
2181,83
2182,17
2183,83
2184,50
2185,25
2186,101
2187,12
2188,7
2189,69
2190,83
2191,39
2192,48
2193,103
2194,50
2195,63
2196,95
2197,10
2198,93
2199,104
2200,70
2201,1
2202,29
2203,103
2204,31
2205,86
2206,67
2207,59
2208,24
2209,100
2210,46
2211,85
2212,13
2213,13
2214,58
2215,98
2216,13
2217,59
2218,23
2219,24
2220,6
2221,57
2222,104
2223,16
2224,36
2225,86
2226,32
2227,11
2228,76
2229,75
2230,77
2231,22
2232,50
2233,90
2234,18
2235,76
2236,98
2237,14
2238,13
2239,62
2240,9
2241,83
2242,76
2243,70
2244,58
2245,79
2246,101
2247,91
2248,25
2249,40
2250,83
2251,90
2252,31
2253,71
2254,59
2255,11
2256,10
2257,71
2258,67
2259,66
2260,86
2261,30
2262,39
2263,93
2264,37
2265,65
2266,9
2267,10
2268,97
2269,87
2270,64
2271,5
2272,7
2273,26
2274,87
2275,5
2276,59
2277,2
2278,91
2279,75
2280,61
2281,66
2282,73
2283,92
2284,31
2285,71
2286,70
2287,84
2288,78
2289,12
2290,18
2291,77
2292,73
2293,69
2294,49
2295,21
2296,13
2297,21
2298,13
2299,43
2300,69
2301,24
2302,101
2303,48
2304,32
2305,93
2306,5
2307,42
2308,70
2309,53
2310,27
2311,78
2312,76
2313,87
2314,79
2315,43
2316,98
2317,24
2318,45
2319,76
2320,56
2321,76
2322,58
2323,27
2324,69
2325,52
2326,57
2327,96
2328,55
2329,8
2330,52
2331,6
2332,97
2333,34
2334,78
2335,70
2336,10
2337,77
2338,90
2339,93
2340,55
2341,69
2342,68
2343,65
2344,36
2345,1
2346,25
2347,55
2348,79
2349,98
2350,68
2351,71
2352,69
2353,9
2354,64
2355,13
2356,79
2357,12
2358,83
2359,76
2360,2
2361,11
2362,76
2363,85
2364,46
2365,80
2366,88
2367,19
2368,43
2369,70
2370,61
2371,67
2372,62
2373,32
2374,13
2375,52
2376,51
2377,19
2378,102
2379,79
2380,59
2381,5
2382,85
2383,31
2384,55
2385,9
2386,43
2387,86
2388,37
2389,70
2390,59
2391,32
2392,45
2393,46
2394,89
2395,11
2396,25
2397,94
2398,63
2399,79
2400,33
2401,49
2402,91
2403,2
2404,45
2405,61
2406,5
2407,4
2408,5
2409,102
2410,68
2411,70
2412,71
2413,45
2414,34
2415,31
2416,40
2417,88
2418,80
2419,102
2420,7
2421,85
2422,19
2423,7
2424,22
2425,8
2426,55
2427,71
2428,62
2429,57
2430,50
2431,55
2432,63
2433,19
2434,101
2435,88
2436,70
2437,4
2438,55
2439,45
2440,24
2441,25
2442,97
2443,83
2444,95
2445,19
2446,62
2447,60
2448,11
2449,103
2450,9
2451,86
2452,83
2453,55
2454,52
2455,46
2456,19
2457,13
2458,31
2459,84
2460,2
2461,85
2462,84
2463,9
2464,87
2465,24
2466,100
2467,5
2468,92
2469,42
2470,76
2471,98
2472,5
2473,56
2474,71
2475,8
2476,45
2477,77
2478,97
2479,13
2480,86
2481,87
2482,11
2483,10
2484,2
2485,8
2486,65
2487,32
2488,1
2489,16
2490,49
2491,55
2492,10
2493,46
2494,84
2495,21
2496,9
2497,46
2498,10
2499,79
2500,33
2501,57
2502,32
2503,44
2504,84
2505,70
2506,5
2507,101
2508,57
2509,48
2510,88
2511,53
2512,103
2513,45
2514,31
2515,65
2516,80
2517,56
2518,14
2519,83
2520,45
2521,44
2522,55
2523,7
2524,32
2525,51
2526,11
2527,87
2528,14
2529,63
2530,75
2531,48
2532,61
2533,40
2534,8
2535,62
2536,50
2537,98
2538,5
2539,33
2540,24
2541,42
2542,62
2543,55
2544,57
2545,60
2546,11
2547,64
2548,8
2549,33
2550,46
2551,42
2552,68
2553,33
2554,62
2555,50
2556,98
2557,71
2558,57
2559,66
2560,55
2561,13
2562,36
2563,79
2564,44
2565,76
2566,32
2567,41
2568,32
2569,6
2570,99
2571,21
2572,70
2573,63
2574,65
2575,71
2576,46
2577,6
2578,7
2579,83
2580,1
2581,101
2582,55
2583,30
2584,46
2585,22
2586,64
2587,80
2588,6
2589,65
2590,84
2591,36
2592,44
2593,36
2594,45
2595,53
2596,83
2597,24
2598,12
2599,57
2600,10
2601,65
2602,79
2603,1
2604,73
2605,42
2606,1
2607,7
2608,71
2609,91
2610,45
2611,63
2612,1
2613,75
2614,57
2615,33
2616,45
2617,104
2618,48
2619,48
2620,104
2621,97
2622,65
2623,13
2624,83
2625,57
2626,45
2627,83
2628,76
2629,30
2630,37
2631,68
2632,7
2633,22
2634,6
2635,67
2636,4
2637,28
2638,70
2639,83
2640,57
2641,11
2642,32
2643,31
2644,80
2645,36
2646,64
2647,27
2648,46
2649,69
2650,12
2651,43
2652,56
2653,52
2654,31
2655,8
2656,53
2657,103
2658,57
2659,50
2660,77
2661,104
2662,23
2663,50
2664,6
2665,28
2666,77
2667,16
2668,7
2669,58
2670,11
2671,80
2672,96
2673,54
2674,88
2675,87
2676,68
2677,28
2678,42
2679,55
2680,55
2681,10
2682,18
2683,33
2684,64
2685,36
2686,12
2687,61
2688,1
2689,66
2690,43
2691,63
2692,14
2693,100
2694,57
2695,65
2696,77
2697,40
2698,49
2699,7
2700,46
2701,95
2702,58
2703,73
2704,61
2705,91
2706,7
2707,50
2708,71
2709,40
2710,66
2711,66
2712,75
2713,1
2714,55
2715,5
2716,73
2717,79
2718,10
2719,32
2720,1
2721,62
2722,85
2723,11
2724,62
2725,10
2726,97
2727,7
2728,69
2729,64
2730,30
2731,41
2732,32
2733,60
2734,61
2735,32
2736,68
2737,14
2738,5
2739,23
2740,1
2741,49
2742,83
2743,28
2744,55
2745,28
2746,85
2747,76
2748,87
2749,51
2750,13
2751,55
2752,61
2753,5
2754,3
2755,98
2756,84
2757,104
2758,30
2759,13
2760,30
2761,71
2762,70
2763,46
2764,10
2765,61
2766,78
2767,1
2768,18
2769,9
2770,96
2771,92
2772,46
2773,78
2774,36
2775,1
2776,22
2777,54
2778,94
2779,71
2780,65
2781,68
2782,69
2783,14
2784,63
2785,13
2786,54
2787,22
2788,67
2789,23
2790,18
2791,100
2792,63
2793,44
2794,46
2795,53
2796,87
2797,9
2798,49
2799,76
2800,77
2801,46
2802,99
2803,95
2804,61
2805,54
2806,78
2807,103
2808,71
2809,73
2810,70
2811,83
2812,94
2813,101
2814,84
2815,1
2816,94
2817,14
2818,18
2819,45
2820,96
2821,6
2822,56
2823,68
2824,64
2825,43
2826,84
2827,55
2828,4
2829,46
2830,8
2831,43
2832,64
2833,32
2834,32
2835,37
2836,80
2837,1
2838,77
2839,30
2840,95
2841,31
2842,101
2843,4
2844,84
2845,98
2846,104
2847,31
2848,14
2849,11
2850,83
2851,86
2852,45
2853,16
2854,70
2855,50
2856,67
2857,48
2858,71
2859,5
2860,94
2861,67
2862,36
2863,100
2864,8
2865,71
2866,4
2867,32
2868,95
2869,53
2870,49
2871,98
2872,73
2873,18
2874,55
2875,3
2876,22
2877,14
2878,71
2879,98
2880,36
2881,67
2882,70
2883,96
2884,87
2885,76
2886,61
2887,77
2888,27
2889,88
2890,78
2891,51
2892,77
2893,62
2894,100
2895,24
2896,53
2897,45
2898,63
2899,32
2900,62
2901,44
2902,41
2903,50
2904,43
2905,45
2906,27
2907,64
2908,8
2909,49
2910,44
2911,55
2912,13
2913,63
2914,45
2915,27
2916,34
2917,22
2918,10
2919,69
2920,14
2921,5
2922,52
2923,60
2924,6
2925,8
2926,57
2927,27
2928,45
2929,22
2930,63
2931,91
2932,5
2933,101
2934,70
2935,76
2936,71
2937,103
2938,98
2939,95
2940,71
2941,1
2942,57
2943,68
2944,70
2945,60
2946,34
2947,23
2948,58
2949,1
2950,68
2951,11
2952,11
2953,32
2954,76
2955,1
2956,88
2957,37
2958,13
2959,49
2960,23
2961,48
2962,36
2963,22
2964,7
2965,41
2966,63
2967,79
2968,18
2969,71
2970,95
2971,54
2972,56
2973,87
2974,36
2975,4
2976,87
2977,9
2978,94
2979,67
2980,94
2981,22
2982,6
2983,62
2984,56
2985,45
2986,41
2987,7
2988,48
2989,63
2990,55
2991,52
2992,56
2993,95
2994,98
2995,101
2996,14
2997,76
2998,104
2999,12
3000,88
3001,10
3002,100
3003,45
3004,12
3005,103
3006,16
3007,27
3008,95
3009,13
3010,98
3011,41
3012,57
3013,53
3014,87
3015,95
3016,49
3017,66
3018,2
3019,32
3020,14
3021,55
3022,63
3023,55
3024,36
3025,50
3026,10
3027,70
3028,61
3029,22
3030,40
3031,13
3032,62
3033,9
3034,43
3035,73
3036,88
3037,66
3038,22
3039,32
3040,4
3041,93
3042,10
3043,49
3044,3
3045,70
3046,100
3047,104
3048,71
3049,14
3050,70
3051,8
3052,104
3053,1
3054,11
3055,5
3056,94
3057,103
3058,23
3059,22
3060,28
3061,51
3062,101
3063,10
3064,92
3065,78
3066,77
3067,83
3068,80
3069,79
3070,91
3071,13
3072,60
3073,51
3074,93
3075,53
3076,36
3077,75
3078,48
3079,42
3080,50
3081,103
3082,46
3083,31
3084,1
3085,5
3086,57
3087,23
3088,57
3089,23
3090,41
3091,48
3092,41
3093,67
3094,46
3095,49
3096,53
3097,56
3098,44
3099,73
3100,24
3101,22
3102,57
3103,61
3104,64
3105,28
3106,50
3107,5
3108,51
3109,70
3110,27
3111,32
3112,40
3113,18
3114,73
3115,16
3116,7
3117,101
3118,79
3119,104
3120,46
3121,70
3122,98
3123,73
3124,3
3125,71
3126,63
3127,83
3128,1
3129,67
3130,65
3131,11
3132,9
3133,79
3134,103
3135,1
3136,44
3137,10
3138,45
3139,16
3140,45
3141,1
3142,28
3143,71
3144,94
3145,100
3146,55
3147,6
3148,70
3149,54
3150,40
3151,5
3152,95
3153,69
3154,13
3155,9
3156,69
3157,6
3158,64
3159,10
3160,83
3161,70
3162,44
3163,50
3164,5
3165,10
3166,93
3167,18
3168,8
3169,67
3170,95
3171,98
3172,32
3173,104
3174,45
3175,27
3176,87
3177,85
3178,75
3179,55
3180,45
3181,84
3182,71
3183,1
3184,86
3185,28
3186,64
3187,32
3188,94
3189,7
3190,55
3191,4
3192,76
3193,98
3194,23
3195,75
3196,36
3197,63
3198,32
3199,22
3200,79
3201,68
3202,55
3203,57
3204,14
3205,23
3206,66
3207,57
3208,95
3209,56
3210,84
3211,101
3212,10
3213,73
3214,83
3215,3
3216,63
3217,60
3218,4
3219,79
3220,8
3221,31
3222,13
3223,95
3224,88
3225,13
3226,30
3227,31
3228,71
3229,93
3230,28
3231,94
3232,31
3233,46
3234,53
3235,1
3236,5
3237,32
3238,22
3239,71
3240,75
3241,52
3242,83
3243,67
3244,48
3245,62
3246,18
3247,64
3248,61
3249,56
3250,75
3251,63
3252,14
3253,14
3254,57
3255,36
3256,70
3257,13
3258,5
3259,55
3260,46
3261,10
3262,8
3263,103
3264,79
3265,56
3266,75
3267,11
3268,27
3269,22
3270,23
3271,64
3272,54
3273,11
3274,13
3275,13
3276,23
3277,69
3278,1
3279,22
3280,53
3281,65
3282,13
3283,50
3284,56
3285,44
3286,69
3287,55
3288,1
3289,7
3290,77
3291,30
3292,13
3293,27
3294,64
3295,67
3296,12
3297,73
3298,71
3299,55
3300,13
3301,103
3302,98
3303,94
3304,95
3305,75
3306,103
3307,88
3308,83
3309,57
3310,53
3311,68
3312,79
3313,84
3314,61
3315,55
3316,7
3317,87
3318,103
3319,76
3320,13
3321,10
3322,70
3323,70
3324,101
3325,8
3326,8
3327,3
3328,48
3329,52
3330,32
3331,55
3332,63
3333,14
3334,101
3335,11
3336,51
3337,44
3338,61
3339,55
3340,61
3341,6
3342,65
3343,45
3344,66
3345,71
3346,67
3347,94
3348,11
3349,11
3350,63
3351,76
3352,86
3353,22
3354,87
3355,45
3356,104
3357,56
3358,68
3359,76
3360,57
3361,57
3362,65
3363,1
3364,32
3365,55
3366,94
3367,68
3368,4
3369,54
3370,77
3371,95
3372,46
3373,94
3374,6
3375,70
3376,48
3377,103
3378,44
3379,50
3380,87
3381,1
3382,52
3383,64
3384,8
3385,11
3386,45
3387,5
3388,101
3389,98
3390,13
3391,64
3392,88
3393,62
3394,55
3395,55
3396,54
3397,61
3398,66
3399,94
3400,94
3401,31
3402,51
3403,98
3404,5
3405,71
3406,65
3407,80
3408,36
3409,45
3410,27
3411,67
3412,71
3413,10
3414,68
3415,7
3416,67
3417,68
3418,88
3419,9
3420,94
3421,84
3422,31
3423,63
3424,14
3425,101
3426,5
3427,14
3428,83
3429,12
3430,64
3431,57
3432,46
3433,60
3434,67
3435,11
3436,1
3437,51
3438,32
3439,55
3440,36
3441,83
3442,11
3443,79
3444,13
3445,84
3446,104
3447,79
3448,45
3449,13
3450,10
3451,76
3452,1
3453,77
3454,60
3455,32
3456,13
3457,77
3458,1
3459,104
3460,27
3461,27
3462,65
3463,5
3464,46
3465,61
3466,64
3467,45
3468,32
3469,52
3470,11
3471,103
3472,94
3473,70
3474,57
3475,1
3476,63
3477,65
3478,46
3479,70
3480,45
3481,61
3482,98
3483,7
3484,101
3485,1
3486,73
3487,52
3488,54
3489,27
3490,73
3491,27
3492,36
3493,73
3494,77
3495,64
3496,70
3497,45
3498,48
3499,10
3500,64
3501,50
3502,101
3503,46
3504,27
3505,63
3506,50
3507,32
3508,13
3509,22
3510,32
3511,67
3512,28
3513,94
3514,32
3515,3
3516,31
3517,13
3518,32
3519,7
3520,57
3521,31
3522,14
3523,27
3524,94
3525,95
3526,84
3527,57
3528,95
3529,65
3530,65
3531,55
3532,55
3533,76
3534,88
3535,28
3536,63
3537,103
3538,51
3539,94
3540,71
3541,62
3542,87
3543,68
3544,46
3545,104
3546,98
3547,10
3548,62
3549,64
3550,79
3551,104
3552,73
3553,84
3554,36
3555,88
3556,8
3557,94
3558,11
3559,88
3560,8
3561,79
3562,22
3563,44
3564,22
3565,57
3566,12
3567,12
3568,45
3569,60
3570,10
3571,86
3572,71
3573,36
3574,14
3575,16
3576,70
3577,79
3578,8
3579,10
3580,57
3581,36
3582,94
3583,12
3584,12
3585,101
3586,16
3587,94
3588,45
3589,55
3590,55
3591,52
3592,53
3593,12
3594,14
3595,70
3596,1
3597,46
3598,32
3599,61
3600,5
3601,65
3602,70
3603,11
3604,67
3605,71
3606,50
3607,87
3608,27
3609,46
3610,46
3611,32
3612,84
3613,57
3614,32
3615,71
3616,87
3617,63
3618,84
3619,16
3620,62
3621,83
3622,60
3623,52
3624,67
3625,63
3626,76
3627,64
3628,70
3629,104
3630,13
3631,16
3632,1
3633,88
3634,60
3635,87
3636,68
3637,3
3638,94
3639,7
3640,76
3641,70
3642,1
3643,101
3644,27
3645,71
3646,101
3647,68
3648,31
3649,45
3650,27
3651,103
3652,52
3653,10
3654,1
3655,57
3656,56
3657,98
3658,60
3659,1
3660,65
3661,3
3662,22
3663,1
3664,45
3665,63
3666,5
3667,84
3668,44
3669,57
3670,3
3671,88
3672,71
3673,70
3674,71
3675,95
3676,5
3677,22
3678,45
3679,4
3680,55
3681,71
3682,60
3683,56
3684,60
3685,84
3686,71
3687,8
3688,13
3689,13
3690,64
3691,73
3692,94
3693,32
3694,44
3695,71
3696,101
3697,45
3698,51
3699,57
3700,88
3701,57
3702,71
3703,64
3704,31
3705,55
3706,94
3707,44
3708,10
3709,83
3710,76
3711,62
3712,52
3713,44
3714,56
3715,7
3716,64
3717,70
3718,79
3719,62
3720,71
3721,95
3722,60
3723,55
3724,11
3725,45
3726,77
3727,70
3728,67
3729,77
3730,98
3731,79
3732,61
3733,22
3734,10
3735,7
3736,88
3737,57
3738,63
3739,44
3740,98
3741,61
3742,55
3743,5
3744,57
3745,5
3746,5
3747,71
3748,27
3749,88
3750,87
3751,60
3752,36
3753,8
3754,76
3755,104
3756,95
3757,1
3758,55
3759,94
3760,51
3761,103
3762,79
3763,94
3764,1
3765,57
3766,32
3767,55
3768,13
3769,57
3770,22
3771,83
3772,1
3773,104
3774,13
3775,71
3776,50
3777,103
3778,62
3779,71
3780,22
3781,103
3782,44
3783,98
3784,94
3785,32
3786,31
3787,50
3788,57
3789,71
3790,45
3791,63
3792,64
3793,64
3794,1
3795,84
3796,65
3797,5
3798,71
3799,60
3800,84
3801,94
3802,52
3803,32
3804,46
3805,3
3806,87
3807,46
3808,22
3809,52
3810,45
3811,84
3812,46
3813,88
3814,8
3815,62
3816,101
3817,14
3818,32
3819,22
3820,88
3821,8
3822,1
3823,45
3824,67
3825,88
3826,5
3827,94
3828,101
3829,7
3830,5
3831,77
3832,83
3833,65
3834,22
3835,1
3836,51
3837,79
3838,57
3839,65
3840,27
3841,8
3842,50
3843,57
3844,1
3845,5
3846,45
3847,46
3848,84
3849,46
3850,5
3851,27
3852,83
3853,79
3854,95
3855,94
3856,68
3857,46
3858,62
3859,76
3860,67
3861,95
3862,57
3863,13
3864,51
3865,46
3866,57
3867,84
3868,98
3869,68
3870,63
3871,31
3872,32
3873,57
3874,65
3875,14
3876,52
3877,84
3878,94
3879,94
3880,55
3881,10
3882,64
3883,13
3884,64
3885,45
3886,13
3887,70
3888,64
3889,57
3890,45
3891,45
3892,31
3893,62
3894,13
3895,10
3896,62
3897,13
3898,7
3899,36
3900,36
3901,11
3902,44
3903,14
3904,46
3905,98
3906,70
3907,71
3908,70
3909,70
3910,8
3911,22
3912,5
3913,104
3914,63
3915,94
3916,61
3917,94
3918,79
3919,31
3920,63
3921,1
3922,76
3923,63
3924,98
3925,71
3926,36
3927,46
3928,104
3929,98
3930,57
3931,70
3932,94
3933,71
3934,45
3935,44
3936,31
3937,76
3938,7
3939,10
3940,13
3941,45
3942,98
3943,13
3944,98
3945,57
3946,7
3947,8
3948,27
3949,84
3950,14
3951,31
3952,67
3953,79
3954,8
3955,62
3956,46
3957,8
3958,67
3959,57
3960,8
3961,27
3962,7
3963,10
3964,45
3965,36
3966,70
3967,5
3968,22
3969,46
3970,10
3971,57
3972,45
3973,1
3974,11
3975,76
3976,7
3977,8
3978,32
3979,63
3980,94
3981,5
3982,7
3983,76
3984,10
3985,36
3986,55
3987,44
3988,83
3989,46
3990,55
3991,62
3992,62
3993,94
3994,79
3995,94
3996,46
3997,36
3998,1
3999,65
4000,5
