1,13
2,15
3,9
4,13
5,16
6,13
7,9
8,11
9,10
10,12
11,20
12,2
13,23
14,19
15,16
16,22
17,7
18,18
19,9
20,17
21,17
22,9
23,20
24,17
25,19
26,23
27,16
28,3
29,16
30,6
31,16
32,16
33,4
34,21
35,19
36,12
37,12
38,17
39,14
40,2
41,13
42,22
43,3
44,17
45,10
46,16
47,14
48,16
49,17
50,19
51,9
52,20
53,13
54,4
55,16
56,23
57,23
58,17
59,19
60,10
61,16
62,19
63,19
64,16
65,16
66,7
67,4
68,19
69,18
70,13
71,10
72,13
73,17
74,7
75,6
76,8
77,2
78,3
79,4
80,23
81,9
82,7
83,21
84,13
85,4
86,16
87,13
88,4
89,13
90,19
91,6
92,23
93,17
94,4
95,13
96,9
97,12
98,13
99,23
100,20
101,5
102,16
103,7
104,21
105,1
106,8
107,4
108,12
109,19
110,16
111,23
112,13
113,2
114,23
115,20
116,14
117,9
118,3
119,7
120,23
121,13
122,6
123,10
124,17
125,17
126,6
127,16
128,12
129,8
130,1
131,7
132,20
133,4
134,23
135,14
136,17
137,16
138,4
139,3
140,6
141,10
142,4
143,4
144,15
145,1
146,21
147,16
148,3
149,13
150,3
151,19
152,21
153,23
154,17
155,4
156,19
157,4
158,18
159,4
160,1
161,6
162,4
163,23
164,20
165,7
166,9
167,13
168,7
169,4
170,16
171,11
172,2
173,4
174,14
175,22
176,16
177,13
178,23
179,7
180,23
181,2
182,3
183,7
184,12
185,2
186,19
187,9
188,7
189,4
190,4
191,15
192,16
193,12
194,19
195,19
196,3
197,1
198,14
199,15
200,4
201,21
202,3
203,1
204,9
205,16
206,23
207,20
208,2
209,20
210,23
211,19
212,20
213,2
214,4
215,23
216,21
217,6
218,17
219,16
220,11
221,19
222,20
223,13
224,12
225,13
226,19
227,19
228,14
229,21
230,10
231,9
232,19
233,16
234,23
235,7
236,14
237,7
238,11
239,16
240,23
241,13
242,5
243,13
244,17
245,6
246,23
247,20
248,12
249,16
250,7
251,13
252,16
253,19
254,7
255,2
256,6
257,9
258,13
259,16
260,14
261,13
262,2
263,9
264,5
265,4
266,20
267,11
268,3
269,2
270,6
271,5
272,18
273,3
274,18
275,9
276,9
277,17
278,18
279,12
280,6
281,4
282,7
283,13
284,3
285,3
286,19
287,5
288,20
289,20
290,16
291,14
292,10
293,23
294,5
295,19
296,19
297,13
298,12
299,4
300,16
301,19
302,9
303,2
304,21
305,17
306,8
307,13
308,20
309,19
310,23
311,13
312,22
313,23
314,9
315,13
316,7
317,7
318,7
319,16
320,16
321,2
322,7
323,17
324,10
325,23
326,1
327,18
328,19
329,10
330,12
331,17
332,4
333,13
334,13
335,16
336,19
337,18
338,9
339,17
340,2
341,13
342,20
343,13
344,12
345,1
346,18
347,5
348,16
349,19
350,16
351,14
352,20
353,6
354,12
355,23
356,14
357,13
358,16
359,23
360,10
361,6
362,16
363,13
364,17
365,7
366,11
367,23
368,3
369,23
370,14
371,19
372,19
373,5
374,14
375,3
376,9
377,18
378,15
379,19
380,10
381,5
382,16
383,7
384,6
385,4
386,20
387,19
388,19
389,19
390,9
391,4
392,4
393,16
394,13
395,6
396,10
397,18
398,19
399,22
400,17
401,5
402,12
403,23
404,14
405,3
406,18
407,2
408,7
409,21
410,5
411,9
412,9
413,13
414,20
415,4
416,13
417,7
418,4
419,7
420,9
421,14
422,16
423,16
424,12
425,13
426,4
427,16
428,13
429,1
430,1
431,23
432,7
433,4
434,20
435,16
436,20
437,13
438,9
439,17
440,2
441,14
442,13
443,4
444,20
445,17
446,16
447,4
448,17
449,17
450,9
451,4
452,16
453,16
454,9
455,15
456,14
457,23
458,12
459,19
460,13
461,2
462,19
463,13
464,19
465,9
466,13
467,7
468,19
469,23
470,19
471,20
472,6
473,4
474,20
475,16
476,13
477,16
478,13
479,2
480,17
481,2
482,16
483,4
484,2
485,6
486,19
487,13
488,16
489,18
490,14
491,7
492,13
493,13
494,14
495,9
496,23
497,18
498,5
499,15
500,7
501,4
502,19
503,4
504,4
505,17
506,4
507,13
508,9
509,1
510,13
511,20
512,20
513,10
514,12
515,9
516,23
517,7
518,17
519,13
520,23
521,21
522,8
523,2
524,17
525,1
526,16
527,23
528,4
529,9
530,4
531,4
532,14
533,9
534,3
535,14
536,1
537,11
538,10
539,10
540,10
541,12
542,7
543,8
544,19
545,23
546,2
547,22
548,6
549,3
550,19
551,23
552,4
553,4
554,9
555,4
556,13
557,8
558,7
559,18
560,9
561,21
562,1
563,7
564,23
565,21
566,2
567,16
568,16
569,13
570,7
571,19
572,2
573,23
574,14
575,16
576,10
577,8
578,19
579,4
580,22
581,18
582,17
583,21
584,15
585,4
586,4
587,20
588,7
589,2
590,4
591,19
592,12
593,23
594,16
595,4
596,16
597,7
598,9
599,19
600,5
601,23
602,19
603,13
604,17
605,14
606,4
607,5
608,19
609,19
610,20
611,16
612,17
613,7
614,4
615,10
616,4
617,12
618,16
619,4
620,18
621,19
622,4
623,16
624,20
625,19
626,18
627,20
628,5
629,4
630,9
631,16
632,9
633,23
634,22
635,4
636,7
637,23
638,23
639,20
640,10
641,11
642,19
643,10
644,5
645,7
646,19
647,18
648,14
649,16
650,23
651,10
652,19
653,9
654,13
655,13
656,20
657,21
658,9
659,5
660,16
661,12
662,9
663,17
664,20
665,1
666,16
667,13
668,2
669,16
670,23
671,23
672,13
673,7
674,16
675,16
676,7
677,4
678,16
679,9
680,14
681,5
682,12
683,19
684,8
685,13
686,2
687,23
688,17
689,5
690,4
691,6
692,10
693,8
694,19
695,9
696,7
697,9
698,9
699,20
700,17
701,21
702,9
703,16
704,20
705,21
706,16
707,23
708,21
709,13
710,4
711,23
712,9
713,7
714,4
715,9
716,8
717,1
718,2
719,14
720,18
721,18
722,16
723,10
724,23
725,13
726,10
727,17
728,4
729,9
730,16
731,16
732,4
733,7
734,5
735,10
736,9
737,22
738,4
739,2
740,5
741,23
742,2
743,20
744,14
745,23
746,10
747,8
748,17
749,20
750,4
751,4
752,12
753,8
754,20
755,10
756,22
757,6
758,18
759,16
760,23
761,4
762,23
763,21
764,16
765,19
766,16
767,14
768,16
769,20
770,17
771,9
772,17
773,2
774,13
775,21
776,14
777,5
778,4
779,17
780,6
781,3
782,2
783,8
784,16
785,5
786,7
787,11
788,20
789,2
790,15
791,20
792,1
793,19
794,21
795,13
796,16
797,15
798,21
799,5
800,2
801,13
802,4
803,9
804,20
805,17
806,16
807,10
808,16
809,4
810,19
811,12
812,23
813,7
814,14
815,14
816,5
817,9
818,7
819,7
820,8
821,13
822,17
823,12
824,3
825,13
826,9
827,4
828,4
829,23
830,23
831,13
832,10
833,13
834,4
835,16
836,12
837,1
838,7
839,3
840,2
841,4
842,14
843,10
844,17
845,2
846,15
847,4
848,19
849,17
850,17
851,19
852,22
853,11
854,21
855,7
856,7
857,11
858,17
859,7
860,19
861,9
862,1
863,7
864,20
865,19
866,17
867,3
868,10
869,16
870,20
871,23
872,23
873,23
874,19
875,2
876,23
877,4
878,4
879,16
880,23
881,14
882,15
883,23
884,2
885,6
886,13
887,4
888,21
889,13
890,16
891,22
892,6
893,7
894,10
895,10
896,19
897,20
898,23
899,4
900,4
901,16
902,6
903,23
904,14
905,14
906,19
907,8
908,12
909,9
910,16
911,13
912,9
913,23
914,20
915,16
916,20
917,2
918,4
919,13
920,17
921,8
922,23
923,13
924,20
925,11
926,13
927,21
928,16
929,4
930,17
931,16
932,17
933,7
934,23
935,3
936,2
937,2
938,5
939,17
940,23
941,19
942,16
943,21
944,23
945,2
946,9
947,4
948,12
949,23
950,10
951,22
952,9
953,1
954,16
955,9
956,14
957,7
958,4
959,5
960,2
961,23
962,16
963,13
964,17
965,23
966,16
967,4
968,12
969,19
970,17
971,1
972,17
973,4
974,13
975,20
976,13
977,16
978,14
979,4
980,16
981,16
982,2
983,7
984,23
985,6
986,23
987,23
988,23
989,17
990,2
991,6
992,4
993,12
994,2
995,19
996,13
997,4
998,13
999,19
1000,8
1001,19
1002,16
1003,23
1004,9
1005,21
1006,13
1007,9
1008,9
1009,13
1010,8
1011,22
1012,17
1013,19
1014,9
1015,16
1016,16
1017,23
1018,16
1019,23
1020,16
1021,23
1022,4
1023,4
1024,17
1025,12
1026,2
1027,23
1028,16
1029,4
1030,9
1031,23
1032,4
1033,9
1034,16
1035,2
1036,4
1037,20
1038,16
1039,2
1040,7
1041,10
1042,4
1043,8
1044,12
1045,4
1046,20
1047,16
1048,6
1049,20
1050,20
1051,1
1052,14
1053,9
1054,7
1055,18
1056,10
1057,14
1058,16
1059,14
1060,17
1061,1
1062,7
1063,4
1064,5
1065,20
1066,13
1067,20
1068,7
1069,13
1070,20
1071,16
1072,13
1073,10
1074,20
1075,16
1076,17
1077,4
1078,7
1079,17
1080,17
1081,17
1082,2
1083,4
1084,21
1085,4
1086,11
1087,9
1088,10
1089,14
1090,21
1091,4
1092,23
1093,16
1094,23
1095,9
1096,23
1097,20
1098,9
1099,16
1100,4
1101,5
1102,16
1103,2
1104,19
1105,17
1106,17
1107,14
1108,19
1109,12
1110,14
1111,16
1112,2
1113,9
1114,23
1115,4
1116,2
1117,19
1118,15
1119,9
1120,2
1121,2
1122,17
1123,23
1124,13
1125,12
1126,21
1127,16
1128,12
1129,16
1130,5
1131,7
1132,19
1133,23
1134,2
1135,13
1136,19
1137,17
1138,10
1139,1
1140,3
1141,23
1142,7
1143,9
1144,15
1145,13
1146,21
1147,23
1148,6
1149,6
1150,5
1151,21
1152,19
1153,2
1154,23
1155,18
1156,4
1157,19
1158,21
1159,4
1160,23
1161,7
1162,16
1163,13
1164,16
1165,19
1166,14
1167,20
1168,13
1169,9
1170,23
1171,13
1172,10
1173,9
1174,13
1175,4
1176,20
1177,17
1178,16
1179,16
1180,2
1181,16
1182,2
1183,17
1184,21
1185,7
1186,1
1187,2
1188,10
1189,14
1190,19
1191,7
1192,4
1193,9
1194,7
1195,9
1196,14
1197,19
1198,9
1199,12
1200,16
1201,9
1202,16
1203,17
1204,2
1205,7
1206,16
1207,9
1208,9
1209,9
1210,23
1211,12
1212,14
1213,16
1214,16
1215,19
1216,16
1217,2
1218,20
1219,4
1220,20
1221,14
1222,10
1223,7
1224,17
1225,1
1226,2
1227,10
1228,23
1229,21
1230,10
1231,20
1232,22
1233,14
1234,2
1235,9
1236,14
1237,13
1238,2
1239,23
1240,17
1241,14
1242,20
1243,13
1244,13
1245,3
1246,20
1247,21
1248,13
1249,9
1250,5
1251,2
1252,3
1253,20
1254,17
1255,4
1256,11
1257,10
1258,4
1259,16
1260,17
1261,4
1262,13
1263,16
1264,4
1265,19
1266,13
1267,9
1268,2
1269,17
1270,16
1271,2
1272,2
1273,23
1274,21
1275,21
1276,18
1277,22
1278,4
1279,15
1280,16
1281,20
1282,14
1283,11
1284,19
1285,12
1286,23
1287,23
1288,16
1289,10
1290,9
1291,4
1292,13
1293,19
1294,13
1295,5
1296,13
1297,23
1298,17
1299,23
1300,19
1301,14
1302,18
1303,17
1304,9
1305,16
1306,17
1307,21
1308,21
1309,23
1310,7
1311,12
1312,21
1313,10
1314,17
1315,17
1316,19
1317,23
1318,4
1319,9
1320,16
1321,20
1322,8
1323,12
1324,6
1325,10
1326,5
1327,20
1328,23
1329,20
1330,4
1331,9
1332,19
1333,4
1334,23
1335,2
1336,10
1337,7
1338,19
1339,8
1340,9
1341,6
1342,16
1343,18
1344,16
1345,13
1346,3
1347,4
1348,4
1349,16
1350,23
1351,7
1352,1
1353,19
1354,14
1355,9
1356,11
1357,4
1358,19
1359,4
1360,12
1361,2
1362,16
1363,17
1364,16
1365,4
1366,11
1367,5
1368,1
1369,16
1370,7
1371,4
1372,10
1373,23
1374,17
1375,18
1376,17
1377,13
1378,19
1379,10
1380,1
1381,14
1382,5
1383,16
1384,16
1385,16
1386,7
1387,19
1388,10
1389,19
1390,14
1391,9
1392,12
1393,21
1394,23
1395,7
1396,17
1397,5
1398,6
1399,13
1400,19
1401,4
1402,18
1403,16
1404,4
1405,23
1406,4
1407,20
1408,2
1409,17
1410,3
1411,4
1412,9
1413,7
1414,23
1415,19
1416,20
1417,5
1418,10
1419,4
1420,2
1421,17
1422,9
1423,12
1424,10
1425,9
1426,7
1427,20
1428,17
1429,9
1430,17
1431,23
1432,4
1433,7
1434,19
1435,19
1436,23
1437,13
1438,19
1439,21
1440,4
1441,3
1442,13
1443,3
1444,13
1445,10
1446,13
1447,4
1448,20
1449,7
1450,19
1451,1
1452,2
1453,9
1454,10
1455,13
1456,21
1457,12
1458,21
1459,6
1460,9
1461,19
1462,16
1463,20
1464,20
1465,19
1466,7
1467,16
1468,9
1469,4
1470,23
1471,23
1472,13
1473,10
1474,2
1475,13
1476,21
1477,8
1478,10
1479,2
1480,16
1481,4
1482,11
1483,1
1484,9
1485,16
1486,6
1487,14
1488,16
1489,10
1490,23
1491,18
1492,7
1493,4
1494,17
1495,15
1496,5
1497,17
1498,20
1499,12
1500,10
1501,9
1502,21
1503,23
1504,3
1505,12
1506,7
1507,18
1508,21
1509,17
1510,21
1511,9
1512,5
1513,16
1514,7
1515,19
1516,14
1517,4
1518,9
1519,12
1520,9
1521,14
1522,14
1523,8
1524,13
1525,22
1526,19
1527,16
1528,3
1529,9
1530,19
1531,17
1532,16
1533,2
1534,3
1535,16
1536,16
1537,8
1538,9
1539,14
1540,2
1541,4
1542,16
1543,10
1544,20
1545,4
1546,9
1547,12
1548,12
1549,2
1550,7
1551,21
1552,19
1553,23
1554,13
1555,4
1556,21
1557,2
1558,15
1559,14
1560,13
1561,9
1562,13
1563,17
1564,13
1565,3
1566,7
1567,12
1568,14
1569,4
1570,5
1571,4
1572,1
1573,23
1574,13
1575,19
1576,13
1577,21
1578,23
1579,9
1580,13
1581,19
1582,20
1583,16
1584,20
1585,23
1586,17
1587,14
1588,13
1589,23
1590,9
1591,23
1592,7
1593,20
1594,21
1595,2
1596,19
1597,4
1598,16
1599,10
1600,17
1601,20
1602,13
1603,21
1604,14
1605,7
1606,4
1607,19
1608,23
1609,23
1610,6
1611,13
1612,21
1613,17
1614,12
1615,5
1616,3
1617,13
1618,21
1619,19
1620,23
1621,19
1622,17
1623,10
1624,2
1625,19
1626,23
1627,4
1628,3
1629,6
1630,4
1631,19
1632,16
1633,5
1634,16
1635,21
1636,9
1637,9
1638,20
1639,8
1640,1
1641,4
1642,4
1643,19
1644,7
1645,3
1646,17
1647,2
1648,2
1649,20
1650,7
1651,17
1652,7
1653,7
1654,10
1655,2
1656,17
1657,9
1658,23
1659,21
1660,8
1661,13
1662,20
1663,2
1664,23
1665,19
1666,20
1667,20
1668,19
1669,12
1670,2
1671,23
1672,7
1673,20
1674,17
1675,16
1676,23
1677,5
1678,20
1679,6
1680,21
1681,2
1682,12
1683,9
1684,19
1685,19
1686,19
1687,23
1688,21
1689,23
1690,18
1691,2
1692,20
1693,3
1694,19
1695,12
1696,20
1697,19
1698,23
1699,9
1700,23
1701,6
1702,16
1703,19
1704,22
1705,16
1706,21
1707,9
1708,19
1709,19
1710,23
1711,16
1712,9
1713,2
1714,14
1715,19
1716,17
1717,9
1718,13
1719,9
1720,13
1721,8
1722,23
1723,4
1724,9
1725,23
1726,15
1727,20
1728,5
1729,2
1730,18
1731,2
1732,2
1733,2
1734,13
1735,23
1736,17
1737,4
1738,20
1739,9
1740,19
1741,4
1742,1
1743,14
1744,19
1745,9
1746,15
1747,23
1748,14
1749,9
1750,23
1751,4
1752,20
1753,19
1754,11
1755,11
1756,23
1757,7
1758,13
1759,4
1760,16
1761,5
1762,23
1763,12
1764,18
1765,16
1766,18
1767,17
1768,7
1769,3
1770,23
1771,21
1772,20
1773,23
1774,13
1775,3
1776,5
1777,16
1778,16
1779,19
1780,20
1781,13
1782,9
1783,14
1784,12
1785,9
1786,2
1787,15
1788,23
1789,17
1790,4
1791,23
1792,17
1793,23
1794,19
1795,4
1796,2
1797,9
1798,16
1799,19
1800,21
1801,7
1802,20
1803,5
1804,19
1805,14
1806,23
1807,12
1808,12
1809,17
1810,4
1811,7
1812,23
1813,16
1814,16
1815,3
1816,10
1817,4
1818,17
1819,13
1820,5
1821,3
1822,13
1823,1
1824,7
1825,9
1826,18
1827,23
1828,9
1829,4
1830,10
1831,7
1832,6
1833,23
1834,16
1835,23
1836,9
1837,20
1838,4
1839,12
1840,2
1841,13
1842,22
1843,2
1844,4
1845,16
1846,21
1847,23
1848,23
1849,13
1850,17
1851,8
1852,2
1853,23
1854,5
1855,14
1856,19
1857,13
1858,6
1859,9
1860,13
1861,13
1862,15
1863,4
1864,4
1865,17
1866,14
1867,20
1868,18
1869,12
1870,9
1871,4
1872,2
1873,6
1874,7
1875,23
1876,2
1877,16
1878,20
1879,9
1880,20
1881,16
1882,19
1883,21
1884,6
1885,4
1886,7
1887,2
1888,12
1889,14
1890,23
1891,14
1892,23
1893,6
1894,17
1895,20
1896,17
1897,9
1898,5
1899,7
1900,3
1901,8
1902,17
1903,9
1904,20
1905,10
1906,7
1907,16
1908,4
1909,19
1910,4
1911,8
1912,9
1913,4
1914,10
1915,12
1916,1
1917,3
1918,5
1919,13
1920,4
1921,2
1922,4
1923,14
1924,19
1925,19
1926,13
1927,23
1928,1
1929,11
1930,19
1931,17
1932,3
1933,16
1934,20
1935,8
1936,17
1937,12
1938,3
1939,5
1940,20
1941,17
1942,16
1943,16
1944,20
1945,6
1946,6
1947,9
1948,2
1949,10
1950,12
1951,4
1952,5
1953,18
1954,16
1955,12
1956,21
1957,17
1958,13
1959,13
1960,13
1961,9
1962,20
1963,4
1964,16
1965,21
1966,4
1967,3
1968,9
1969,13
1970,23
1971,4
1972,8
1973,4
1974,16
1975,2
1976,4
1977,8
1978,1
1979,23
1980,4
1981,20
1982,20
1983,9
1984,19
1985,9
1986,2
1987,16
1988,13
1989,10
1990,20
1991,21
1992,19
1993,6
1994,16
1995,23
1996,9
1997,14
1998,19
1999,8
2000,16
2001,19
2002,20
2003,4
2004,17
2005,17
2006,16
2007,19
2008,20
2009,9
2010,15
2011,12
2012,9
2013,9
2014,14
2015,12
2016,14
2017,17
2018,10
2019,7
2020,11
2021,23
2022,19
2023,2
2024,7
2025,20
2026,2
2027,10
2028,4
2029,21
2030,5
2031,9
2032,20
2033,19
2034,23
2035,12
2036,19
2037,4
2038,4
2039,13
2040,13
2041,9
2042,2
2043,20
2044,4
2045,11
2046,3
2047,13
2048,4
2049,23
2050,14
2051,1
2052,20
2053,20
2054,3
2055,23
2056,21
2057,10
2058,13
2059,8
2060,11
2061,19
2062,20
2063,20
2064,14
2065,17
2066,12
2067,14
2068,20
2069,4
2070,9
2071,13
2072,4
2073,23
2074,12
2075,14
2076,9
2077,17
2078,16
2079,12
2080,21
2081,19
2082,16
2083,3
2084,4
2085,4
2086,17
2087,2
2088,20
2089,16
2090,8
2091,17
2092,4
2093,16
2094,4
2095,19
2096,17
2097,17
2098,4
2099,10
2100,5
2101,13
2102,2
2103,12
2104,12
2105,16
2106,5
2107,4
2108,21
2109,19
2110,13
2111,17
2112,23
2113,13
2114,9
2115,13
2116,6
2117,19
2118,12
2119,4
2120,23
2121,9
2122,2
2123,9
2124,1
2125,19
2126,20
2127,3
2128,6
2129,19
2130,4
2131,16
2132,11
2133,10
2134,20
2135,6
2136,6
2137,13
2138,23
2139,23
2140,5
2141,14
2142,9
2143,12
2144,22
2145,7
2146,4
2147,4
2148,1
2149,13
2150,6
2151,23
2152,9
2153,11
2154,17
2155,2
2156,2
2157,4
2158,17
2159,9
2160,13
2161,20
2162,19
2163,16
2164,19
2165,9
2166,19
2167,17
2168,23
2169,19
2170,23
2171,7
2172,20
2173,4
2174,12
2175,19
2176,16
2177,19
2178,1
2179,21
2180,9
2181,4
2182,21
2183,17
2184,2
2185,17
2186,16
2187,23
2188,3
2189,12
2190,12
2191,9
2192,20
2193,7
2194,20
2195,23
2196,23
2197,9
2198,16
2199,7
2200,19
2201,4
2202,16
2203,17
2204,23
2205,6
2206,16
2207,2
2208,13
2209,20
2210,16
2211,19
2212,23
2213,2
2214,23
2215,7
2216,6
2217,9
2218,12
2219,20
2220,21
2221,13
2222,7
2223,16
2224,20
2225,20
2226,19
2227,9
2228,6
2229,8
2230,9
2231,2
2232,16
2233,9
2234,17
2235,3
2236,14
2237,1
2238,12
2239,17
2240,17
2241,20
2242,2
2243,9
2244,4
2245,9
2246,2
2247,15
2248,4
2249,12
2250,9
2251,3
2252,7
2253,16
2254,4
2255,4
2256,23
2257,15
2258,20
2259,21
2260,1
2261,13
2262,2
2263,9
2264,13
2265,14
2266,17
2267,4
2268,7
2269,16
2270,19
2271,9
2272,18
2273,19
2274,23
2275,17
2276,18
2277,19
2278,4
2279,12
2280,10
2281,14
2282,16
2283,1
2284,9
2285,16
2286,20
2287,4
2288,23
2289,16
2290,4
2291,21
2292,18
2293,7
2294,16
2295,2
2296,12
2297,6
2298,23
2299,13
2300,2
2301,7
2302,16
2303,16
2304,13
2305,16
2306,20
2307,21
2308,19
2309,19
2310,3
2311,16
2312,23
2313,17
2314,7
2315,4
2316,13
2317,23
2318,19
2319,23
2320,2
2321,10
2322,19
2323,4
2324,8
2325,12
2326,20
2327,13
2328,17
2329,17
2330,7
2331,6
2332,14
2333,11
2334,9
2335,16
2336,10
2337,19
2338,19
2339,16
2340,17
2341,13
2342,7
2343,1
2344,14
2345,3
2346,17
2347,15
2348,23
2349,1
2350,4
2351,14
2352,4
2353,5
2354,8
2355,9
2356,6
2357,20
2358,6
2359,19
2360,12
2361,6
2362,10
2363,12
2364,8
2365,9
2366,15
2367,19
2368,14
2369,23
2370,14
2371,4
2372,8
2373,16
2374,12
2375,20
2376,13
2377,21
2378,15
2379,20
2380,8
2381,6
2382,7
2383,20
2384,13
2385,7
2386,21
2387,8
2388,23
2389,23
2390,6
2391,7
2392,14
2393,17
2394,16
2395,9
2396,16
2397,13
2398,4
2399,16
2400,6
2401,4
2402,6
2403,14
2404,11
2405,16
2406,2
2407,16
2408,14
2409,6
2410,14
2411,20
2412,4
2413,2
2414,13
2415,17
2416,1
2417,4
2418,21
2419,23
2420,23
2421,4
2422,13
2423,21
2424,19
2425,8
2426,19
2427,3
2428,9
2429,10
2430,8
2431,16
2432,23
2433,18
2434,6
2435,3
2436,9
2437,8
2438,14
2439,2
2440,5
2441,3
2442,14
2443,11
2444,4
2445,15
2446,15
2447,17
2448,21
2449,18
2450,15
2451,19
2452,19
2453,14
2454,19
2455,21
2456,7
2457,5
2458,7
2459,23
2460,23
2461,23
2462,22
2463,4
2464,17
2465,7
2466,7
2467,20
2468,2
2469,14
2470,20
2471,9
2472,3
2473,16
2474,13
2475,7
2476,14
2477,22
2478,4
2479,16
2480,12
2481,9
2482,16
2483,14
2484,4
2485,21
2486,20
2487,20
2488,20
2489,7
2490,11
2491,3
2492,14
2493,14
2494,19
2495,19
2496,20
2497,16
2498,23
2499,9
2500,1
2501,2
2502,23
2503,4
2504,23
2505,17
2506,4
2507,23
2508,11
2509,23
2510,19
2511,16
2512,19
2513,14
2514,16
2515,23
2516,9
2517,6
2518,3
2519,12
2520,15
2521,13
2522,4
2523,19
2524,19
2525,16
2526,19
2527,19
2528,9
2529,12
2530,14
2531,4
2532,23
2533,10
2534,4
2535,17
2536,4
2537,14
2538,9
2539,23
2540,1
2541,18
2542,11
2543,19
2544,21
2545,8
2546,10
2547,21
2548,16
2549,16
2550,23
2551,4
2552,5
2553,19
2554,16
2555,2
2556,2
2557,16
2558,18
2559,6
2560,13
2561,3
2562,4
2563,14
2564,9
2565,16
2566,23
2567,5
2568,19
2569,16
2570,9
2571,21
2572,13
2573,19
2574,14
2575,20
2576,13
2577,12
2578,13
2579,14
2580,23
2581,10
2582,7
2583,23
2584,2
2585,19
2586,2
2587,16
2588,14
2589,1
2590,16
2591,5
2592,21
2593,3
2594,14
2595,14
2596,4
2597,23
2598,4
2599,16
2600,23
2601,4
2602,2
2603,23
2604,16
2605,16
2606,10
2607,15
2608,19
2609,19
2610,16
2611,12
2612,9
2613,19
2614,23
2615,17
2616,23
2617,4
2618,3
2619,19
2620,17
2621,9
2622,10
2623,9
2624,10
2625,1
2626,14
2627,3
2628,17
2629,9
2630,17
2631,7
2632,21
2633,4
2634,7
2635,5
2636,7
2637,16
2638,2
2639,23
2640,20
2641,23
2642,13
2643,23
2644,2
2645,21
2646,14
2647,14
2648,20
2649,22
2650,10
2651,16
2652,6
2653,19
2654,15
2655,4
2656,2
2657,13
2658,18
2659,19
2660,4
2661,9
2662,12
2663,4
2664,19
2665,4
2666,7
2667,12
2668,4
2669,5
2670,13
2671,14
2672,9
2673,19
2674,7
2675,16
2676,23
2677,20
2678,9
2679,13
2680,6
2681,2
2682,13
2683,7
2684,5
2685,17
2686,4
2687,2
2688,4
2689,12
2690,17
2691,2
2692,4
2693,17
2694,16
2695,9
2696,7
2697,13
2698,7
2699,19
2700,21
2701,9
2702,23
2703,9
2704,4
2705,9
2706,9
2707,23
2708,9
2709,5
2710,23
2711,17
2712,4
2713,4
2714,19
2715,4
2716,6
2717,16
2718,23
2719,16
2720,21
2721,23
2722,7
2723,20
2724,4
2725,9
2726,10
2727,19
2728,7
2729,18
2730,9
2731,3
2732,5
2733,9
2734,2
2735,23
2736,23
2737,2
2738,4
2739,21
2740,1
2741,4
2742,23
2743,16
2744,8
2745,13
2746,23
2747,7
2748,14
2749,15
2750,14
2751,20
2752,11
2753,16
2754,22
2755,19
2756,20
2757,17
2758,17
2759,20
2760,17
2761,19
2762,1
2763,16
2764,23
2765,7
2766,8
2767,2
2768,17
2769,4
2770,21
2771,23
2772,5
2773,17
2774,17
2775,19
2776,19
2777,7
2778,14
2779,20
2780,16
2781,2
2782,23
2783,14
2784,19
2785,19
2786,7
2787,18
2788,5
2789,13
2790,19
2791,20
2792,22
2793,20
2794,3
2795,23
2796,16
2797,3
2798,8
2799,13
2800,23
2801,9
2802,6
2803,4
2804,5
2805,11
2806,7
2807,4
2808,18
2809,5
2810,8
2811,19
2812,9
2813,16
2814,16
2815,6
2816,9
2817,2
2818,14
2819,4
2820,23
2821,4
2822,4
2823,19
2824,2
2825,2
2826,16
2827,1
2828,2
2829,9
2830,19
2831,20
2832,2
2833,23
2834,10
2835,14
2836,4
2837,11
2838,20
2839,9
2840,5
2841,22
2842,10
2843,20
2844,9
2845,14
2846,23
2847,19
2848,9
2849,23
2850,9
2851,18
2852,21
2853,19
2854,19
2855,11
2856,2
2857,10
2858,16
2859,20
2860,23
2861,16
2862,13
2863,3
2864,11
2865,4
2866,12
2867,4
2868,23
2869,12
2870,12
2871,23
2872,20
2873,2
2874,9
2875,23
2876,15
2877,21
2878,16
2879,4
2880,23
2881,6
2882,17
2883,23
2884,2
2885,4
2886,4
2887,12
2888,17
2889,4
2890,19
2891,23
2892,23
2893,23
2894,4
2895,19
2896,4
2897,9
2898,7
2899,4
2900,8
2901,12
2902,21
2903,9
2904,7
2905,14
2906,9
2907,2
2908,4
2909,13
2910,12
2911,4
2912,21
2913,20
2914,4
2915,19
2916,17
2917,5
2918,19
2919,18
2920,13
2921,4
2922,20
2923,3
2924,23
2925,4
2926,21
2927,4
2928,22
2929,23
2930,9
2931,21
2932,20
2933,19
2934,7
2935,23
2936,14
2937,22
2938,4
2939,23
2940,17
2941,10
2942,7
2943,2
2944,1
2945,17
2946,19
2947,16
2948,11
2949,1
2950,16
2951,15
2952,7
2953,13
2954,17
2955,19
2956,9
2957,4
2958,4
2959,21
2960,19
2961,12
2962,6
2963,13
2964,14
2965,19
2966,4
2967,19
2968,4
2969,7
2970,20
2971,13
2972,19
2973,19
2974,16
2975,12
2976,3
2977,14
2978,13
2979,13
2980,4
2981,9
2982,23
2983,19
2984,19
2985,21
2986,3
2987,13
2988,4
2989,11
2990,17
2991,5
2992,16
2993,18
2994,23
2995,16
2996,3
2997,5
2998,13
2999,7
3000,17
3001,13
3002,17
3003,13
3004,19
3005,16
3006,16
3007,20
3008,4
3009,23
3010,11
3011,20
3012,9
3013,13
3014,4
3015,17
3016,13
3017,21
3018,15
3019,16
3020,19
3021,5
3022,4
3023,16
3024,1
3025,17
3026,3
3027,6
3028,9
3029,9
3030,12
3031,13
3032,9
3033,7
3034,2
3035,2
3036,10
3037,13
3038,4
3039,18
3040,7
3041,5
3042,9
3043,16
3044,13
3045,16
3046,14
3047,16
3048,15
3049,16
3050,16
3051,19
3052,19
3053,9
3054,4
3055,16
3056,13
3057,12
3058,13
3059,16
3060,17
3061,6
3062,12
3063,23
3064,14
3065,23
3066,23
3067,3
3068,3
3069,3
3070,20
3071,20
3072,7
3073,19
3074,21
3075,4
3076,4
3077,7
3078,20
3079,12
3080,9
3081,4
3082,17
3083,9
3084,16
3085,13
3086,19
3087,9
3088,8
3089,16
3090,17
3091,4
3092,17
3093,17
3094,23
3095,3
3096,7
3097,11
3098,2
3099,2
3100,12
3101,16
3102,17
3103,16
3104,6
3105,17
3106,9
3107,4
3108,13
3109,9
3110,1
3111,10
3112,4
3113,4
3114,20
3115,7
3116,1
3117,19
3118,17
3119,4
3120,17
3121,23
3122,16
3123,19
3124,7
3125,9
3126,13
3127,10
3128,23
3129,2
3130,5
3131,16
3132,9
3133,3
3134,17
3135,13
3136,11
3137,23
3138,9
3139,14
3140,12
3141,8
3142,15
3143,19
3144,17
3145,13
3146,2
3147,20
3148,16
3149,12
3150,18
3151,17
3152,9
3153,23
3154,17
3155,1
3156,4
3157,21
3158,1
3159,2
3160,20
3161,20
3162,16
3163,9
3164,12
3165,16
3166,16
3167,14
3168,1
3169,16
3170,19
3171,2
3172,4
3173,4
3174,2
3175,4
3176,23
3177,23
3178,22
3179,2
3180,12
3181,16
3182,19
3183,23
3184,8
3185,20
3186,6
3187,18
3188,17
3189,10
3190,23
3191,20
3192,17
3193,17
3194,12
3195,16
3196,16
3197,23
3198,13
3199,2
3200,20
3201,16
3202,12
3203,5
3204,9
3205,16
3206,9
3207,23
3208,23
3209,3
3210,19
3211,13
3212,16
3213,23
3214,13
3215,17
3216,20
3217,4
3218,3
3219,6
3220,23
3221,4
3222,19
3223,9
3224,14
3225,13
3226,4
3227,4
3228,23
3229,10
3230,16
3231,22
3232,23
3233,11
3234,13
3235,12
3236,11
3237,17
3238,6
3239,13
3240,14
3241,19
3242,4
3243,7
3244,14
3245,12
3246,10
3247,23
3248,19
3249,10
3250,13
3251,20
3252,12
3253,4
3254,16
3255,16
3256,13
3257,3
3258,19
3259,13
3260,7
3261,19
3262,16
3263,4
3264,4
3265,23
3266,1
3267,9
3268,13
3269,19
3270,12
3271,23
3272,17
3273,20
3274,18
3275,2
3276,13
3277,9
3278,13
3279,23
3280,11
3281,17
3282,10
3283,2
3284,20
3285,13
3286,21
3287,5
3288,21
3289,9
3290,4
3291,14
3292,16
3293,9
3294,9
3295,19
3296,7
3297,7
3298,9
3299,13
3300,17
3301,9
3302,14
3303,13
3304,23
3305,2
3306,16
3307,16
3308,9
3309,7
3310,13
3311,19
3312,8
3313,17
3314,20
3315,7
3316,1
3317,13
3318,17
3319,2
3320,10
3321,4
3322,19
3323,12
3324,6
3325,17
3326,13
3327,16
3328,21
3329,23
3330,16
3331,14
3332,3
3333,20
3334,16
3335,12
3336,3
3337,13
3338,7
3339,9
3340,9
3341,4
3342,17
3343,17
3344,3
3345,16
3346,9
3347,5
3348,23
3349,12
3350,21
3351,19
3352,13
3353,15
3354,4
3355,9
3356,1
3357,3
3358,21
3359,16
3360,3
3361,21
3362,23
3363,20
3364,23
3365,6
3366,7
3367,19
3368,19
3369,16
3370,17
3371,17
3372,13
3373,9
3374,2
3375,4
3376,11
3377,16
3378,15
3379,13
3380,10
3381,13
3382,1
3383,16
3384,16
3385,19
3386,6
3387,2
3388,3
3389,4
3390,9
3391,17
3392,7
3393,4
3394,22
3395,7
3396,4
3397,16
3398,7
3399,4
3400,13
3401,11
3402,19
3403,17
3404,23
3405,14
3406,16
3407,17
3408,3
3409,16
3410,19
3411,6
3412,5
3413,10
3414,2
3415,16
3416,16
3417,17
3418,12
3419,4
3420,1
3421,4
3422,7
3423,2
3424,22
3425,17
3426,16
3427,9
3428,23
3429,3
3430,15
3431,7
3432,2
3433,19
3434,13
3435,19
3436,13
3437,23
3438,14
3439,13
3440,12
3441,1
3442,19
3443,18
3444,7
3445,23
3446,7
3447,13
3448,18
3449,12
3450,17
3451,2
3452,19
3453,4
3454,13
3455,2
3456,14
3457,6
3458,20
3459,9
3460,13
3461,16
3462,5
3463,4
3464,21
3465,9
3466,19
3467,16
3468,1
3469,8
3470,9
3471,4
3472,5
3473,4
3474,21
3475,14
3476,23
3477,15
3478,19
3479,9
3480,9
3481,20
3482,9
3483,2
3484,14
3485,9
3486,7
3487,13
3488,13
3489,20
3490,6
3491,4
3492,16
3493,9
3494,22
3495,4
3496,4
3497,4
3498,13
3499,5
3500,13
3501,3
3502,7
3503,16
3504,17
3505,11
3506,17
3507,19
3508,14
3509,10
3510,13
3511,4
3512,19
3513,3
3514,20
3515,16
3516,16
3517,2
3518,19
3519,13
3520,16
3521,14
3522,9
3523,15
3524,21
3525,2
3526,11
3527,14
3528,9
3529,5
3530,7
3531,4
3532,5
3533,19
3534,6
3535,23
3536,4
3537,2
3538,21
3539,21
3540,12
3541,20
3542,1
3543,19
3544,4
3545,19
3546,13
3547,7
3548,2
3549,17
3550,11
3551,23
3552,14
3553,3
3554,19
3555,2
3556,13
3557,20
3558,6
3559,21
3560,17
3561,3
3562,21
3563,23
3564,2
3565,2
3566,10
3567,14
3568,3
3569,20
3570,13
3571,17
3572,20
3573,3
3574,22
3575,17
3576,23
3577,4
3578,3
3579,13
3580,19
3581,23
3582,9
3583,13
3584,17
3585,14
3586,14
3587,21
3588,20
3589,4
3590,13
3591,12
3592,12
3593,20
3594,4
3595,11
3596,13
3597,2
3598,9
3599,12
3600,19
3601,13
3602,23
3603,6
3604,9
3605,21
3606,13
3607,23
3608,21
3609,2
3610,17
3611,5
3612,13
3613,10
3614,16
3615,10
3616,23
3617,1
3618,5
3619,4
3620,7
3621,4
3622,7
3623,2
3624,12
3625,16
3626,16
3627,13
3628,20
3629,2
3630,9
3631,2
3632,19
3633,17
3634,7
3635,14
3636,2
3637,1
3638,13
3639,2
3640,17
3641,9
3642,7
3643,6
3644,13
3645,13
3646,18
3647,10
3648,12
3649,13
3650,23
3651,10
3652,15
3653,2
3654,17
3655,16
3656,8
3657,4
3658,16
3659,13
3660,9
3661,4
3662,17
3663,23
3664,12
3665,19
3666,1
3667,23
3668,23
3669,7
3670,17
3671,2
3672,15
3673,7
3674,17
3675,6
3676,5
3677,7
3678,10
3679,19
3680,16
3681,23
3682,23
3683,4
3684,14
3685,5
3686,4
3687,23
3688,2
3689,16
3690,13
3691,22
3692,13
3693,18
3694,15
3695,20
3696,14
3697,4
3698,18
3699,4
3700,13
3701,19
3702,5
3703,5
3704,16
3705,23
3706,23
3707,8
3708,8
3709,12
3710,17
3711,7
3712,4
3713,19
3714,14
3715,16
3716,4
3717,2
3718,17
3719,21
3720,14
3721,20
3722,20
3723,16
3724,4
3725,4
3726,3
3727,5
3728,22
3729,19
3730,22
3731,16
3732,13
3733,16
3734,23
3735,5
3736,9
3737,15
3738,8
3739,7
3740,1
3741,9
3742,9
3743,15
3744,9
3745,17
3746,12
3747,10
3748,9
3749,9
3750,16
3751,2
3752,9
3753,17
3754,13
3755,19
3756,18
3757,19
3758,19
3759,10
3760,20
3761,19
3762,5
3763,4
3764,12
3765,4
3766,12
3767,17
3768,13
3769,2
3770,23
3771,16
3772,16
3773,8
3774,17
3775,7
3776,10
3777,19
3778,17
3779,16
3780,9
3781,16
3782,4
3783,19
3784,13
3785,2
3786,15
3787,7
3788,14
3789,16
3790,16
3791,20
3792,16
3793,6
3794,12
3795,4
3796,9
3797,18
3798,14
3799,2
3800,4
3801,12
3802,7
3803,2
3804,23
3805,22
3806,4
3807,5
3808,20
3809,9
3810,16
3811,4
3812,4
3813,8
3814,17
3815,13
3816,21
3817,16
3818,10
3819,5
3820,19
3821,16
3822,14
3823,2
3824,16
3825,23
3826,10
3827,20
3828,7
3829,9
3830,16
3831,19
3832,3
3833,10
3834,16
3835,2
3836,12
3837,10
3838,16
3839,19
3840,8
3841,6
3842,21
3843,20
3844,14
3845,16
3846,4
3847,7
3848,14
3849,8
3850,18
3851,20
3852,20
3853,1
3854,4
3855,19
3856,19
3857,7
3858,21
3859,21
3860,5
3861,19
3862,12
3863,13
3864,22
3865,20
3866,19
3867,19
3868,7
3869,11
3870,19
3871,5
3872,1
3873,16
3874,5
3875,4
3876,21
3877,17
3878,2
3879,23
3880,16
3881,16
3882,19
3883,17
3884,4
3885,8
3886,12
3887,14
3888,17
3889,14
3890,20
3891,13
3892,16
3893,13
3894,16
3895,13
3896,21
3897,9
3898,19
3899,4
3900,14
3901,10
3902,16
3903,11
3904,7
3905,12
3906,1
3907,19
3908,23
3909,10
3910,17
3911,14
3912,23
3913,23
3914,16
3915,4
3916,16
3917,15
3918,5
3919,4
3920,23
3921,2
3922,17
3923,21
3924,12
3925,23
3926,21
3927,17
3928,8
3929,6
3930,7
3931,13
3932,15
3933,12
3934,4
3935,21
3936,4
3937,7
3938,4
3939,11
3940,13
3941,23
3942,21
3943,19
3944,7
3945,9
3946,20
3947,22
3948,4
3949,2
3950,16
3951,8
3952,14
3953,8
3954,19
3955,23
3956,2
3957,23
3958,15
3959,4
3960,21
3961,16
3962,7
3963,19
3964,7
3965,8
3966,16
3967,16
3968,9
3969,4
3970,19
3971,19
3972,20
3973,13
3974,19
3975,2
3976,19
3977,20
3978,12
3979,17
3980,23
3981,5
3982,23
3983,13
3984,16
3985,9
3986,13
3987,10
3988,16
3989,14
3990,4
3991,4
3992,14
3993,17
3994,19
3995,12
3996,7
3997,2
3998,4
3999,9
4000,4
4001,4
4002,23
4003,12
4004,19
4005,16
4006,13
4007,7
4008,2
4009,2
4010,7
4011,6
4012,20
4013,10
4014,13
4015,14
4016,20
4017,5
4018,4
4019,7
4020,21
4021,21
4022,10
4023,5
4024,2
4025,14
4026,21
4027,19
4028,16
4029,16
4030,19
4031,9
4032,9
4033,4
4034,8
4035,5
4036,10
4037,5
4038,12
4039,17
4040,17
4041,4
4042,12
4043,13
4044,12
4045,23
4046,5
4047,12
4048,4
4049,6
4050,7
4051,19
4052,14
4053,16
4054,13
4055,19
4056,14
4057,4
4058,21
4059,7
4060,17
4061,23
4062,13
4063,16
4064,7
4065,11
4066,13
4067,19
4068,16
4069,22
4070,7
4071,23
4072,18
4073,13
4074,12
4075,20
4076,18
4077,17
4078,21
4079,6
4080,2
4081,11
4082,17
4083,17
4084,16
4085,22
4086,9
4087,10
4088,23
4089,17
4090,17
4091,13
4092,12
4093,16
4094,9
4095,18
4096,7
4097,23
4098,3
4099,19
4100,23
4101,4
4102,9
4103,13
4104,16
4105,16
4106,9
4107,20
4108,9
4109,20
4110,10
4111,23
4112,4
4113,11
4114,1
4115,4
4116,14
4117,4
4118,8
4119,12
4120,19
4121,19
4122,16
4123,4
4124,13
4125,9
4126,15
4127,20
4128,9
4129,8
4130,4
4131,8
4132,2
4133,9
4134,7
4135,2
4136,20
4137,14
4138,13
4139,7
4140,13
4141,16
4142,19
4143,1
4144,10
4145,17
4146,16
4147,21
4148,19
4149,5
4150,9
4151,10
4152,14
4153,17
4154,4
4155,20
4156,4
4157,16
4158,11
4159,9
4160,16
4161,1
4162,19
4163,17
4164,9
4165,10
4166,7
4167,18
4168,7
4169,8
4170,14
4171,2
4172,4
4173,7
4174,21
4175,21
4176,19
4177,23
4178,4
4179,13
4180,19
4181,17
4182,20
4183,23
4184,12
4185,16
4186,14
4187,13
4188,13
4189,12
4190,13
4191,4
4192,12
4193,8
4194,12
4195,13
4196,13
4197,12
4198,4
4199,17
4200,13
4201,14
4202,9
4203,23
4204,12
4205,16
4206,13
4207,4
4208,9
4209,17
4210,5
4211,20
4212,3
4213,4
4214,18
4215,21
4216,7
4217,4
4218,16
4219,19
4220,16
4221,12
4222,12
4223,12
4224,4
4225,23
4226,16
4227,4
4228,2
4229,2
4230,20
4231,20
4232,4
4233,2
4234,14
4235,16
4236,2
4237,8
4238,10
4239,7
4240,23
4241,11
4242,9
4243,19
4244,20
4245,6
4246,7
4247,12
4248,4
4249,1
4250,17
4251,3
4252,19
4253,3
4254,20
4255,13
4256,21
4257,4
4258,4
4259,7
4260,13
4261,13
4262,2
4263,19
4264,16
4265,14
4266,4
4267,23
4268,3
4269,21
4270,10
4271,1
4272,9
4273,2
4274,11
4275,23
4276,19
4277,2
4278,19
4279,22
4280,9
4281,15
4282,17
4283,16
4284,19
4285,4
4286,4
4287,16
4288,23
4289,2
4290,6
4291,19
4292,13
4293,13
4294,9
4295,7
4296,16
4297,4
4298,5
4299,13
4300,6
4301,23
4302,4
4303,7
4304,6
4305,16
4306,23
4307,4
4308,17
4309,11
4310,16
4311,19
4312,12
4313,6
4314,4
4315,2
4316,20
4317,20
4318,13
4319,2
4320,17
4321,16
4322,23
4323,17
4324,21
4325,23
4326,16
4327,13
4328,12
4329,19
4330,4
4331,10
4332,13
4333,19
4334,15
4335,13
4336,19
4337,9
4338,7
4339,4
4340,9
4341,6
4342,5
4343,12
4344,9
4345,14
4346,2
4347,18
4348,4
4349,16
4350,23
4351,7
4352,16
4353,5
4354,10
4355,2
4356,13
4357,23
4358,4
4359,20
4360,16
4361,13
4362,21
4363,9
4364,17
4365,2
4366,16
4367,19
4368,11
4369,19
4370,19
4371,16
4372,14
4373,16
4374,21
4375,23
4376,20
4377,19
4378,17
4379,19
4380,16
4381,4
4382,13
4383,11
4384,17
4385,9
4386,2
4387,9
4388,4
4389,21
4390,3
4391,13
4392,16
4393,20
4394,13
4395,9
4396,2
4397,9
4398,19
4399,16
4400,23
4401,12
4402,17
4403,21
4404,13
4405,18
4406,16
4407,16
4408,4
4409,13
4410,13
4411,3
4412,19
4413,9
4414,11
4415,14
4416,21
4417,5
4418,16
4419,11
4420,4
4421,23
4422,17
4423,16
4424,20
4425,17
4426,5
4427,19
4428,15
4429,2
4430,2
4431,23
4432,14
4433,12
4434,18
4435,20
4436,23
4437,17
4438,21
4439,20
4440,12
4441,21
4442,10
4443,15
4444,10
4445,23
4446,7
4447,2
4448,4
4449,6
4450,23
4451,11
4452,1
4453,19
4454,19
4455,19
4456,9
4457,20
4458,17
4459,19
4460,14
4461,5
4462,16
4463,14
4464,23
4465,15
4466,6
4467,15
4468,19
4469,22
4470,13
4471,11
4472,11
4473,17
4474,1
4475,20
4476,16
4477,19
4478,15
4479,13
4480,10
4481,21
4482,16
4483,16
4484,11
4485,16
4486,6
4487,21
4488,16
4489,19
4490,20
4491,21
4492,16
4493,19
4494,18
4495,6
4496,23
4497,4
4498,18
4499,4
4500,19
4501,14
4502,19
4503,19
4504,4
4505,23
4506,17
4507,23
4508,16
4509,20
4510,1
4511,22
4512,2
4513,20
4514,5
4515,15
4516,17
4517,21
4518,13
4519,3
4520,13
4521,19
4522,17
4523,20
4524,10
4525,4
4526,23
4527,21
4528,21
4529,16
4530,8
4531,2
4532,9
4533,4
4534,23
4535,20
4536,9
4537,14
4538,16
4539,20
4540,16
4541,4
4542,4
4543,9
4544,23
4545,10
4546,19
4547,1
4548,6
4549,2
4550,16
4551,12
4552,3
4553,20
4554,4
4555,23
4556,11
4557,5
4558,10
4559,12
4560,17
4561,4
4562,9
4563,19
4564,23
4565,21
4566,18
4567,4
4568,16
4569,23
4570,21
4571,3
4572,9
4573,9
4574,16
4575,17
4576,12
4577,4
4578,16
4579,10
4580,17
4581,17
4582,16
4583,7
4584,17
4585,4
4586,19
4587,13
4588,14
4589,9
4590,6
4591,4
4592,9
4593,12
4594,3
4595,19
4596,2
4597,17
4598,14
4599,13
4600,23
4601,21
4602,17
4603,23
4604,10
4605,12
4606,2
4607,21
4608,17
4609,23
4610,17
4611,5
4612,9
4613,11
4614,20
4615,23
4616,9
4617,5
4618,23
4619,7
4620,16
4621,23
4622,16
4623,12
4624,17
4625,7
4626,16
4627,12
4628,18
4629,2
4630,20
4631,4
4632,17
4633,20
4634,13
4635,14
4636,17
4637,12
4638,20
4639,4
4640,5
4641,12
4642,21
4643,2
4644,4
4645,19
4646,16
4647,13
4648,20
4649,18
4650,5
4651,11
4652,16
4653,4
4654,19
4655,23
4656,10
4657,19
4658,14
4659,11
4660,4
4661,12
4662,6
4663,1
4664,14
4665,6
4666,14
4667,19
4668,10
4669,9
4670,23
4671,4
4672,2
4673,17
4674,13
4675,4
4676,11
4677,19
4678,10
4679,9
4680,16
4681,1
4682,17
4683,23
4684,21
4685,1
4686,17
4687,16
4688,4
4689,16
4690,13
4691,14
4692,23
4693,7
4694,19
4695,13
4696,14
4697,3
4698,13
4699,23
4700,19
4701,19
4702,17
4703,17
4704,19
4705,6
4706,4
4707,14
4708,2
4709,17
4710,21
4711,10
4712,13
4713,19
4714,2
4715,5
4716,9
4717,16
4718,3
4719,14
4720,20
4721,23
4722,22
4723,19
4724,23
4725,20
4726,23
4727,23
4728,13
4729,17
4730,16
4731,21
4732,19
4733,23
4734,17
4735,13
4736,4
4737,1
4738,16
4739,3
4740,1
4741,13
4742,23
4743,13
4744,23
4745,4
4746,10
4747,23
4748,7
4749,16
4750,14
4751,8
4752,5
4753,23
4754,17
4755,4
4756,17
4757,4
4758,21
4759,14
4760,4
4761,13
4762,9
4763,4
4764,7
4765,2
4766,12
4767,4
4768,9
4769,10
4770,20
4771,1
4772,16
4773,2
4774,14
4775,17
4776,9
4777,11
4778,6
4779,8
4780,4
4781,19
4782,7
4783,19
4784,10
4785,16
4786,10
4787,23
4788,22
4789,4
4790,16
4791,17
4792,6
4793,9
4794,4
4795,20
4796,9
4797,2
4798,21
4799,14
4800,16
4801,8
4802,13
4803,5
4804,16
4805,21
4806,4
4807,13
4808,6
4809,9
4810,14
4811,16
4812,19
4813,14
4814,22
4815,1
4816,16
4817,19
4818,19
4819,14
4820,17
4821,2
4822,18
4823,16
4824,4
4825,23
4826,5
4827,4
4828,5
4829,23
4830,7
4831,23
4832,20
4833,6
4834,10
4835,21
4836,10
4837,4
4838,10
4839,5
4840,16
4841,16
4842,16
4843,17
4844,16
4845,9
4846,13
4847,15
4848,9
4849,2
4850,16
4851,16
4852,4
4853,17
4854,20
4855,10
4856,13
4857,2
4858,20
4859,21
4860,16
4861,16
4862,23
4863,6
4864,7
4865,6
4866,20
4867,4
4868,18
4869,18
4870,7
4871,15
4872,13
4873,20
4874,16
4875,17
4876,19
4877,14
4878,18
4879,16
4880,18
4881,23
4882,7
4883,23
4884,9
4885,17
4886,13
4887,9
4888,20
4889,23
4890,12
4891,17
4892,23
4893,16
4894,4
4895,16
4896,4
4897,23
4898,4
4899,23
4900,3
4901,9
4902,13
4903,23
4904,8
4905,13
4906,17
4907,16
4908,22
4909,22
4910,13
4911,1
4912,19
4913,11
4914,13
4915,4
4916,15
4917,4
4918,14
4919,8
4920,2
4921,19
4922,17
4923,6
4924,23
4925,19
4926,21
4927,21
4928,3
4929,8
4930,15
4931,13
4932,23
4933,14
4934,15
4935,9
4936,20
4937,5
4938,10
4939,21
4940,9
4941,2
4942,17
4943,16
4944,16
4945,23
4946,16
4947,19
4948,17
4949,4
4950,16
4951,2
4952,4
4953,23
4954,13
4955,17
4956,16
4957,4
4958,10
4959,11
4960,12
4961,12
4962,19
4963,10
4964,13
4965,11
4966,11
4967,9
4968,16
4969,1
4970,19
4971,23
4972,10
4973,14
4974,7
4975,19
4976,1
4977,12
4978,16
4979,23
4980,14
4981,13
4982,7
4983,4
4984,2
4985,16
4986,17
4987,15
4988,23
4989,19
4990,23
4991,16
4992,6
4993,16
4994,2
4995,4
4996,16
4997,10
4998,16
4999,11
5000,7
5001,21
5002,16
5003,18
5004,23
5005,17
5006,8
5007,23
5008,15
5009,23
5010,16
5011,23
5012,23
5013,17
5014,20
5015,5
5016,17
5017,16
5018,13
5019,9
5020,4
5021,2
5022,2
5023,19
5024,4
5025,10
5026,19
5027,13
5028,17
5029,5
5030,12
5031,9
5032,20
5033,13
5034,9
5035,13
5036,18
5037,7
5038,21
5039,18
5040,12
5041,3
5042,9
5043,23
5044,9
5045,23
5046,16
5047,9
5048,4
5049,13
5050,7
5051,4
5052,10
5053,8
5054,12
5055,9
5056,16
5057,1
5058,2
5059,13
5060,2
5061,12
5062,20
5063,4
5064,16
5065,9
5066,4
5067,19
5068,10
5069,4
5070,6
5071,7
5072,16
5073,17
5074,13
5075,13
5076,7
5077,4
5078,9
5079,7
5080,13
5081,18
5082,14
5083,4
5084,1
5085,9
5086,18
5087,14
5088,1
5089,2
5090,17
5091,16
5092,12
5093,5
5094,23
5095,21
5096,4
5097,17
5098,19
5099,23
5100,2
5101,2
5102,9
5103,9
5104,21
5105,18
5106,3
5107,20
5108,13
5109,2
5110,13
5111,23
5112,7
5113,7
5114,2
5115,20
5116,5
5117,17
5118,4
5119,23
5120,16
5121,16
5122,1
5123,11
5124,7
5125,19
5126,2
5127,9
5128,21
5129,2
5130,7
5131,2
5132,2
5133,13
5134,23
5135,9
5136,9
5137,12
5138,9
5139,23
5140,16
5141,13
5142,1
5143,17
5144,16
5145,6
5146,23
5147,3
5148,13
5149,4
5150,13
5151,16
5152,8
5153,2
5154,23
5155,19
5156,9
5157,4
5158,19
5159,9
5160,21
5161,4
5162,15
5163,16
5164,19
5165,16
5166,19
5167,22
5168,16
5169,10
5170,9
5171,11
5172,16
5173,7
5174,15
5175,14
5176,7
5177,17
5178,11
5179,8
5180,21
5181,17
5182,4
5183,8
5184,21
5185,7
5186,1
5187,10
5188,3
5189,20
5190,8
5191,12
5192,19
5193,13
5194,9
5195,8
5196,13
5197,7
5198,13
5199,7
5200,23
5201,7
5202,8
5203,19
5204,4
5205,9
5206,9
5207,16
5208,13
5209,7
5210,18
5211,10
5212,23
5213,23
5214,16
5215,13
5216,4
5217,8
5218,3
5219,14
5220,8
5221,23
5222,6
5223,6
5224,16
5225,17
5226,9
5227,5
5228,17
5229,7
5230,2
5231,6
5232,9
5233,16
5234,19
5235,5
5236,11
5237,8
5238,16
5239,23
5240,19
5241,20
5242,13
5243,5
5244,3
5245,12
5246,12
5247,12
5248,13
5249,23
5250,23
5251,10
5252,1
5253,20
5254,23
5255,2
5256,13
5257,16
5258,20
5259,19
5260,17
5261,20
5262,17
5263,2
5264,7
5265,22
5266,13
5267,17
5268,6
5269,19
5270,23
5271,11
5272,21
5273,23
5274,16
5275,9
5276,2
5277,12
5278,2
5279,23
5280,21
5281,14
5282,9
5283,17
5284,11
5285,3
5286,15
5287,4
5288,9
5289,18
5290,7
5291,6
5292,2
5293,20
5294,7
5295,9
5296,10
5297,16
5298,9
5299,14
5300,4
5301,7
5302,23
5303,23
5304,2
5305,16
5306,17
5307,9
5308,8
5309,7
5310,23
5311,5
5312,16
5313,13
5314,16
5315,5
5316,7
5317,23
5318,9
5319,23
5320,14
5321,14
5322,7
5323,14
5324,20
5325,13
5326,16
5327,16
5328,18
5329,8
5330,4
5331,10
5332,9
5333,19
5334,23
5335,12
5336,16
5337,22
5338,5
5339,4
5340,10
5341,9
5342,3
5343,13
5344,19
5345,4
5346,3
5347,6
5348,14
5349,14
5350,15
5351,8
5352,1
5353,10
5354,13
5355,21
5356,13
5357,16
5358,3
5359,23
5360,6
5361,6
5362,4
5363,23
5364,4
5365,14
5366,19
5367,23
5368,14
5369,12
5370,9
5371,10
5372,13
5373,14
5374,4
5375,16
5376,23
5377,17
5378,9
5379,8
5380,10
5381,16
5382,3
5383,12
5384,16
5385,7
5386,7
5387,7
5388,23
5389,6
5390,16
5391,13
5392,17
5393,7
5394,11
5395,19
5396,23
5397,16
5398,2
5399,16
5400,10
5401,2
5402,4
5403,23
5404,16
5405,3
5406,7
5407,7
5408,4
5409,4
5410,9
5411,3
5412,16
5413,3
5414,23
5415,23
5416,4
5417,4
5418,9
5419,16
5420,19
5421,10
5422,7
5423,2
5424,17
5425,20
5426,4
5427,4
5428,23
5429,15
5430,13
5431,4
5432,6
5433,11
5434,10
5435,9
5436,9
5437,22
5438,23
5439,15
5440,13
5441,1
5442,13
5443,23
5444,19
5445,18
5446,13
5447,16
5448,12
5449,15
5450,4
5451,5
5452,2
5453,5
5454,6
5455,3
5456,4
5457,13
5458,1
5459,13
5460,21
5461,21
5462,10
5463,5
5464,16
5465,12
5466,3
5467,1
5468,7
5469,23
5470,16
5471,1
5472,4
5473,17
5474,4
5475,17
5476,3
5477,14
5478,16
5479,9
5480,16
5481,9
5482,9
5483,2
5484,11
5485,16
5486,4
5487,21
5488,15
5489,21
5490,12
5491,17
5492,20
5493,19
5494,18
5495,2
5496,1
5497,16
5498,21
5499,3
5500,14
5501,14
5502,23
5503,19
5504,2
5505,5
5506,23
5507,1
5508,13
5509,17
5510,7
5511,1
5512,16
5513,17
5514,8
5515,4
5516,17
5517,16
5518,4
5519,9
5520,9
5521,7
5522,9
5523,1
5524,4
5525,7
5526,4
5527,4
5528,21
5529,9
5530,6
5531,13
5532,12
5533,5
5534,4
5535,6
5536,16
5537,7
5538,4
5539,4
5540,22
5541,2
5542,13
5543,10
5544,13
5545,13
5546,20
5547,9
5548,13
5549,9
5550,4
5551,4
5552,19
5553,16
5554,14
5555,21
5556,6
5557,9
5558,23
5559,21
5560,1
5561,20
5562,17
5563,14
5564,21
5565,20
5566,10
5567,23
5568,15
5569,9
5570,16
5571,20
5572,1
5573,17
5574,7
5575,2
5576,2
5577,16
5578,13
5579,23
5580,4
5581,16
5582,22
5583,1
5584,15
5585,3
5586,7
5587,12
5588,7
5589,11
5590,13
5591,16
5592,3
5593,13
5594,20
5595,20
5596,5
5597,18
5598,19
5599,2
5600,20
5601,1
5602,20
5603,16
5604,20
5605,16
5606,23
5607,19
5608,2
5609,16
5610,16
5611,17
5612,6
5613,2
5614,17
5615,17
5616,20
5617,21
5618,20
5619,7
5620,20
5621,3
5622,20
5623,2
5624,1
5625,13
5626,4
5627,23
5628,14
5629,20
5630,3
5631,4
5632,23
5633,21
5634,10
5635,16
5636,4
5637,4
5638,17
5639,16
5640,21
5641,12
5642,9
5643,23
5644,17
5645,16
5646,13
5647,17
5648,20
5649,23
5650,9
5651,8
5652,17
5653,17
5654,21
5655,9
5656,20
5657,1
5658,22
5659,4
5660,19
5661,16
5662,7
5663,19
5664,23
5665,4
5666,4
5667,16
5668,23
5669,16
5670,5
5671,20
5672,3
5673,11
5674,2
5675,13
5676,10
5677,6
5678,20
5679,5
5680,4
5681,13
5682,7
5683,20
5684,4
5685,12
5686,20
5687,4
5688,14
5689,4
5690,5
5691,16
5692,14
5693,7
5694,13
5695,16
5696,14
5697,4
5698,2
5699,6
5700,7
5701,2
5702,7
5703,23
5704,16
5705,16
5706,6
5707,4
5708,20
5709,5
5710,13
5711,4
5712,13
5713,9
5714,7
5715,12
5716,23
5717,9
5718,23
5719,16
5720,23
5721,14
5722,23
5723,15
5724,23
5725,19
5726,19
5727,22
5728,13
5729,16
5730,2
5731,3
5732,13
5733,16
5734,23
5735,7
5736,2
5737,14
5738,6
5739,6
5740,17
5741,5
5742,19
5743,13
5744,18
5745,21
5746,13
5747,5
5748,7
5749,20
5750,20
5751,16
5752,4
5753,19
5754,4
5755,2
5756,17
5757,17
5758,21
5759,17
5760,17
5761,7
5762,8
5763,10
5764,13
5765,6
5766,4
5767,4
5768,4
5769,23
5770,19
5771,20
5772,7
5773,16
5774,13
5775,23
5776,10
5777,19
5778,17
5779,3
5780,2
5781,13
5782,23
5783,9
5784,17
5785,21
5786,19
5787,18
5788,6
5789,2
5790,23
5791,7
5792,19
5793,18
5794,7
5795,13
5796,20
5797,15
5798,21
5799,17
5800,4
5801,4
5802,19
5803,4
5804,12
5805,21
5806,9
5807,13
5808,21
5809,4
5810,15
5811,14
5812,7
5813,14
5814,19
5815,23
5816,17
5817,13
5818,20
5819,20
5820,9
5821,21
5822,15
5823,1
5824,7
5825,2
5826,14
5827,10
5828,14
5829,13
5830,7
5831,12
5832,20
5833,23
5834,6
5835,19
5836,19
5837,23
5838,13
5839,9
5840,20
5841,21
5842,13
5843,12
5844,13
5845,17
5846,20
5847,16
5848,23
5849,1
5850,2
5851,16
5852,8
5853,23
5854,3
5855,23
5856,23
5857,7
5858,17
5859,23
5860,21
5861,7
5862,4
5863,19
5864,12
5865,12
5866,11
5867,21
5868,2
5869,14
5870,4
5871,12
5872,23
5873,8
5874,23
5875,11
5876,10
5877,10
5878,3
5879,22
5880,13
5881,23
5882,8
5883,16
5884,4
5885,16
5886,20
5887,7
5888,23
5889,5
5890,7
5891,16
5892,13
5893,22
5894,16
5895,9
5896,2
5897,9
5898,6
5899,9
5900,4
5901,20
5902,17
5903,8
5904,9
5905,12
5906,10
5907,21
5908,16
5909,18
5910,13
5911,12
5912,13
5913,22
5914,3
5915,22
5916,2
5917,23
5918,2
5919,9
5920,16
5921,13
5922,7
5923,12
5924,16
5925,10
5926,21
5927,4
5928,9
5929,7
5930,7
5931,23
5932,16
5933,4
5934,2
5935,13
5936,19
5937,13
5938,12
5939,17
5940,6
5941,9
5942,13
5943,5
5944,16
5945,19
5946,23
5947,7
5948,16
5949,5
5950,14
5951,13
5952,4
5953,2
5954,13
5955,9
5956,23
5957,23
5958,13
5959,5
5960,11
5961,16
5962,12
5963,4
5964,16
5965,20
5966,14
5967,9
5968,9
5969,9
5970,21
5971,6
5972,23
5973,21
5974,7
5975,9
5976,23
5977,16
5978,23
5979,21
5980,2
5981,16
5982,16
5983,5
5984,19
5985,18
5986,10
5987,19
5988,19
5989,17
5990,2
5991,2
5992,22
5993,14
5994,2
5995,4
5996,4
5997,19
5998,17
5999,19
6000,19
6001,15
6002,9
6003,11
6004,5
6005,23
6006,14
6007,12
6008,1
6009,13
6010,23
6011,17
6012,20
6013,23
6014,3
6015,21
6016,7
6017,19
6018,19
6019,4
6020,14
6021,16
6022,20
6023,16
6024,1
6025,13
6026,19
6027,19
6028,18
6029,22
6030,9
6031,20
6032,23
6033,13
6034,5
6035,16
6036,4
6037,20
6038,4
6039,23
6040,3
6041,21
6042,7
6043,21
6044,4
6045,16
6046,4
6047,9
6048,9
6049,16
6050,2
6051,16
6052,19
6053,4
6054,9
6055,19
6056,4
6057,17
6058,14
6059,20
6060,1
6061,7
6062,2
6063,22
6064,15
6065,9
6066,14
6067,5
6068,17
6069,6
6070,23
6071,23
6072,4
6073,17
6074,12
6075,19
6076,14
6077,11
6078,19
6079,6
6080,12
6081,19
6082,12
6083,4
6084,7
6085,19
6086,23
6087,23
6088,13
6089,19
6090,23
6091,2
6092,7
6093,16
6094,12
6095,21
6096,10
6097,9
6098,7
6099,4
6100,11
6101,20
6102,8
6103,2
6104,5
6105,10
6106,3
6107,11
6108,23
6109,13
6110,11
6111,11
6112,10
6113,16
6114,3
6115,13
6116,16
6117,16
6118,16
6119,16
6120,14
6121,6
6122,4
6123,4
6124,23
6125,10
6126,16
6127,2
6128,13
6129,6
6130,2
6131,17
6132,13
6133,4
6134,19
6135,5
6136,2
6137,14
6138,16
6139,3
6140,16
6141,12
6142,2
6143,10
6144,13
6145,10
6146,21
6147,17
6148,10
6149,19
6150,23
6151,16
6152,12
6153,9
6154,6
6155,2
6156,13
6157,7
6158,4
6159,2
6160,22
6161,10
6162,12
6163,19
6164,4
6165,7
6166,16
6167,8
6168,2
6169,20
6170,16
6171,7
6172,16
6173,1
6174,18
6175,4
6176,19
6177,12
6178,23
6179,21
6180,19
6181,23
6182,17
6183,23
6184,13
6185,23
6186,12
6187,4
6188,19
6189,2
6190,8
6191,10
6192,13
6193,3
6194,23
6195,7
6196,12
6197,14
6198,17
6199,4
6200,5
6201,16
6202,14
6203,10
6204,13
6205,19
6206,1
6207,4
6208,4
6209,23
6210,17
6211,17
6212,9
6213,13
6214,17
6215,13
6216,9
6217,7
6218,13
6219,23
6220,19
6221,9
6222,7
6223,13
6224,9
6225,17
6226,6
6227,18
6228,21
6229,20
6230,4
6231,2
6232,22
6233,16
6234,17
6235,6
6236,20
6237,2
6238,10
6239,13
6240,10
6241,6
6242,16
6243,4
6244,14
6245,17
6246,14
6247,18
6248,6
6249,9
6250,13
6251,15
6252,13
6253,13
6254,16
6255,22
6256,10
6257,13
6258,13
6259,19
6260,20
6261,19
6262,15
6263,23
6264,16
6265,17
6266,16
6267,16
6268,7
6269,8
6270,21
6271,23
6272,23
6273,9
6274,10
6275,23
6276,20
6277,19
6278,13
6279,16
6280,7
6281,17
6282,15
6283,10
6284,17
6285,15
6286,7
6287,9
6288,9
6289,4
6290,21
6291,23
6292,4
6293,4
6294,3
6295,2
6296,9
6297,19
6298,23
6299,9
6300,14
6301,7
6302,9
6303,16
6304,7
6305,23
6306,19
6307,19
6308,12
6309,12
6310,10
6311,13
6312,4
6313,12
6314,15
6315,4
6316,7
6317,19
6318,21
6319,4
6320,13
6321,4
6322,4
6323,22
6324,16
6325,9
6326,9
6327,16
6328,16
6329,10
6330,4
6331,7
6332,7
6333,9
6334,10
6335,3
6336,4
6337,1
6338,20
6339,20
6340,4
6341,23
6342,21
6343,23
6344,17
6345,7
6346,16
6347,16
6348,2
6349,14
6350,2
6351,3
6352,19
6353,13
6354,18
6355,17
6356,19
6357,20
6358,16
6359,2
6360,13
6361,9
6362,9
6363,16
6364,9
6365,8
6366,4
6367,2
6368,4
6369,17
6370,9
6371,11
6372,3
6373,9
6374,16
6375,4
6376,12
6377,23
6378,6
6379,4
6380,4
6381,3
6382,13
6383,13
6384,12
6385,7
6386,23
6387,9
6388,20
6389,9
6390,16
6391,7
6392,20
6393,14
6394,16
6395,23
6396,19
6397,13
6398,3
6399,7
6400,20
6401,23
6402,2
6403,23
6404,10
6405,16
6406,20
6407,23
6408,9
6409,9
6410,13
6411,21
6412,4
6413,5
6414,17
6415,7
6416,17
6417,13
6418,11
6419,7
6420,20
6421,23
6422,3
6423,5
6424,20
6425,19
6426,6
6427,4
6428,13
6429,10
6430,17
6431,1
6432,14
6433,17
6434,7
6435,13
6436,19
6437,11
6438,23
6439,4
6440,17
6441,13
6442,20
6443,3
6444,19
6445,17
6446,13
6447,13
6448,2
6449,3
6450,1
6451,4
6452,14
6453,17
6454,20
6455,5
6456,21
6457,17
6458,4
6459,5
6460,19
6461,9
6462,4
6463,19
6464,16
6465,16
6466,2
6467,7
6468,13
6469,4
6470,19
6471,13
6472,10
6473,19
6474,17
6475,12
6476,21
6477,2
6478,1
6479,13
6480,10
6481,17
6482,16
6483,13
6484,16
6485,23
6486,9
6487,16
6488,1
6489,7
6490,19
6491,21
6492,14
6493,5
6494,16
6495,7
6496,10
6497,16
6498,21
6499,13
6500,11
6501,21
6502,4
6503,9
6504,21
6505,19
6506,16
6507,4
6508,4
6509,20
6510,9
6511,14
6512,9
6513,10
6514,5
6515,17
6516,13
6517,16
6518,2
6519,5
6520,12
6521,14
6522,8
6523,7
6524,5
6525,2
6526,23
6527,2
6528,6
6529,6
6530,9
6531,20
6532,7
6533,1
6534,4
6535,2
6536,9
6537,19
6538,6
6539,22
6540,9
6541,23
6542,4
6543,20
6544,16
6545,19
6546,4
6547,9
6548,17
6549,23
6550,20
6551,13
6552,3
6553,23
6554,18
6555,9
6556,14
6557,7
6558,12
6559,16
6560,23
6561,14
6562,1
6563,23
6564,9
6565,12
6566,8
6567,1
6568,16
6569,16
6570,9
6571,16
6572,5
6573,23
6574,12
6575,23
6576,19
6577,4
6578,19
6579,15
6580,21
6581,10
6582,23
6583,3
6584,20
6585,9
6586,12
6587,4
6588,17
6589,13
6590,2
6591,20
6592,16
6593,13
6594,17
6595,3
6596,4
6597,4
6598,14
6599,23
6600,23
6601,9
6602,5
6603,21
6604,16
6605,17
6606,3
6607,4
6608,17
6609,4
6610,19
6611,11
6612,17
6613,3
6614,19
6615,23
6616,16
6617,7
6618,9
6619,14
6620,9
6621,19
6622,16
6623,16
6624,12
6625,13
6626,4
6627,6
6628,6
6629,14
6630,17
6631,7
6632,16
6633,21
6634,5
6635,4
6636,4
6637,7
6638,7
6639,13
6640,14
6641,16
6642,13
6643,13
6644,17
6645,23
6646,15
6647,2
6648,7
6649,8
6650,2
6651,16
6652,15
6653,19
6654,19
6655,9
6656,4
6657,23
6658,3
6659,13
6660,13
6661,9
6662,5
6663,3
6664,8
6665,10
6666,17
6667,14
6668,2
6669,4
6670,4
6671,19
6672,13
6673,23
6674,19
6675,3
6676,9
6677,23
6678,4
6679,18
6680,21
6681,16
6682,2
6683,12
6684,14
6685,23
6686,13
6687,17
6688,23
6689,4
6690,13
6691,3
6692,19
6693,7
6694,9
6695,13
6696,11
6697,4
6698,16
6699,16
6700,16
6701,18
6702,7
6703,16
6704,23
6705,21
6706,20
6707,3
6708,19
6709,10
6710,22
6711,20
6712,7
6713,14
6714,5
6715,1
6716,12
6717,14
6718,5
6719,9
6720,17
6721,9
6722,19
6723,16
6724,10
6725,10
6726,13
6727,2
6728,16
6729,19
6730,23
6731,17
6732,21
6733,9
6734,19
6735,4
6736,23
6737,16
6738,10
6739,23
6740,23
6741,14
6742,9
6743,23
6744,4
6745,12
6746,14
6747,4
6748,7
6749,3
6750,21
6751,15
6752,13
6753,23
6754,21
6755,12
6756,4
6757,23
6758,4
6759,9
6760,16
6761,4
6762,10
6763,14
6764,7
6765,23
6766,23
6767,8
6768,14
6769,8
6770,4
6771,9
6772,23
6773,21
6774,19
6775,13
6776,6
6777,19
6778,23
6779,4
6780,2
6781,18
6782,9
6783,10
6784,23
6785,6
6786,6
6787,3
6788,17
6789,4
6790,14
6791,21
6792,13
6793,16
6794,2
6795,9
6796,14
6797,23
6798,6
6799,16
6800,4
6801,8
6802,2
6803,12
6804,10
6805,3
6806,6
6807,20
6808,17
6809,13
6810,23
6811,4
6812,13
6813,13
6814,16
6815,16
6816,9
6817,3
6818,7
6819,4
6820,3
6821,16
6822,9
6823,2
6824,4
6825,13
6826,4
6827,14
6828,14
6829,19
6830,3
6831,9
6832,23
6833,12
6834,7
6835,16
6836,4
6837,9
6838,12
6839,15
6840,9
6841,10
6842,4
6843,7
6844,13
6845,3
6846,19
6847,9
6848,4
6849,17
6850,9
6851,13
6852,6
6853,21
6854,21
6855,4
6856,18
6857,11
6858,4
6859,9
6860,3
6861,9
6862,13
6863,13
6864,16
6865,12
6866,17
6867,19
6868,16
6869,4
6870,2
6871,2
6872,7
6873,21
6874,2
6875,11
6876,7
6877,4
6878,5
6879,20
6880,19
6881,10
6882,18
6883,4
6884,9
6885,13
6886,16
6887,17
6888,16
6889,20
6890,13
6891,4
6892,8
6893,17
6894,4
6895,16
6896,12
6897,7
6898,3
6899,4
6900,20
6901,4
6902,23
6903,4
6904,10
6905,20
6906,17
6907,16
6908,19
6909,19
6910,6
6911,16
6912,4
6913,4
6914,19
6915,9
6916,14
6917,2
6918,17
6919,8
6920,2
6921,9
6922,22
6923,14
6924,13
6925,23
6926,10
6927,7
6928,23
6929,4
6930,7
6931,20
6932,20
6933,21
6934,20
6935,20
6936,9
6937,4
6938,6
6939,4
6940,7
6941,18
6942,3
6943,1
6944,4
6945,22
6946,4
6947,15
6948,23
6949,14
6950,16
6951,4
6952,17
6953,20
6954,19
6955,10
6956,21
6957,23
6958,2
6959,23
6960,13
6961,2
6962,9
6963,19
6964,20
6965,2
6966,16
6967,14
6968,16
6969,4
6970,2
6971,13
6972,13
6973,8
6974,19
6975,7
6976,17
6977,16
6978,20
6979,16
6980,7
6981,23
6982,23
6983,12
6984,5
6985,19
6986,23
6987,2
6988,15
6989,4
6990,17
6991,10
6992,23
6993,19
6994,4
6995,12
6996,8
6997,13
6998,5
6999,1
7000,8
7001,19
7002,20
7003,4
7004,14
7005,4
7006,17
7007,9
7008,7
7009,4
7010,6
7011,16
7012,9
7013,7
7014,10
7015,23
7016,16
7017,23
7018,15
7019,23
7020,13
7021,7
7022,16
7023,9
7024,16
7025,16
7026,21
7027,12
7028,9
7029,16
7030,9
7031,10
7032,2
7033,17
7034,14
7035,16
7036,19
7037,14
7038,7
7039,9
7040,7
7041,20
7042,21
7043,23
7044,16
7045,16
7046,13
7047,1
7048,23
7049,13
7050,22
7051,9
7052,23
7053,14
7054,7
7055,23
7056,14
7057,9
7058,3
7059,21
7060,4
7061,4
7062,13
7063,9
7064,18
7065,18
7066,7
7067,13
7068,22
7069,23
7070,16
7071,20
7072,23
7073,12
7074,12
7075,9
7076,16
7077,5
7078,17
7079,16
7080,17
7081,2
7082,11
7083,3
7084,10
7085,9
7086,16
7087,16
7088,4
7089,16
7090,20
7091,8
7092,16
7093,17
7094,16
7095,2
7096,16
7097,4
7098,17
7099,16
7100,21
7101,23
7102,2
7103,11
7104,23
7105,23
7106,10
7107,9
7108,4
7109,5
7110,8
7111,15
7112,18
7113,5
7114,9
7115,4
7116,23
7117,16
7118,9
7119,2
7120,19
7121,19
7122,19
7123,16
7124,5
7125,4
7126,14
7127,8
7128,9
7129,23
7130,12
7131,14
7132,12
7133,3
7134,17
7135,20
7136,12
7137,21
7138,5
7139,21
7140,9
7141,8
7142,2
7143,21
7144,23
7145,16
7146,16
7147,19
7148,6
7149,23
7150,10
7151,20
7152,20
7153,14
7154,7
7155,19
7156,2
7157,16
7158,10
7159,19
7160,5
7161,9
7162,10
7163,10
7164,22
7165,13
7166,7
7167,23
7168,23
7169,17
7170,13
7171,14
7172,16
7173,20
7174,13
7175,23
7176,21
7177,4
7178,9
7179,18
7180,12
7181,17
7182,23
7183,13
7184,11
7185,17
7186,23
7187,17
7188,3
7189,2
7190,10
7191,9
7192,23
7193,3
7194,1
7195,14
7196,23
7197,9
7198,23
7199,2
7200,7
7201,19
7202,20
7203,10
7204,20
7205,13
7206,14
7207,20
7208,13
7209,13
7210,10
7211,9
7212,19
7213,15
7214,13
7215,4
7216,4
7217,19
7218,9
7219,4
7220,7
7221,16
7222,19
7223,17
7224,14
7225,4
7226,7
7227,16
7228,13
7229,16
7230,4
7231,13
7232,19
7233,4
7234,4
7235,18
7236,5
7237,19
7238,2
7239,17
7240,12
7241,4
7242,12
7243,9
7244,12
7245,16
7246,3
7247,19
7248,11
7249,4
7250,4
7251,16
7252,18
7253,9
7254,13
7255,14
7256,14
7257,9
7258,4
7259,4
7260,3
7261,20
7262,18
7263,4
7264,3
7265,23
7266,23
7267,4
7268,23
7269,4
7270,21
7271,23
7272,11
7273,21
7274,4
7275,16
7276,16
7277,4
7278,13
7279,19
7280,16
7281,16
7282,9
7283,23
7284,20
7285,17
7286,3
7287,3
7288,19
7289,2
7290,5
7291,16
7292,2
7293,7
7294,12
7295,13
7296,8
7297,1
7298,23
7299,13
7300,18
7301,17
7302,7
7303,14
7304,4
7305,5
7306,3
7307,23
7308,21
7309,3
7310,5
7311,16
7312,16
7313,23
7314,13
7315,8
7316,13
7317,4
7318,8
7319,13
7320,7
7321,4
7322,13
7323,16
7324,14
7325,8
7326,2
7327,11
7328,5
7329,16
7330,4
7331,23
7332,23
7333,1
7334,23
7335,9
7336,10
7337,7
7338,23
7339,23
7340,13
7341,7
7342,3
7343,23
7344,20
7345,1
7346,19
7347,13
7348,23
7349,12
7350,23
7351,17
7352,23
7353,13
7354,16
7355,19
7356,19
7357,19
7358,13
7359,14
7360,19
7361,16
7362,13
7363,3
7364,7
7365,19
7366,9
7367,4
7368,14
7369,19
7370,1
7371,9
7372,20
7373,13
7374,14
7375,12
7376,16
7377,23
7378,16
7379,22
7380,16
7381,9
7382,16
7383,10
7384,21
7385,17
7386,3
7387,13
7388,4
7389,5
7390,23
7391,2
7392,8
7393,4
7394,3
7395,16
7396,13
7397,4
7398,2
7399,4
7400,20
7401,8
7402,19
7403,17
7404,5
7405,8
7406,20
7407,23
7408,8
7409,4
7410,12
7411,17
7412,9
7413,18
7414,23
7415,17
7416,7
7417,12
7418,17
7419,1
7420,21
7421,13
7422,23
7423,2
7424,14
7425,17
7426,2
7427,14
7428,4
7429,23
7430,23
7431,2
7432,23
7433,1
7434,3
7435,15
7436,2
7437,16
7438,14
7439,2
7440,17
7441,9
7442,11
7443,20
7444,21
7445,5
7446,16
7447,17
7448,2
7449,6
7450,5
7451,4
7452,14
7453,12
7454,23
7455,12
7456,8
7457,9
7458,16
7459,4
7460,8
7461,1
7462,6
7463,19
7464,23
7465,6
7466,9
7467,7
7468,7
7469,16
7470,23
7471,9
7472,23
7473,7
7474,14
7475,6
7476,14
7477,9
7478,21
7479,4
7480,17
7481,21
7482,19
7483,19
7484,13
7485,5
7486,14
7487,9
7488,13
7489,12
7490,13
7491,9
7492,21
7493,7
7494,12
7495,12
7496,1
7497,13
7498,7
7499,16
7500,17
7501,23
7502,6
7503,13
7504,9
7505,14
7506,13
7507,5
7508,16
7509,16
7510,21
7511,16
7512,2
7513,5
7514,9
7515,5
7516,9
7517,23
7518,21
7519,16
7520,20
7521,6
7522,5
7523,16
7524,18
7525,23
7526,15
7527,2
7528,19
7529,16
7530,19
7531,4
7532,8
7533,7
7534,6
7535,18
7536,12
7537,7
7538,17
7539,14
7540,19
7541,2
7542,18
7543,18
7544,4
7545,23
7546,9
7547,20
7548,4
7549,20
7550,23
7551,17
7552,3
7553,16
7554,13
7555,1
7556,18
7557,23
7558,13
7559,23
7560,6
7561,6
7562,15
7563,13
7564,4
7565,16
7566,14
7567,9
7568,10
7569,9
7570,13
7571,16
7572,11
7573,14
7574,20
7575,10
7576,14
7577,18
7578,13
7579,16
7580,6
7581,23
7582,17
7583,17
7584,4
7585,23
7586,16
7587,17
7588,7
7589,8
7590,9
7591,14
7592,9
7593,2
7594,21
7595,19
7596,13
7597,23
7598,2
7599,5
7600,9
7601,5
7602,3
7603,23
7604,4
7605,2
7606,2
7607,19
7608,19
7609,5
7610,19
7611,23
7612,2
7613,16
7614,16
7615,6
7616,19
7617,7
7618,2
7619,10
7620,2
7621,3
7622,1
7623,23
7624,4
7625,17
7626,9
7627,19
7628,22
7629,9
7630,17
7631,16
7632,10
7633,17
7634,10
7635,9
7636,23
7637,19
7638,21
7639,19
7640,11
7641,16
7642,6
7643,18
7644,23
7645,23
7646,20
7647,19
7648,13
7649,13
7650,16
7651,4
7652,17
7653,16
7654,14
7655,11
7656,4
7657,12
7658,7
7659,19
7660,13
7661,4
7662,23
7663,7
7664,8
7665,8
7666,4
7667,19
7668,10
7669,23
7670,6
7671,21
7672,4
7673,23
7674,15
7675,23
7676,19
7677,10
7678,13
7679,13
7680,14
7681,10
7682,8
7683,14
7684,9
7685,20
7686,23
7687,14
7688,23
7689,17
7690,7
7691,12
7692,4
7693,2
7694,9
7695,20
7696,19
7697,9
7698,20
7699,23
7700,23
7701,20
7702,19
7703,12
7704,9
7705,16
7706,14
7707,19
7708,23
7709,2
7710,16
7711,14
7712,4
7713,11
7714,2
7715,10
7716,23
7717,9
7718,2
7719,19
7720,17
7721,16
7722,20
7723,4
7724,2
7725,9
7726,16
7727,21
7728,21
7729,2
7730,19
7731,12
7732,19
7733,21
7734,23
7735,16
7736,16
7737,9
7738,16
7739,9
7740,4
7741,4
7742,17
7743,19
7744,7
7745,19
7746,2
7747,2
7748,19
7749,7
7750,4
7751,4
7752,2
7753,10
7754,17
7755,16
7756,2
7757,10
7758,9
7759,9
7760,23
7761,14
7762,7
7763,6
7764,17
7765,2
7766,21
7767,4
7768,2
7769,19
7770,18
7771,9
7772,13
7773,4
7774,11
7775,4
7776,21
7777,7
7778,23
7779,19
7780,19
7781,2
7782,13
7783,17
7784,9
7785,9
7786,4
7787,17
7788,16
7789,19
7790,5
7791,13
7792,20
7793,18
7794,20
7795,2
7796,13
7797,23
7798,13
7799,22
7800,23
7801,20
7802,19
7803,23
7804,10
7805,21
7806,5
7807,15
7808,10
7809,7
7810,23
7811,4
7812,13
7813,7
7814,18
7815,10
7816,23
7817,19
7818,17
7819,7
7820,17
7821,6
7822,12
7823,9
7824,9
7825,4
7826,13
7827,21
7828,16
7829,17
7830,10
7831,4
7832,19
7833,13
7834,7
7835,4
7836,4
7837,14
7838,10
7839,19
7840,9
7841,19
7842,13
7843,9
7844,16
7845,20
7846,9
7847,19
7848,17
7849,7
7850,7
7851,9
7852,13
7853,19
7854,7
7855,23
7856,21
7857,5
7858,5
7859,13
7860,17
7861,9
7862,10
7863,16
7864,12
7865,14
7866,16
7867,8
7868,4
7869,21
7870,14
7871,4
7872,9
7873,12
7874,1
7875,2
7876,11
7877,21
7878,23
7879,8
7880,22
7881,18
7882,13
7883,21
7884,16
7885,13
7886,21
7887,21
7888,21
7889,16
7890,23
7891,5
7892,22
7893,23
7894,8
7895,22
7896,7
7897,19
7898,9
7899,17
7900,2
7901,4
7902,17
7903,4
7904,17
7905,15
7906,23
7907,23
7908,7
7909,20
7910,4
7911,20
7912,7
7913,20
7914,16
7915,4
7916,12
7917,7
7918,21
7919,14
7920,23
7921,9
7922,14
7923,12
7924,4
7925,4
7926,12
7927,13
7928,13
7929,20
7930,16
7931,19
7932,23
7933,19
7934,4
7935,7
7936,3
7937,15
7938,4
7939,12
7940,9
7941,8
7942,9
7943,19
7944,16
7945,2
7946,4
7947,16
7948,17
7949,19
7950,2
7951,7
7952,14
7953,9
7954,22
7955,9
7956,21
7957,14
7958,13
7959,9
7960,3
7961,21
7962,9
7963,5
7964,23
7965,5
7966,14
7967,22
7968,7
7969,20
7970,2
7971,14
7972,23
7973,6
7974,22
7975,18
7976,11
7977,2
7978,9
7979,14
7980,17
7981,9
7982,2
7983,23
7984,23
7985,23
7986,10
7987,13
7988,20
7989,10
7990,17
7991,2
7992,4
7993,17
7994,7
7995,17
7996,6
7997,5
7998,16
7999,9
8000,8
8001,7
8002,12
8003,9
8004,8
8005,20
8006,8
8007,9
8008,6
8009,4
8010,7
8011,15
8012,16
8013,14
8014,7
8015,10
8016,20
8017,8
8018,2
8019,9
8020,5
8021,23
8022,21
8023,4
8024,4
8025,16
8026,19
8027,9
8028,16
8029,22
8030,6
8031,13
8032,13
8033,7
8034,6
8035,22
8036,12
8037,15
8038,17
8039,13
8040,4
8041,20
8042,13
8043,2
8044,16
8045,13
8046,14
8047,19
8048,19
8049,8
8050,23
8051,19
8052,18
8053,21
8054,23
8055,17
8056,19
8057,23
8058,4
8059,2
8060,20
8061,16
8062,10
8063,12
8064,12
8065,16
8066,13
8067,10
8068,4
8069,9
8070,19
8071,3
8072,2
8073,8
8074,23
8075,13
8076,2
8077,21
8078,4
8079,23
8080,4
8081,23
8082,9
8083,9
8084,17
8085,13
8086,23
8087,23
8088,2
8089,21
8090,19
8091,20
8092,19
8093,16
8094,18
8095,20
8096,18
8097,16
8098,14
8099,17
8100,13
8101,13
8102,16
8103,1
8104,16
8105,13
8106,4
8107,5
8108,1
8109,23
8110,2
8111,23
8112,13
8113,23
8114,7
8115,13
8116,4
8117,12
8118,14
8119,11
8120,20
8121,19
8122,7
8123,2
8124,20
8125,8
8126,4
8127,16
8128,16
8129,23
8130,16
8131,21
8132,23
8133,20
8134,4
8135,5
8136,1
8137,4
8138,4
8139,21
8140,4
8141,15
8142,13
8143,8
8144,2
8145,16
8146,17
8147,23
8148,5
8149,9
8150,17
8151,4
8152,3
8153,13
8154,13
8155,9
8156,20
8157,18
8158,7
8159,4
8160,7
8161,14
8162,16
8163,2
8164,10
8165,13
8166,4
8167,5
8168,4
8169,21
8170,4
8171,14
8172,21
8173,2
8174,19
8175,22
8176,23
8177,8
8178,23
8179,18
8180,3
8181,16
8182,20
8183,14
8184,5
8185,13
8186,6
8187,21
8188,10
8189,17
8190,17
8191,16
8192,14
8193,5
8194,16
8195,12
8196,13
8197,1
8198,14
8199,7
8200,18
8201,19
8202,23
8203,16
8204,12
8205,19
8206,19
8207,9
8208,13
8209,20
8210,16
8211,17
8212,10
8213,17
8214,7
8215,11
8216,16
8217,19
8218,10
8219,12
8220,12
8221,4
8222,20
8223,13
8224,15
8225,23
8226,13
8227,4
8228,4
8229,4
8230,14
8231,4
8232,3
8233,17
8234,19
8235,2
8236,6
8237,13
8238,2
8239,9
8240,8
8241,9
8242,16
8243,4
8244,14
8245,23
8246,2
8247,19
8248,9
8249,23
8250,19
8251,16
8252,16
8253,4
8254,7
8255,23
8256,1
8257,4
8258,19
8259,20
8260,9
8261,8
8262,4
8263,13
8264,15
8265,17
8266,7
8267,4
8268,7
8269,14
8270,18
8271,17
8272,19
8273,2
8274,2
8275,17
8276,9
8277,2
8278,21
8279,19
8280,13
8281,4
8282,16
8283,8
8284,23
8285,21
8286,19
8287,9
8288,2
8289,2
8290,7
8291,7
8292,4
8293,4
8294,16
8295,13
8296,16
8297,17
8298,9
8299,17
8300,1
8301,13
8302,13
8303,7
8304,17
8305,17
8306,9
8307,23
8308,12
8309,16
8310,3
8311,17
8312,11
8313,2
8314,23
8315,5
8316,6
8317,20
8318,20
8319,17
8320,13
8321,21
8322,20
8323,20
8324,17
8325,13
8326,9
8327,7
8328,9
8329,4
8330,19
8331,16
8332,16
8333,19
8334,16
8335,13
8336,9
8337,23
8338,10
8339,7
8340,8
8341,9
8342,15
8343,16
8344,4
8345,16
8346,23
8347,13
8348,16
8349,23
8350,19
8351,21
8352,19
8353,14
8354,16
8355,1
8356,4
8357,17
8358,4
8359,4
8360,18
8361,19
8362,12
8363,13
8364,23
8365,17
8366,7
8367,23
8368,2
8369,4
8370,4
8371,16
8372,5
8373,21
8374,13
8375,19
8376,19
8377,10
8378,19
8379,16
8380,6
8381,9
8382,21
8383,23
8384,13
8385,8
8386,13
8387,17
8388,21
8389,4
8390,16
8391,5
8392,20
8393,17
8394,7
8395,18
8396,17
8397,10
8398,21
8399,21
8400,20
8401,17
8402,22
8403,14
8404,17
8405,11
8406,4
8407,21
8408,7
8409,19
8410,13
8411,2
8412,23
8413,13
8414,9
8415,2
8416,23
8417,20
8418,12
8419,9
8420,4
8421,10
8422,21
8423,5
8424,9
8425,16
8426,12
8427,16
8428,6
8429,5
8430,23
8431,23
8432,17
8433,1
8434,9
8435,9
8436,4
8437,16
8438,20
8439,16
8440,2
8441,13
8442,4
8443,8
8444,15
8445,14
8446,4
8447,2
8448,1
8449,9
8450,16
8451,17
8452,6
8453,9
8454,23
8455,9
8456,4
8457,12
8458,23
8459,18
8460,13
8461,11
8462,20
8463,23
8464,11
8465,16
8466,5
8467,4
8468,9
8469,13
8470,8
8471,8
8472,19
8473,4
8474,16
8475,19
8476,14
8477,16
8478,19
8479,17
8480,16
8481,5
8482,10
8483,17
8484,23
8485,19
8486,7
8487,20
8488,20
8489,12
8490,16
8491,19
8492,7
8493,17
8494,20
8495,17
8496,15
8497,17
8498,19
8499,23
8500,23
8501,1
8502,7
8503,16
8504,12
8505,23
8506,14
8507,1
8508,8
8509,9
8510,4
8511,21
8512,5
8513,2
8514,21
8515,1
8516,16
8517,14
8518,9
8519,19
8520,6
8521,9
8522,16
8523,20
8524,19
8525,12
8526,18
8527,9
8528,4
8529,2
8530,19
8531,23
8532,10
8533,16
8534,9
8535,4
8536,9
8537,16
8538,2
8539,13
8540,16
8541,23
8542,23
8543,21
8544,21
8545,13
8546,5
8547,2
8548,13
8549,19
8550,9
8551,19
8552,9
8553,19
8554,8
8555,1
8556,2
8557,11
8558,21
8559,20
8560,11
8561,17
8562,22
8563,4
8564,10
8565,2
8566,2
8567,2
8568,4
8569,20
8570,12
8571,20
8572,14
8573,13
8574,15
8575,16
8576,9
8577,17
8578,19
8579,16
8580,2
8581,19
8582,19
8583,9
8584,20
8585,10
8586,6
8587,19
8588,21
8589,20
8590,23
8591,20
8592,16
8593,23
8594,2
8595,16
8596,4
8597,17
8598,4
8599,13
8600,13
8601,7
8602,4
8603,20
8604,19
8605,18
8606,16
8607,19
8608,14
8609,4
8610,4
8611,3
8612,16
8613,8
8614,4
8615,2
8616,3
8617,6
8618,12
8619,2
8620,4
8621,17
8622,9
8623,20
8624,13
8625,4
8626,23
8627,7
8628,14
8629,2
8630,10
8631,15
8632,16
8633,9
8634,5
8635,21
8636,9
8637,23
8638,2
8639,13
8640,4
8641,23
8642,16
8643,18
8644,17
8645,23
8646,13
8647,16
8648,8
8649,9
8650,23
8651,19
8652,9
8653,16
8654,20
8655,9
8656,16
8657,13
8658,4
8659,4
8660,10
8661,4
8662,4
8663,10
8664,10
8665,13
8666,7
8667,12
8668,6
8669,23
8670,23
8671,9
8672,7
8673,23
8674,6
8675,7
8676,17
8677,23
8678,2
8679,5
8680,23
8681,23
8682,23
8683,13
8684,1
8685,19
8686,19
8687,16
8688,23
8689,9
8690,5
8691,8
8692,9
8693,15
8694,23
8695,12
8696,23
8697,9
8698,12
8699,3
8700,9
8701,12
8702,9
8703,10
8704,8
8705,19
8706,21
8707,1
8708,20
8709,12
8710,3
8711,17
8712,3
8713,23
8714,4
8715,4
8716,23
8717,4
8718,2
8719,2
8720,6
8721,18
8722,13
8723,9
8724,9
8725,4
8726,8
8727,13
8728,13
8729,21
8730,16
8731,14
8732,4
8733,19
8734,23
8735,10
8736,16
8737,10
8738,9
8739,13
8740,23
8741,14
8742,14
8743,14
8744,17
8745,18
8746,7
8747,4
8748,16
8749,11
8750,4
8751,4
8752,3
8753,4
8754,1
8755,17
8756,9
8757,7
8758,9
8759,17
8760,17
8761,4
8762,19
8763,17
8764,4
8765,23
8766,10
8767,19
8768,13
8769,2
8770,23
8771,17
8772,10
8773,19
8774,6
8775,9
8776,13
8777,23
8778,8
8779,17
8780,19
8781,13
8782,19
8783,16
8784,2
8785,10
8786,4
8787,2
8788,4
8789,9
8790,19
8791,8
8792,2
8793,23
8794,4
8795,4
8796,7
8797,4
8798,6
8799,7
8800,13
8801,23
8802,20
8803,3
8804,19
8805,2
8806,20
8807,9
8808,16
8809,19
8810,17
8811,13
8812,4
8813,14
8814,4
8815,2
8816,19
8817,17
8818,16
8819,19
8820,16
8821,19
8822,3
8823,20
8824,8
8825,16
8826,10
8827,12
8828,23
8829,5
8830,18
8831,22
8832,16
8833,7
8834,12
8835,23
8836,4
8837,17
8838,20
8839,16
8840,18
8841,14
8842,23
8843,19
8844,9
8845,19
8846,13
8847,4
8848,17
8849,9
8850,19
8851,13
8852,19
8853,4
8854,2
8855,20
8856,15
8857,1
8858,17
8859,19
8860,12
8861,11
8862,16
8863,7
8864,23
8865,13
8866,23
8867,9
8868,19
8869,19
8870,4
8871,16
8872,13
8873,19
8874,12
8875,7
8876,19
8877,5
8878,1
8879,21
8880,4
8881,8
8882,10
8883,23
8884,7
8885,17
8886,13
8887,2
8888,17
8889,16
8890,23
8891,10
8892,17
8893,10
8894,19
8895,12
8896,5
8897,19
8898,19
8899,21
8900,19
8901,19
8902,9
8903,7
8904,17
8905,10
8906,21
8907,13
8908,13
8909,19
8910,4
8911,23
8912,15
8913,10
8914,9
8915,5
8916,5
8917,9
8918,23
8919,19
8920,17
8921,13
8922,2
8923,12
8924,21
8925,9
8926,9
8927,4
8928,20
8929,4
8930,9
8931,23
8932,16
8933,17
8934,20
8935,10
8936,14
8937,4
8938,10
8939,17
8940,9
8941,23
8942,15
8943,23
8944,20
8945,19
8946,21
8947,23
8948,13
8949,16
8950,12
8951,5
8952,3
8953,23
8954,20
8955,16
8956,4
8957,12
8958,18
8959,16
8960,19
8961,10
8962,10
8963,10
8964,23
8965,13
8966,9
8967,23
8968,9
8969,19
8970,9
8971,13
8972,18
8973,9
8974,13
8975,9
8976,20
8977,21
8978,4
8979,2
8980,12
8981,13
8982,13
8983,16
8984,9
8985,16
8986,8
8987,20
8988,5
8989,20
8990,5
8991,1
8992,7
8993,21
8994,20
8995,3
8996,14
8997,7
8998,10
8999,14
9000,23
9001,6
9002,23
9003,22
9004,12
9005,21
9006,16
9007,2
9008,16
9009,9
9010,3
9011,8
9012,7
9013,8
9014,22
9015,2
9016,16
9017,7
9018,12
9019,5
9020,21
9021,18
9022,16
9023,2
9024,10
9025,11
9026,4
9027,23
9028,8
9029,11
9030,19
9031,4
9032,7
9033,9
9034,22
9035,13
9036,9
9037,9
9038,23
9039,4
9040,6
9041,20
9042,5
9043,9
9044,19
9045,13
9046,4
9047,13
9048,23
9049,12
9050,21
9051,20
9052,7
9053,8
9054,1
9055,16
9056,9
9057,5
9058,20
9059,23
9060,13
9061,19
9062,10
9063,17
9064,23
9065,4
9066,16
9067,4
9068,13
9069,12
9070,9
9071,19
9072,16
9073,19
9074,20
9075,23
9076,4
9077,13
9078,9
9079,21
9080,2
9081,23
9082,7
9083,19
9084,12
9085,19
9086,17
9087,19
9088,9
9089,17
9090,3
9091,9
9092,4
9093,4
9094,13
9095,3
9096,16
9097,12
9098,11
9099,11
9100,16
9101,20
9102,10
9103,23
9104,19
9105,2
9106,8
9107,2
9108,7
9109,4
9110,23
9111,4
9112,13
9113,21
9114,9
9115,23
9116,9
9117,23
9118,18
9119,8
9120,13
9121,16
9122,20
9123,16
9124,16
9125,15
9126,20
9127,4
9128,6
9129,11
9130,9
9131,17
9132,19
9133,20
9134,19
9135,4
9136,9
9137,14
9138,10
9139,16
9140,2
9141,23
9142,2
9143,2
9144,9
9145,9
9146,19
9147,16
9148,3
9149,11
9150,16
9151,19
9152,16
9153,14
9154,15
9155,9
9156,3
9157,19
9158,10
9159,2
9160,21
9161,20
9162,20
9163,21
9164,13
9165,15
9166,23
9167,4
9168,5
9169,18
9170,5
9171,5
9172,9
9173,10
9174,4
9175,8
9176,5
9177,23
9178,23
9179,18
9180,7
9181,2
9182,19
9183,5
9184,16
9185,13
9186,17
9187,4
9188,16
9189,17
9190,9
9191,17
9192,9
9193,13
9194,10
9195,13
9196,14
9197,9
9198,4
9199,2
9200,2
9201,4
9202,19
9203,6
9204,9
9205,13
9206,4
9207,20
9208,8
9209,13
9210,9
9211,1
9212,9
9213,14
9214,4
9215,9
9216,4
9217,23
9218,5
9219,4
9220,23
9221,16
9222,16
9223,18
9224,23
9225,4
9226,4
9227,23
9228,6
9229,16
9230,4
9231,10
9232,3
9233,19
9234,4
9235,4
9236,23
9237,19
9238,2
9239,20
9240,19
9241,23
9242,12
9243,15
9244,14
9245,7
9246,13
9247,14
9248,10
9249,2
9250,10
9251,7
9252,23
9253,6
9254,6
9255,4
9256,4
9257,20
9258,7
9259,3
9260,1
9261,5
9262,9
9263,13
9264,2
9265,17
9266,9
9267,21
9268,5
9269,9
9270,17
9271,15
9272,2
9273,19
9274,2
9275,14
9276,9
9277,17
9278,16
9279,7
9280,6
9281,7
9282,9
9283,10
9284,4
9285,7
9286,23
9287,4
9288,2
9289,21
9290,3
9291,13
9292,23
9293,17
9294,17
9295,20
9296,19
9297,23
9298,3
9299,13
9300,7
9301,4
9302,2
9303,13
9304,3
9305,17
9306,4
9307,20
9308,13
9309,10
9310,19
9311,2
9312,16
9313,23
9314,10
9315,23
9316,7
9317,4
9318,22
9319,12
9320,23
9321,19
9322,19
9323,17
9324,3
9325,2
9326,16
9327,18
9328,2
9329,6
9330,23
9331,9
9332,5
9333,4
9334,6
9335,2
9336,21
9337,19
9338,16
9339,6
9340,12
9341,12
9342,13
9343,9
9344,4
9345,2
9346,10
9347,9
9348,16
9349,19
9350,1
9351,5
9352,10
9353,7
9354,4
9355,16
9356,23
9357,17
9358,21
9359,13
9360,12
9361,11
9362,14
9363,8
9364,9
9365,23
9366,10
9367,19
9368,21
9369,8
9370,8
9371,2
9372,9
9373,2
9374,6
9375,4
9376,4
9377,7
9378,3
9379,23
9380,20
9381,23
9382,16
9383,6
9384,3
9385,23
9386,13
9387,13
9388,3
9389,9
9390,13
9391,23
9392,23
9393,13
9394,12
9395,20
9396,4
9397,4
9398,6
9399,14
9400,6
9401,9
9402,4
9403,8
9404,10
9405,2
9406,8
9407,9
9408,21
9409,23
9410,19
9411,17
9412,12
9413,18
9414,12
9415,4
9416,2
9417,1
9418,16
9419,20
9420,13
9421,23
9422,9
9423,6
9424,10
9425,10
9426,4
9427,21
9428,2
9429,13
9430,7
9431,19
9432,16
9433,22
9434,4
9435,19
9436,5
9437,9
9438,7
9439,4
9440,9
9441,19
9442,20
9443,14
9444,18
9445,1
9446,4
9447,9
9448,2
9449,13
9450,9
9451,9
9452,19
9453,16
9454,23
9455,8
9456,16
9457,13
9458,21
9459,3
9460,2
9461,4
9462,9
9463,3
9464,22
9465,9
9466,1
9467,17
9468,2
9469,23
9470,19
9471,19
9472,11
9473,16
9474,17
9475,12
9476,7
9477,2
9478,4
9479,10
9480,17
9481,9
9482,4
9483,7
9484,7
9485,9
9486,10
9487,14
9488,17
9489,16
9490,19
9491,15
9492,20
9493,9
9494,5
9495,4
9496,8
9497,21
9498,4
9499,8
9500,7
9501,16
9502,16
9503,19
9504,1
9505,9
9506,9
9507,5
9508,23
9509,1
9510,8
9511,2
9512,13
9513,5
9514,17
9515,6
9516,5
9517,6
9518,20
9519,9
9520,16
9521,16
9522,10
9523,14
9524,3
9525,2
9526,12
9527,7
9528,12
9529,16
9530,23
9531,4
9532,21
9533,2
9534,16
9535,1
9536,5
9537,17
9538,21
9539,12
9540,2
9541,5
9542,20
9543,16
9544,23
9545,19
9546,21
9547,16
9548,10
9549,7
9550,13
9551,9
9552,21
9553,19
9554,5
9555,17
9556,19
9557,17
9558,4
9559,7
9560,9
9561,17
9562,7
9563,9
9564,20
9565,19
9566,9
9567,10
9568,17
9569,9
9570,13
9571,12
9572,11
9573,22
9574,4
9575,8
9576,9
9577,18
9578,16
9579,13
9580,7
9581,8
9582,16
9583,14
9584,13
9585,5
9586,23
9587,7
9588,10
9589,4
9590,23
9591,23
9592,5
9593,12
9594,17
9595,23
9596,3
9597,13
9598,7
9599,23
9600,17
9601,1
9602,4
9603,9
9604,9
9605,16
9606,3
9607,19
9608,23
9609,22
9610,13
9611,10
9612,19
9613,21
9614,11
9615,18
9616,21
9617,2
9618,4
9619,22
9620,16
9621,19
9622,9
9623,9
9624,13
9625,19
9626,10
9627,5
9628,14
9629,19
9630,12
9631,19
9632,13
9633,23
9634,13
9635,23
9636,10
9637,23
9638,8
9639,15
9640,8
9641,7
9642,23
9643,12
9644,18
9645,23
9646,21
9647,23
9648,7
9649,9
9650,9
9651,9
9652,13
9653,16
9654,23
9655,17
9656,6
9657,16
9658,22
9659,5
9660,13
9661,1
9662,10
9663,19
9664,9
9665,17
9666,17
9667,14
9668,9
9669,14
9670,3
9671,23
9672,3
9673,6
9674,2
9675,21
9676,21
9677,13
9678,7
9679,17
9680,16
9681,1
9682,23
9683,12
9684,23
9685,12
9686,16
9687,23
9688,16
9689,10
9690,17
9691,21
9692,17
9693,4
9694,16
9695,23
9696,23
9697,19
9698,4
9699,2
9700,21
9701,19
9702,4
9703,22
9704,9
9705,20
9706,4
9707,8
9708,13
9709,13
9710,19
9711,14
9712,17
9713,10
9714,14
9715,23
9716,22
9717,13
9718,17
9719,21
9720,10
9721,10
9722,19
9723,17
9724,18
9725,12
9726,7
9727,4
9728,9
9729,2
9730,11
9731,23
9732,23
9733,20
9734,2
9735,3
9736,4
9737,10
9738,7
9739,2
9740,4
9741,5
9742,5
9743,23
9744,12
9745,19
9746,4
9747,20
9748,4
9749,20
9750,23
9751,15
9752,2
9753,15
9754,17
9755,19
9756,11
9757,4
9758,19
9759,1
9760,11
9761,3
9762,13
9763,7
9764,16
9765,19
9766,7
9767,8
9768,3
9769,14
9770,17
9771,13
9772,12
9773,18
9774,19
9775,13
9776,20
9777,2
9778,3
9779,21
9780,2
9781,21
9782,23
9783,3
9784,14
9785,14
9786,16
9787,22
9788,14
9789,13
9790,12
9791,18
9792,23
9793,17
9794,23
9795,9
9796,8
9797,18
9798,9
9799,23
9800,16
9801,12
9802,7
9803,18
9804,4
9805,8
9806,8
9807,19
9808,23
9809,18
9810,12
9811,23
9812,19
9813,17
9814,4
9815,13
9816,9
9817,19
9818,16
9819,5
9820,4
9821,20
9822,21
9823,4
9824,23
9825,4
9826,13
9827,16
9828,4
9829,21
9830,16
9831,5
9832,2
9833,19
9834,19
9835,9
9836,1
9837,17
9838,7
9839,4
9840,21
9841,12
9842,14
9843,3
9844,16
9845,17
9846,2
9847,9
9848,5
9849,12
9850,5
9851,23
9852,13
9853,5
9854,19
9855,21
9856,15
9857,16
9858,19
9859,20
9860,17
9861,7
9862,14
9863,9
9864,2
9865,21
9866,23
9867,13
9868,7
9869,8
9870,2
9871,8
9872,6
9873,15
9874,10
9875,3
9876,16
9877,9
9878,2
9879,13
9880,23
9881,16
9882,20
9883,3
9884,23
9885,10
9886,19
9887,10
9888,3
9889,4
9890,4
9891,23
9892,7
9893,19
9894,23
9895,20
9896,8
9897,2
9898,15
9899,7
9900,6
9901,5
9902,2
9903,12
9904,5
9905,11
9906,7
9907,8
9908,5
9909,4
9910,23
9911,2
9912,13
9913,17
9914,4
9915,21
9916,16
9917,2
9918,21
9919,6
9920,23
9921,5
9922,5
9923,2
9924,19
9925,10
9926,9
9927,13
9928,6
9929,3
9930,9
9931,23
9932,9
9933,11
9934,2
9935,15
9936,8
9937,23
9938,19
9939,8
9940,19
9941,2
9942,20
9943,10
9944,20
9945,7
9946,16
9947,16
9948,14
9949,1
9950,13
9951,2
9952,6
9953,21
9954,5
9955,4
9956,19
9957,16
9958,19
9959,16
9960,3
9961,17
9962,2
9963,13
9964,19
9965,7
9966,8
9967,14
9968,10
9969,13
9970,14
9971,4
9972,22
9973,4
9974,14
9975,17
9976,23
9977,17
9978,19
9979,9
9980,21
9981,16
9982,16
9983,4
9984,10
9985,13
9986,2
9987,12
9988,14
9989,19
9990,3
9991,3
9992,3
9993,6
9994,4
9995,5
9996,17
9997,14
9998,21
9999,9
10000,23
