1,3
2,20
3,17
4,6
5,21
6,5
7,10
8,4
9,19
10,10
11,13
12,16
13,13
14,8
15,6
16,20
17,16
18,16
19,1
20,14
21,16
22,10
23,5
24,7
25,3
26,20
27,13
28,15
29,15
30,11
31,16
32,10
33,20
34,1
35,7
36,6
37,15
38,3
39,17
40,20
41,12
42,15
43,2
44,17
45,2
46,15
47,2
48,11
49,5
50,1
51,14
52,20
53,11
54,11
55,8
56,20
57,11
58,13
59,6
60,20
61,15
62,13
63,14
64,4
65,12
66,15
67,14
68,12
69,14
70,15
71,20
72,8
73,14
74,2
75,11
76,2
77,3
78,10
79,5
80,6
81,11
82,10
83,10
84,3
85,11
86,13
87,21
88,14
89,3
90,13
91,2
92,19
93,4
94,3
95,5
96,9
97,21
98,3
99,7
100,15
101,11
102,2
103,20
104,11
105,16
106,20
107,5
108,14
109,3
110,11
111,15
112,10
113,15
114,16
115,15
116,4
117,21
118,7
119,16
120,3
121,16
122,18
123,3
124,6
125,13
126,2
127,11
128,20
129,16
130,14
131,19
132,20
133,15
134,4
135,16
136,13
137,13
138,1
139,15
140,4
141,11
142,13
143,20
144,13
145,5
146,11
147,11
148,16
149,8
150,16
151,11
152,20
153,6
154,11
155,19
156,12
157,15
158,3
159,1
160,17
161,3
162,14
163,8
164,8
165,1
166,12
167,18
168,12
169,13
170,13
171,11
172,12
173,2
174,16
175,15
176,3
177,16
178,16
179,8
180,16
181,6
182,13
183,16
184,11
185,4
186,10
187,21
188,21
189,15
190,13
191,14
192,15
193,15
194,6
195,20
196,19
197,18
198,20
199,12
200,14
201,6
202,5
203,15
204,12
205,10
206,8
207,10
208,7
209,8
210,6
211,3
212,20
213,2
214,14
215,13
216,6
217,19
218,12
219,12
220,11
221,11
222,13
223,10
224,19
225,6
226,6
227,8
228,21
229,11
230,11
231,20
232,14
233,2
234,12
235,10
236,13
237,2
238,11
239,17
240,2
241,10
242,15
243,5
244,2
245,7
246,16
247,7
248,11
249,14
250,11
251,11
252,21
253,13
254,20
255,8
256,11
257,20
258,15
259,3
260,13
261,9
262,6
263,19
264,6
265,2
266,4
267,5
268,11
269,14
270,5
271,18
272,16
273,17
274,11
275,3
276,17
277,13
278,19
279,4
280,20
281,4
282,17
283,15
284,13
285,16
286,17
287,10
288,4
289,8
290,3
291,17
292,4
293,15
294,10
295,17
296,3
297,15
298,15
299,18
300,11
301,9
302,13
303,10
304,11
305,14
306,8
307,15
308,19
309,12
310,20
311,20
312,16
313,11
314,15
315,13
316,10
317,20
318,21
319,16
320,15
321,21
322,10
323,11
324,4
325,16
326,15
327,6
328,15
329,3
330,3
331,8
332,21
333,4
334,18
335,11
336,6
337,9
338,14
339,20
340,7
341,4
342,9
343,4
344,20
345,19
346,16
347,16
348,4
349,11
350,6
351,7
352,15
353,17
354,15
355,2
356,20
357,15
358,12
359,17
360,20
361,16
362,11
363,16
364,14
365,16
366,20
367,14
368,21
369,3
370,11
371,10
372,15
373,3
374,11
375,2
376,11
377,13
378,21
379,15
380,5
381,7
382,11
383,10
384,21
385,8
386,20
387,12
388,2
389,16
390,8
391,6
392,15
393,20
394,13
395,15
396,14
397,15
398,13
399,14
400,16
401,6
402,11
403,16
404,19
405,16
406,14
407,18
408,13
409,8
410,14
411,11
412,8
413,2
414,15
415,15
416,6
417,1
418,20
419,14
420,14
421,10
422,19
423,5
424,18
425,11
426,9
427,10
428,1
429,18
430,15
431,3
432,15
433,11
434,20
435,16
436,3
437,20
438,11
439,2
440,3
441,11
442,20
443,19
444,3
445,16
446,1
447,12
448,16
449,7
450,15
451,15
452,3
453,19
454,16
455,5
456,6
457,3
458,15
459,20
460,17
461,15
462,1
463,10
464,1
465,16
466,13
467,14
468,2
469,19
470,15
471,1
472,4
473,3
474,20
475,2
476,20
477,2
478,14
479,6
480,4
481,15
482,1
483,11
484,3
485,21
486,11
487,21
488,20
489,15
490,2
491,2
492,20
493,21
494,12
495,8
496,4
497,16
498,13
499,15
500,1
501,21
502,5
503,4
504,6
505,5
506,11
507,16
508,11
509,7
510,11
511,9
512,15
513,21
514,16
515,2
516,8
517,13
518,14
519,18
520,3
521,21
522,3
523,3
524,12
525,16
526,10
527,14
528,14
529,16
530,15
531,3
532,11
533,11
534,12
535,3
536,8
537,16
538,3
539,3
540,6
541,11
542,11
543,6
544,15
545,17
546,21
547,3
548,20
549,16
550,11
551,11
552,4
553,2
554,15
555,4
556,3
557,3
558,6
559,18
560,9
561,18
562,15
563,8
564,6
565,13
566,4
567,12
568,8
569,4
570,15
571,8
572,20
573,20
574,3
575,1
576,16
577,9
578,3
579,16
580,9
581,14
582,10
583,3
584,16
585,15
586,9
587,15
588,15
589,4
590,13
591,15
592,14
593,15
594,16
595,20
596,15
597,18
598,17
599,3
600,3
601,12
602,11
603,11
604,15
605,10
606,16
607,10
608,4
609,14
610,13
611,4
612,20
613,8
614,12
615,19
616,10
617,16
618,2
619,19
620,2
621,2
622,3
623,2
624,3
625,6
626,15
627,11
628,16
629,1
630,9
631,16
632,2
633,6
634,18
635,11
636,11
637,13
638,20
639,4
640,18
641,4
642,14
643,2
644,3
645,15
646,15
647,18
648,16
649,13
650,5
651,11
652,4
653,13
654,15
655,11
656,16
657,13
658,9
659,8
660,11
661,11
662,10
663,2
664,13
665,15
666,1
667,8
668,11
669,15
670,17
671,10
672,20
673,13
674,21
675,15
676,20
677,12
678,8
679,4
680,16
681,6
682,17
683,2
684,11
685,9
686,15
687,2
688,2
689,19
690,11
691,12
692,4
693,15
694,15
695,14
696,16
697,13
698,18
699,21
700,6
701,12
702,16
703,8
704,21
705,6
706,20
707,11
708,2
709,13
710,3
711,15
712,11
713,17
714,3
715,6
716,5
717,15
718,14
719,11
720,13
721,17
722,4
723,16
724,18
725,6
726,15
727,3
728,4
729,15
730,18
731,6
732,14
733,11
734,6
735,20
736,1
737,10
738,11
739,3
740,20
741,8
742,3
743,16
744,14
745,11
746,3
747,11
748,10
749,3
750,16
751,12
752,3
753,19
754,15
755,11
756,2
757,20
758,6
759,17
760,15
761,11
762,21
763,17
764,10
765,6
766,10
767,3
768,13
769,10
770,20
771,10
772,15
773,4
774,7
775,18
776,15
777,15
778,20
779,9
780,4
781,17
782,2
783,3
784,16
785,15
786,3
787,6
788,17
789,12
790,15
791,17
792,6
793,15
794,20
795,16
796,15
797,15
798,3
799,15
800,20
801,13
802,7
803,4
804,13
805,10
806,14
807,6
808,6
809,15
810,21
811,2
812,10
813,9
814,9
815,14
816,17
817,13
818,4
819,16
820,16
821,20
822,4
823,16
824,5
825,4
826,13
827,10
828,9
829,10
830,9
831,17
832,16
833,4
834,14
835,2
836,16
837,8
838,8
839,6
840,15
841,1
842,2
843,11
844,9
845,6
846,9
847,7
848,4
849,1
850,10
851,20
852,17
853,11
854,4
855,15
856,18
857,12
858,6
859,10
860,19
861,4
862,12
863,21
864,16
865,9
866,14
867,13
868,10
869,4
870,4
871,18
872,3
873,13
874,9
875,14
876,13
877,15
878,14
879,4
880,8
881,11
882,20
883,16
884,20
885,7
886,20
887,18
888,21
889,15
890,5
891,15
892,3
893,5
894,6
895,11
896,18
897,11
898,14
899,10
900,4
901,8
902,3
903,18
904,6
905,2
906,6
907,1
908,12
909,20
910,5
911,20
912,11
913,4
914,11
915,14
916,20
917,16
918,16
919,6
920,15
921,15
922,4
923,8
924,16
925,5
926,8
927,1
928,11
929,4
930,16
931,5
932,16
933,15
934,2
935,12
936,9
937,13
938,20
939,13
940,1
941,2
942,1
943,10
944,8
945,10
946,11
947,19
948,10
949,5
950,8
951,8
952,17
953,1
954,13
955,7
956,3
957,11
958,3
959,4
960,3
961,10
962,15
963,8
964,4
965,4
966,15
967,11
968,13
969,4
970,3
971,13
972,15
973,20
974,19
975,12
976,7
977,12
978,13
979,4
980,17
981,11
982,14
983,19
984,5
985,12
986,20
987,11
988,20
989,6
990,8
991,1
992,19
993,16
994,15
995,20
996,11
997,20
998,15
999,16
1000,16
1001,18
1002,11
1003,18
1004,16
1005,20
1006,4
1007,9
1008,21
1009,16
1010,16
1011,21
1012,15
1013,6
1014,16
1015,10
1016,14
1017,19
1018,17
1019,9
1020,6
1021,1
1022,11
1023,3
1024,15
1025,20
1026,10
1027,15
1028,20
1029,15
1030,13
1031,20
1032,13
1033,15
1034,13
1035,13
1036,5
1037,21
1038,2
1039,14
1040,3
1041,15
1042,11
1043,20
1044,16
1045,20
1046,4
1047,12
1048,20
1049,5
1050,15
1051,14
1052,7
1053,17
1054,21
1055,3
1056,1
1057,12
1058,8
1059,6
1060,3
1061,8
1062,20
1063,15
1064,6
1065,20
1066,2
1067,16
1068,11
1069,12
1070,20
1071,21
1072,16
1073,5
1074,6
1075,20
1076,10
1077,5
1078,13
1079,11
1080,16
1081,20
1082,16
1083,4
1084,16
1085,10
1086,4
1087,19
1088,17
1089,10
1090,16
1091,10
1092,15
1093,14
1094,20
1095,10
1096,10
1097,14
1098,3
1099,19
1100,2
1101,13
1102,1
1103,21
1104,6
1105,18
1106,13
1107,15
1108,5
1109,17
1110,21
1111,4
1112,14
1113,1
1114,20
1115,3
1116,19
1117,4
1118,16
1119,8
1120,1
1121,14
1122,5
1123,15
1124,6
1125,6
1126,14
1127,18
1128,4
1129,11
1130,14
1131,21
1132,11
1133,11
1134,5
1135,8
1136,14
1137,11
1138,9
1139,2
1140,1
1141,15
1142,21
1143,3
1144,11
1145,8
1146,3
1147,2
1148,2
1149,13
1150,1
1151,16
1152,15
1153,21
1154,11
1155,2
1156,4
1157,19
1158,15
1159,3
1160,11
1161,11
1162,11
1163,8
1164,16
1165,18
1166,13
1167,10
1168,14
1169,3
1170,4
1171,6
1172,4
1173,20
1174,4
1175,6
1176,8
1177,18
1178,18
1179,19
1180,13
1181,16
1182,12
1183,3
1184,12
1185,6
1186,9
1187,5
1188,16
1189,12
1190,21
1191,21
1192,4
1193,1
1194,21
1195,12
1196,3
1197,10
1198,15
1199,14
1200,12
1201,12
1202,21
1203,3
1204,5
1205,10
1206,16
1207,21
1208,20
1209,16
1210,3
1211,9
1212,16
1213,14
1214,4
1215,16
1216,2
1217,6
1218,11
1219,13
1220,8
1221,10
1222,6
1223,5
1224,19
1225,21
1226,21
1227,15
1228,20
1229,15
1230,19
1231,4
1232,21
1233,13
1234,14
1235,7
1236,11
1237,17
1238,20
1239,15
1240,13
1241,8
1242,3
1243,1
1244,3
1245,13
1246,16
1247,15
1248,8
1249,12
1250,6
1251,3
1252,20
1253,13
1254,14
1255,16
1256,5
1257,12
1258,2
1259,8
1260,6
1261,4
1262,11
1263,13
1264,5
1265,15
1266,14
1267,14
1268,12
1269,14
1270,15
1271,20
1272,4
1273,18
1274,13
1275,15
1276,19
1277,21
1278,12
1279,13
1280,17
1281,11
1282,15
1283,20
1284,15
1285,7
1286,14
1287,21
1288,20
1289,2
1290,11
1291,8
1292,14
1293,2
1294,3
1295,13
1296,14
1297,4
1298,11
1299,3
1300,13
1301,15
1302,15
1303,10
1304,4
1305,20
1306,16
1307,13
1308,6
1309,18
1310,4
1311,8
1312,7
1313,16
1314,16
1315,3
1316,4
1317,1
1318,9
1319,11
1320,2
1321,15
1322,21
1323,5
1324,11
1325,6
1326,16
1327,2
1328,3
1329,13
1330,18
1331,6
1332,11
1333,17
1334,4
1335,16
1336,18
1337,3
1338,13
1339,4
1340,2
1341,20
1342,2
1343,11
1344,20
1345,6
1346,17
1347,19
1348,8
1349,3
1350,11
1351,15
1352,20
1353,15
1354,16
1355,2
1356,20
1357,7
1358,5
1359,16
1360,15
1361,7
1362,15
1363,3
1364,20
1365,1
1366,11
1367,21
1368,11
1369,11
1370,20
1371,2
1372,1
1373,3
1374,16
1375,18
1376,3
1377,2
1378,18
1379,6
1380,15
1381,2
1382,5
1383,15
1384,2
1385,14
1386,3
1387,12
1388,15
1389,6
1390,16
1391,11
1392,13
1393,5
1394,12
1395,14
1396,4
1397,3
1398,3
1399,2
1400,16
1401,3
1402,17
1403,12
1404,20
1405,20
1406,2
1407,2
1408,9
1409,11
1410,6
1411,7
1412,10
1413,15
1414,9
1415,14
1416,15
1417,20
1418,11
1419,12
1420,18
1421,1
1422,15
1423,17
1424,3
1425,11
1426,1
1427,3
1428,3
1429,12
1430,5
1431,9
1432,16
1433,14
1434,3
1435,5
1436,20
1437,18
1438,18
1439,15
1440,16
1441,12
1442,14
1443,12
1444,19
1445,3
1446,16
1447,5
1448,17
1449,17
1450,9
1451,10
1452,11
1453,6
1454,8
1455,11
1456,13
1457,8
1458,15
1459,17
1460,21
1461,16
1462,17
1463,5
1464,10
1465,16
1466,3
1467,13
1468,11
1469,21
1470,2
1471,5
1472,1
1473,14
1474,7
1475,8
1476,18
1477,8
1478,18
1479,11
1480,15
1481,10
1482,11
1483,4
1484,10
1485,16
1486,10
1487,12
1488,10
1489,3
1490,16
1491,18
1492,2
1493,4
1494,21
1495,15
1496,9
1497,2
1498,17
1499,19
1500,3
1501,13
1502,13
1503,14
1504,16
1505,18
1506,2
1507,18
1508,10
1509,1
1510,11
1511,8
1512,10
1513,5
1514,1
1515,11
1516,3
1517,10
1518,3
1519,8
1520,20
1521,15
1522,15
1523,3
1524,16
1525,5
1526,15
1527,17
1528,13
1529,11
1530,7
1531,2
1532,3
1533,15
1534,10
1535,4
1536,13
1537,10
1538,13
1539,20
1540,8
1541,17
1542,16
1543,2
1544,21
1545,20
1546,10
1547,12
1548,2
1549,19
1550,3
1551,11
1552,3
1553,3
1554,18
1555,9
1556,6
1557,8
1558,15
1559,17
1560,8
1561,15
1562,4
1563,18
1564,14
1565,16
1566,11
1567,16
1568,11
1569,11
1570,17
1571,10
1572,16
1573,3
1574,6
1575,15
1576,4
1577,15
1578,13
1579,19
1580,11
1581,17
1582,15
1583,12
1584,8
1585,8
1586,16
1587,12
1588,16
1589,12
1590,15
1591,17
1592,17
1593,6
1594,6
1595,19
1596,15
1597,4
1598,15
1599,15
1600,21
1601,11
1602,15
1603,11
1604,15
1605,11
1606,7
1607,4
1608,9
1609,15
1610,16
1611,4
1612,18
1613,15
1614,3
1615,19
1616,10
1617,18
1618,16
1619,21
1620,15
1621,3
1622,15
1623,4
1624,11
1625,4
1626,2
1627,4
1628,21
1629,15
1630,14
1631,14
1632,15
1633,9
1634,13
1635,16
1636,21
1637,8
1638,16
1639,20
1640,14
1641,15
1642,2
1643,3
1644,1
1645,5
1646,15
1647,15
1648,13
1649,18
1650,11
1651,21
1652,20
1653,11
1654,2
1655,17
1656,15
1657,20
1658,4
1659,11
1660,16
1661,19
1662,15
1663,12
1664,3
1665,9
1666,1
1667,5
1668,11
1669,18
1670,6
1671,2
1672,2
1673,15
1674,12
1675,14
1676,8
1677,8
1678,4
1679,2
1680,4
1681,11
1682,13
1683,5
1684,12
1685,16
1686,18
1687,20
1688,13
1689,20
1690,11
1691,16
1692,19
1693,13
1694,11
1695,16
1696,12
1697,4
1698,4
1699,1
1700,3
1701,3
1702,14
1703,14
1704,20
1705,14
1706,1
1707,8
1708,13
1709,6
1710,6
1711,13
1712,13
1713,10
1714,8
1715,8
1716,1
1717,3
1718,12
1719,3
1720,13
1721,14
1722,14
1723,11
1724,12
1725,13
1726,17
1727,13
1728,6
1729,20
1730,12
1731,20
1732,10
1733,20
1734,8
1735,1
1736,6
1737,12
1738,18
1739,12
1740,16
1741,17
1742,2
1743,17
1744,17
1745,13
1746,4
1747,15
1748,6
1749,1
1750,16
1751,20
1752,11
1753,20
1754,8
1755,13
1756,13
1757,6
1758,4
1759,19
1760,6
1761,3
1762,6
1763,16
1764,4
1765,11
1766,16
1767,14
1768,1
1769,4
1770,1
1771,16
1772,15
1773,8
1774,6
1775,2
1776,17
1777,10
1778,3
1779,14
1780,2
1781,7
1782,6
1783,13
1784,11
1785,6
1786,13
1787,19
1788,15
1789,2
1790,11
1791,13
1792,3
1793,8
1794,18
1795,17
1796,21
1797,16
1798,20
1799,9
1800,13
1801,2
1802,8
1803,9
1804,9
1805,6
1806,20
1807,14
1808,13
1809,6
1810,11
1811,17
1812,6
1813,6
1814,20
1815,6
1816,20
1817,16
1818,11
1819,4
1820,5
1821,3
1822,6
1823,6
1824,11
1825,20
1826,15
1827,15
1828,17
1829,18
1830,15
1831,11
1832,15
1833,18
1834,16
1835,11
1836,14
1837,2
1838,4
1839,15
1840,2
1841,2
1842,11
1843,9
1844,13
1845,21
1846,10
1847,2
1848,20
1849,8
1850,12
1851,12
1852,16
1853,1
1854,1
1855,5
1856,3
1857,9
1858,2
1859,10
1860,20
1861,15
1862,1
1863,15
1864,17
1865,20
1866,16
1867,6
1868,16
1869,4
1870,17
1871,5
1872,21
1873,11
1874,14
1875,2
1876,6
1877,10
1878,3
1879,5
1880,15
1881,16
1882,15
1883,18
1884,20
1885,19
1886,17
1887,13
1888,2
1889,5
1890,12
1891,10
1892,6
1893,17
1894,12
1895,7
1896,9
1897,10
1898,4
1899,15
1900,11
1901,12
1902,17
1903,10
1904,13
1905,15
1906,15
1907,3
1908,2
1909,15
1910,10
1911,15
1912,2
1913,12
1914,12
1915,20
1916,2
1917,16
1918,13
1919,2
1920,3
1921,8
1922,1
1923,3
1924,10
1925,5
1926,5
1927,2
1928,7
1929,10
1930,15
1931,8
1932,17
1933,11
1934,11
1935,20
1936,20
1937,16
1938,17
1939,20
1940,11
1941,15
1942,4
1943,15
1944,2
1945,5
1946,9
1947,6
1948,13
1949,16
1950,12
1951,18
1952,1
1953,15
1954,4
1955,17
1956,18
1957,18
1958,17
1959,7
1960,5
1961,2
1962,11
1963,4
1964,13
1965,4
1966,19
1967,6
1968,20
1969,1
1970,18
1971,17
1972,12
1973,11
1974,20
1975,10
1976,13
1977,16
1978,4
1979,9
1980,6
1981,2
1982,18
1983,15
1984,2
1985,11
1986,3
1987,16
1988,10
1989,11
1990,2
1991,6
1992,7
1993,6
1994,4
1995,9
1996,3
1997,18
1998,3
1999,21
2000,11
2001,16
2002,2
2003,11
2004,2
2005,21
2006,20
2007,10
2008,11
2009,6
2010,10
2011,14
2012,9
2013,17
2014,20
2015,13
2016,21
2017,20
2018,18
2019,14
2020,4
2021,15
2022,15
2023,6
2024,1
2025,2
2026,16
2027,19
2028,6
2029,1
2030,4
2031,3
2032,17
2033,17
2034,10
2035,12
2036,20
2037,15
2038,6
2039,14
2040,12
2041,8
2042,18
2043,18
2044,8
2045,16
2046,15
2047,14
2048,15
2049,11
2050,8
2051,3
2052,14
2053,2
2054,16
2055,18
2056,2
2057,20
2058,20
2059,15
2060,13
2061,19
2062,13
2063,13
2064,4
2065,16
2066,20
2067,14
2068,20
2069,3
2070,1
2071,2
2072,2
2073,16
2074,4
2075,2
2076,7
2077,8
2078,3
2079,11
2080,18
2081,6
2082,15
2083,3
2084,11
2085,15
2086,2
2087,3
2088,3
2089,13
2090,2
2091,18
2092,14
2093,3
2094,6
2095,12
2096,3
2097,17
2098,15
2099,12
2100,11
2101,16
2102,18
2103,5
2104,11
2105,9
2106,3
2107,3
2108,3
2109,2
2110,4
2111,12
2112,19
2113,17
2114,8
2115,13
2116,13
2117,12
2118,4
2119,13
2120,6
2121,12
2122,13
2123,5
2124,12
2125,21
2126,4
2127,8
2128,3
2129,6
2130,16
2131,11
2132,2
2133,17
2134,3
2135,16
2136,4
2137,3
2138,15
2139,8
2140,15
2141,13
2142,19
2143,11
2144,15
2145,21
2146,4
2147,12
2148,7
2149,3
2150,14
2151,17
2152,16
2153,12
2154,5
2155,4
2156,4
2157,15
2158,16
2159,9
2160,20
2161,15
2162,11
2163,11
2164,21
2165,14
2166,3
2167,1
2168,6
2169,16
2170,14
2171,19
2172,11
2173,6
2174,13
2175,3
2176,8
2177,6
2178,1
2179,11
2180,20
2181,14
2182,15
2183,13
2184,3
2185,20
2186,5
2187,1
2188,2
2189,20
2190,15
2191,12
2192,8
2193,6
2194,16
2195,13
2196,12
2197,13
2198,15
2199,8
2200,14
2201,12
2202,3
2203,19
2204,2
2205,2
2206,16
2207,11
2208,8
2209,10
2210,11
2211,15
2212,4
2213,11
2214,11
2215,1
2216,19
2217,4
2218,2
2219,13
2220,2
2221,17
2222,15
2223,6
2224,11
2225,11
2226,16
2227,6
2228,18
2229,3
2230,6
2231,16
2232,6
2233,20
2234,5
2235,16
2236,20
2237,15
2238,3
2239,2
2240,1
2241,19
2242,16
2243,4
2244,6
2245,6
2246,13
2247,14
2248,2
2249,6
2250,8
2251,6
2252,11
2253,18
2254,17
2255,14
2256,18
2257,16
2258,5
2259,9
2260,1
2261,7
2262,20
2263,20
2264,9
2265,7
2266,11
2267,6
2268,1
2269,10
2270,5
2271,3
2272,8
2273,16
2274,20
2275,3
2276,13
2277,12
2278,6
2279,6
2280,8
2281,8
2282,17
2283,9
2284,14
2285,7
2286,20
2287,15
2288,13
2289,7
2290,20
2291,15
2292,18
2293,16
2294,10
2295,4
2296,5
2297,20
2298,20
2299,16
2300,15
2301,14
2302,11
2303,20
2304,15
2305,1
2306,16
2307,17
2308,12
2309,14
2310,12
2311,11
2312,15
2313,10
2314,13
2315,11
2316,16
2317,11
2318,8
2319,15
2320,13
2321,21
2322,2
2323,20
2324,3
2325,10
2326,13
2327,5
2328,5
2329,5
2330,13
2331,14
2332,18
2333,9
2334,8
2335,14
2336,15
2337,16
2338,17
2339,12
2340,2
2341,11
2342,16
2343,18
2344,15
2345,11
2346,3
2347,7
2348,16
2349,15
2350,15
2351,6
2352,16
2353,5
2354,17
2355,19
2356,1
2357,16
2358,10
2359,14
2360,20
2361,10
2362,19
2363,3
2364,15
2365,13
2366,11
2367,13
2368,20
2369,13
2370,15
2371,20
2372,17
2373,2
2374,2
2375,14
2376,3
2377,16
2378,7
2379,7
2380,17
2381,4
2382,1
2383,11
2384,17
2385,15
2386,20
2387,20
2388,6
2389,13
2390,11
2391,15
2392,11
2393,12
2394,13
2395,4
2396,12
2397,5
2398,11
2399,14
2400,16
2401,18
2402,21
2403,14
2404,8
2405,8
2406,8
2407,2
2408,16
2409,14
2410,18
2411,15
2412,4
2413,1
2414,10
2415,2
2416,15
2417,7
2418,15
2419,15
2420,9
2421,21
2422,12
2423,8
2424,4
2425,12
2426,16
2427,20
2428,9
2429,10
2430,15
2431,7
2432,13
2433,4
2434,5
2435,7
2436,18
2437,16
2438,1
2439,9
2440,15
2441,20
2442,7
2443,18
2444,19
2445,13
2446,15
2447,20
2448,13
2449,9
2450,4
2451,11
2452,13
2453,20
2454,7
2455,7
2456,12
2457,15
2458,12
2459,16
2460,20
2461,16
2462,6
2463,4
2464,7
2465,1
2466,16
2467,6
2468,1
2469,13
2470,12
2471,6
2472,14
2473,15
2474,11
2475,2
2476,14
2477,16
2478,3
2479,6
2480,7
2481,16
2482,11
2483,15
2484,12
2485,11
2486,15
2487,15
2488,2
2489,17
2490,10
2491,3
2492,12
2493,8
2494,4
2495,3
2496,3
2497,6
2498,11
2499,10
2500,3
2501,16
2502,14
2503,10
2504,13
2505,1
2506,21
2507,12
2508,1
2509,6
2510,7
2511,12
2512,15
2513,4
2514,18
2515,11
2516,20
2517,15
2518,2
2519,2
2520,12
2521,21
2522,15
2523,8
2524,15
2525,10
2526,12
2527,13
2528,7
2529,11
2530,5
2531,15
2532,19
2533,16
2534,11
2535,20
2536,15
2537,6
2538,21
2539,2
2540,19
2541,16
2542,13
2543,2
2544,6
2545,21
2546,2
2547,20
2548,12
2549,21
2550,11
2551,11
2552,13
2553,11
2554,18
2555,3
2556,16
2557,6
2558,15
2559,11
2560,7
2561,9
2562,20
2563,20
2564,6
2565,3
2566,6
2567,4
2568,15
2569,17
2570,4
2571,2
2572,12
2573,2
2574,16
2575,21
2576,3
2577,16
2578,15
2579,17
2580,19
2581,16
2582,16
2583,4
2584,1
2585,6
2586,3
2587,16
2588,4
2589,16
2590,7
2591,14
2592,13
2593,16
2594,20
2595,2
2596,18
2597,12
2598,4
2599,20
2600,21
2601,6
2602,12
2603,10
2604,12
2605,16
2606,11
2607,14
2608,11
2609,3
2610,13
2611,21
2612,12
2613,14
2614,15
2615,3
2616,2
2617,2
2618,12
2619,16
2620,3
2621,15
2622,10
2623,6
2624,5
2625,13
2626,2
2627,11
2628,3
2629,9
2630,20
2631,15
2632,9
2633,9
2634,7
2635,20
2636,15
2637,11
2638,2
2639,10
2640,16
2641,17
2642,13
2643,11
2644,14
2645,16
2646,6
2647,15
2648,16
2649,16
2650,7
2651,11
2652,13
2653,15
2654,2
2655,17
2656,16
2657,11
2658,12
2659,20
2660,19
2661,6
2662,7
2663,13
2664,11
2665,13
2666,14
2667,6
2668,1
2669,16
2670,20
2671,3
2672,4
2673,11
2674,10
2675,11
2676,19
2677,3
2678,17
2679,20
2680,14
2681,12
2682,13
2683,10
2684,15
2685,12
2686,15
2687,21
2688,1
2689,5
2690,15
2691,4
2692,20
2693,16
2694,19
2695,2
2696,5
2697,20
2698,14
2699,10
2700,11
2701,4
2702,16
2703,10
2704,15
2705,2
2706,14
2707,15
2708,11
2709,11
2710,2
2711,11
2712,13
2713,16
2714,13
2715,12
2716,6
2717,14
2718,8
2719,6
2720,3
2721,3
2722,16
2723,2
2724,4
2725,3
2726,16
2727,9
2728,11
2729,21
2730,16
2731,15
2732,15
2733,6
2734,15
2735,12
2736,20
2737,9
2738,9
2739,2
2740,4
2741,6
2742,15
2743,13
2744,1
2745,20
2746,10
2747,10
2748,16
2749,15
2750,6
2751,11
2752,15
2753,12
2754,6
2755,15
2756,20
2757,15
2758,4
2759,15
2760,16
2761,3
2762,6
2763,6
2764,8
2765,6
2766,1
2767,13
2768,18
2769,16
2770,17
2771,4
2772,3
2773,6
2774,14
2775,15
2776,16
2777,8
2778,16
2779,3
2780,14
2781,9
2782,9
2783,12
2784,20
2785,12
2786,13
2787,17
2788,5
2789,20
2790,3
2791,2
2792,19
2793,13
2794,15
2795,18
2796,2
2797,3
2798,13
2799,3
2800,13
2801,3
2802,21
2803,4
2804,9
2805,1
2806,19
2807,16
2808,10
2809,11
2810,6
2811,13
2812,6
2813,8
2814,1
2815,21
2816,7
2817,20
2818,2
2819,6
2820,10
2821,20
2822,16
2823,11
2824,16
2825,21
2826,8
2827,10
2828,3
2829,19
2830,20
2831,6
2832,12
2833,20
2834,2
2835,14
2836,15
2837,11
2838,5
2839,12
2840,2
2841,5
2842,14
2843,12
2844,2
2845,2
2846,16
2847,1
2848,21
2849,20
2850,4
2851,20
2852,10
2853,3
2854,12
2855,11
2856,9
2857,19
2858,11
2859,11
2860,2
2861,21
2862,18
2863,11
2864,19
2865,3
2866,1
2867,13
2868,4
2869,11
2870,10
2871,14
2872,20
2873,6
2874,15
2875,18
2876,20
2877,19
2878,20
2879,8
2880,10
2881,17
2882,20
2883,14
2884,12
2885,11
2886,21
2887,3
2888,6
2889,19
2890,18
2891,15
2892,19
2893,13
2894,16
2895,4
2896,11
2897,3
2898,8
2899,13
2900,2
2901,8
2902,12
2903,5
2904,19
2905,19
2906,10
2907,21
2908,14
2909,13
2910,15
2911,6
2912,1
2913,21
2914,18
2915,15
2916,16
2917,6
2918,7
2919,17
2920,13
2921,15
2922,4
2923,15
2924,8
2925,4
2926,12
2927,15
2928,15
2929,17
2930,18
2931,1
2932,13
2933,15
2934,15
2935,13
2936,20
2937,20
2938,21
2939,19
2940,15
2941,16
2942,16
2943,16
2944,5
2945,16
2946,11
2947,6
2948,4
2949,3
2950,15
2951,3
2952,10
2953,6
2954,19
2955,8
2956,11
2957,4
2958,8
2959,11
2960,4
2961,16
2962,15
2963,2
2964,16
2965,16
2966,19
2967,13
2968,19
2969,12
2970,15
2971,13
2972,20
2973,16
2974,11
2975,12
2976,4
2977,9
2978,2
2979,11
2980,20
2981,14
2982,16
2983,10
2984,15
2985,3
2986,13
2987,2
2988,6
2989,3
2990,15
2991,15
2992,13
2993,13
2994,16
2995,2
2996,15
2997,21
2998,4
2999,17
3000,11
3001,16
3002,8
3003,3
3004,15
3005,9
3006,14
3007,15
3008,4
3009,18
3010,9
3011,4
3012,13
3013,17
3014,15
3015,3
3016,4
3017,8
3018,16
3019,18
3020,14
3021,6
3022,11
3023,14
3024,11
3025,4
3026,4
3027,11
3028,16
3029,6
3030,10
3031,15
3032,21
3033,11
3034,15
3035,20
3036,3
3037,11
3038,16
3039,13
3040,3
3041,15
3042,21
3043,14
3044,15
3045,10
3046,20
3047,5
3048,11
3049,12
3050,13
3051,8
3052,14
3053,10
3054,9
3055,5
3056,12
3057,5
3058,13
3059,11
3060,16
3061,14
3062,3
3063,20
3064,16
3065,7
3066,14
3067,16
3068,17
3069,10
3070,12
3071,10
3072,14
3073,1
3074,14
3075,5
3076,15
3077,10
3078,20
3079,13
3080,7
3081,6
3082,1
3083,19
3084,3
3085,15
3086,11
3087,15
3088,2
3089,2
3090,11
3091,7
3092,20
3093,11
3094,8
3095,5
3096,16
3097,11
3098,4
3099,20
3100,16
3101,16
3102,19
3103,5
3104,8
3105,21
3106,15
3107,11
3108,3
3109,3
3110,6
3111,20
3112,18
3113,16
3114,14
3115,8
3116,11
3117,8
3118,15
3119,19
3120,17
3121,5
3122,11
3123,16
3124,14
3125,17
3126,16
3127,4
3128,2
3129,5
3130,6
3131,8
3132,19
3133,15
3134,16
3135,15
3136,20
3137,16
3138,18
3139,15
3140,11
3141,18
3142,6
3143,14
3144,5
3145,4
3146,6
3147,5
3148,9
3149,13
3150,10
3151,20
3152,12
3153,17
3154,6
3155,13
3156,20
3157,12
3158,3
3159,10
3160,6
3161,10
3162,3
3163,16
3164,14
3165,16
3166,14
3167,11
3168,7
3169,15
3170,14
3171,16
3172,4
3173,13
3174,14
3175,17
3176,15
3177,11
3178,15
3179,15
3180,3
3181,14
3182,20
3183,14
3184,13
3185,21
3186,15
3187,14
3188,13
3189,14
3190,12
3191,4
3192,13
3193,2
3194,18
3195,13
3196,15
3197,3
3198,15
3199,1
3200,11
3201,16
3202,14
3203,14
3204,3
3205,6
3206,10
3207,15
3208,3
3209,15
3210,6
3211,4
3212,4
3213,15
3214,20
3215,6
3216,20
3217,12
3218,12
3219,11
3220,17
3221,13
3222,3
3223,18
3224,7
3225,16
3226,4
3227,16
3228,6
3229,11
3230,4
3231,11
3232,6
3233,15
3234,19
3235,19
3236,16
3237,11
3238,9
3239,3
3240,2
3241,3
3242,16
3243,21
3244,17
3245,10
3246,18
3247,21
3248,11
3249,2
3250,15
3251,14
3252,11
3253,4
3254,4
3255,16
3256,17
3257,14
3258,4
3259,10
3260,16
3261,16
3262,2
3263,17
3264,1
3265,2
3266,3
3267,2
3268,13
3269,5
3270,4
3271,8
3272,9
3273,4
3274,15
3275,3
3276,7
3277,8
3278,15
3279,5
3280,17
3281,14
3282,20
3283,11
3284,20
3285,2
3286,13
3287,18
3288,6
3289,10
3290,17
3291,10
3292,15
3293,20
3294,19
3295,11
3296,11
3297,19
3298,11
3299,9
3300,12
3301,4
3302,16
3303,6
3304,15
3305,2
3306,4
3307,12
3308,17
3309,15
3310,10
3311,4
3312,15
3313,15
3314,16
3315,7
3316,15
3317,4
3318,2
3319,4
3320,11
3321,16
3322,6
3323,11
3324,8
3325,11
3326,17
3327,12
3328,2
3329,21
3330,12
3331,11
3332,4
3333,17
3334,3
3335,15
3336,14
3337,8
3338,21
3339,11
3340,11
3341,19
3342,2
3343,17
3344,12
3345,3
3346,11
3347,20
3348,8
3349,3
3350,4
3351,16
3352,15
3353,14
3354,17
3355,4
3356,15
3357,20
3358,5
3359,6
3360,4
3361,2
3362,2
3363,8
3364,12
3365,14
3366,1
3367,16
3368,11
3369,12
3370,15
3371,1
3372,8
3373,13
3374,4
3375,4
3376,7
3377,15
3378,11
3379,20
3380,20
3381,5
3382,15
3383,6
3384,6
3385,14
3386,16
3387,3
3388,16
3389,8
3390,20
3391,10
3392,15
3393,15
3394,3
3395,8
3396,16
3397,21
3398,8
3399,14
3400,9
3401,21
3402,12
3403,18
3404,14
3405,3
3406,20
3407,15
3408,21
3409,15
3410,18
3411,20
3412,3
3413,15
3414,8
3415,15
3416,3
3417,3
3418,12
3419,2
3420,5
3421,18
3422,17
3423,17
3424,15
3425,21
3426,21
3427,15
3428,11
3429,2
3430,13
3431,2
3432,16
3433,9
3434,14
3435,12
3436,4
3437,18
3438,13
3439,11
3440,20
3441,4
3442,15
3443,18
3444,15
3445,17
3446,14
3447,19
3448,13
3449,15
3450,1
3451,12
3452,11
3453,10
3454,16
3455,15
3456,5
3457,4
3458,15
3459,13
3460,6
3461,5
3462,13
3463,15
3464,9
3465,4
3466,11
3467,21
3468,15
3469,11
3470,8
3471,11
3472,11
3473,13
3474,11
3475,6
3476,3
3477,10
3478,14
3479,16
3480,19
3481,13
3482,20
3483,13
3484,14
3485,20
3486,13
3487,15
3488,17
3489,20
3490,21
3491,20
3492,20
3493,17
3494,3
3495,15
3496,15
3497,1
3498,2
3499,16
3500,15
3501,16
3502,10
3503,14
3504,16
3505,3
3506,2
3507,9
3508,10
3509,6
3510,4
3511,14
3512,10
3513,13
3514,19
3515,20
3516,2
3517,3
3518,6
3519,8
3520,5
3521,21
3522,5
3523,20
3524,8
3525,2
3526,3
3527,4
3528,2
3529,9
3530,3
3531,11
3532,6
3533,16
3534,6
3535,16
3536,16
3537,12
3538,8
3539,11
3540,20
3541,15
3542,20
3543,3
3544,3
3545,11
3546,20
3547,11
3548,4
3549,18
3550,11
3551,14
3552,18
3553,17
3554,14
3555,14
3556,16
3557,7
3558,14
3559,18
3560,3
3561,7
3562,13
3563,3
3564,1
3565,19
3566,13
3567,12
3568,13
3569,16
3570,20
3571,16
3572,3
3573,11
3574,11
3575,7
3576,10
3577,20
3578,20
3579,5
3580,3
3581,10
3582,11
3583,20
3584,13
3585,14
3586,16
3587,19
3588,12
3589,21
3590,15
3591,10
3592,16
3593,19
3594,3
3595,1
3596,4
3597,16
3598,11
3599,15
3600,11
3601,16
3602,6
3603,15
3604,20
3605,12
3606,4
3607,7
3608,16
3609,20
3610,10
3611,15
3612,16
3613,12
3614,15
3615,16
3616,20
3617,16
3618,14
3619,12
3620,15
3621,21
3622,21
3623,2
3624,11
3625,10
3626,3
3627,12
3628,18
3629,3
3630,11
3631,2
3632,17
3633,14
3634,15
3635,1
3636,20
3637,7
3638,4
3639,16
3640,14
3641,6
3642,4
3643,15
3644,3
3645,7
3646,10
3647,13
3648,11
3649,19
3650,10
3651,2
3652,21
3653,19
3654,15
3655,2
3656,5
3657,16
3658,3
3659,2
3660,15
3661,12
3662,11
3663,16
3664,14
3665,2
3666,14
3667,3
3668,21
3669,16
3670,6
3671,11
3672,13
3673,5
3674,13
3675,13
3676,14
3677,14
3678,14
3679,2
3680,21
3681,13
3682,3
3683,17
3684,15
3685,8
3686,15
3687,13
3688,15
3689,14
3690,9
3691,14
3692,20
3693,9
3694,14
3695,7
3696,16
3697,21
3698,5
3699,13
3700,17
3701,18
3702,1
3703,1
3704,15
3705,19
3706,2
3707,11
3708,7
3709,20
3710,15
3711,20
3712,2
3713,2
3714,1
3715,5
3716,6
3717,3
3718,18
3719,6
3720,11
3721,16
3722,21
3723,21
3724,3
3725,20
3726,8
3727,11
3728,15
3729,4
3730,16
3731,1
3732,3
3733,16
3734,17
3735,2
3736,6
3737,17
3738,20
3739,2
3740,2
3741,11
3742,3
3743,12
3744,2
3745,16
3746,17
3747,15
3748,8
3749,16
3750,16
3751,19
3752,4
3753,16
3754,13
3755,10
3756,10
3757,20
3758,20
3759,2
3760,19
3761,15
3762,3
3763,11
3764,18
3765,6
3766,20
3767,3
3768,12
3769,14
3770,4
3771,4
3772,1
3773,18
3774,3
3775,6
3776,16
3777,9
3778,11
3779,2
3780,13
3781,20
3782,17
3783,20
3784,16
3785,6
3786,18
3787,21
3788,18
3789,4
3790,20
3791,21
3792,9
3793,16
3794,5
3795,11
3796,18
3797,11
3798,16
3799,15
3800,15
3801,2
3802,9
3803,8
3804,5
3805,14
3806,11
3807,9
3808,10
3809,2
3810,3
3811,21
3812,2
3813,3
3814,3
3815,13
3816,20
3817,7
3818,11
3819,15
3820,13
3821,20
3822,16
3823,16
3824,3
3825,21
3826,16
3827,15
3828,3
3829,8
3830,13
3831,12
3832,8
3833,8
3834,15
3835,12
3836,21
3837,13
3838,21
3839,7
3840,3
3841,20
3842,16
3843,13
3844,17
3845,18
3846,5
3847,14
3848,13
3849,7
3850,14
3851,16
3852,13
3853,8
3854,18
3855,12
3856,3
3857,14
3858,11
3859,4
3860,1
3861,6
3862,17
3863,16
3864,13
3865,12
3866,6
3867,7
3868,20
3869,11
3870,5
3871,4
3872,16
3873,4
3874,11
3875,13
3876,2
3877,16
3878,15
3879,13
3880,18
3881,16
3882,4
3883,3
3884,8
3885,3
3886,15
3887,10
3888,11
3889,16
3890,12
3891,15
3892,3
3893,15
3894,16
3895,4
3896,11
3897,18
3898,16
3899,17
3900,17
3901,10
3902,1
3903,9
3904,4
3905,13
3906,16
3907,2
3908,7
3909,17
3910,16
3911,11
3912,2
3913,1
3914,15
3915,9
3916,12
3917,20
3918,13
3919,18
3920,12
3921,3
3922,5
3923,3
3924,15
3925,7
3926,4
3927,12
3928,9
3929,6
3930,6
3931,5
3932,4
3933,19
3934,4
3935,13
3936,4
3937,20
3938,20
3939,16
3940,11
3941,2
3942,11
3943,21
3944,2
3945,19
3946,8
3947,19
3948,4
3949,12
3950,20
3951,18
3952,8
3953,21
3954,2
3955,15
3956,13
3957,15
3958,3
3959,6
3960,1
3961,2
3962,18
3963,6
3964,21
3965,8
3966,12
3967,12
3968,4
3969,8
3970,19
3971,10
3972,14
3973,21
3974,13
3975,16
3976,8
3977,3
3978,11
3979,11
3980,14
3981,15
3982,3
3983,14
3984,6
3985,13
3986,15
3987,16
3988,14
3989,13
3990,20
3991,19
3992,15
3993,2
3994,3
3995,16
3996,10
3997,16
3998,19
3999,8
4000,3
4001,15
4002,19
4003,11
4004,3
4005,15
4006,6
4007,14
4008,1
4009,11
4010,20
4011,17
4012,3
4013,15
4014,12
4015,15
4016,12
4017,7
4018,16
4019,21
4020,2
4021,2
4022,16
4023,6
4024,16
4025,18
4026,15
4027,15
4028,11
4029,3
4030,11
4031,3
4032,2
4033,14
4034,13
4035,15
4036,21
4037,11
4038,20
4039,20
4040,15
4041,1
4042,4
4043,8
4044,5
4045,11
4046,16
4047,12
4048,11
4049,20
4050,10
4051,12
4052,13
4053,17
4054,3
4055,13
4056,13
4057,19
4058,4
4059,7
4060,14
4061,17
4062,15
4063,11
4064,3
4065,3
4066,21
4067,14
4068,19
4069,15
4070,6
4071,11
4072,10
4073,16
4074,3
4075,15
4076,17
4077,4
4078,19
4079,2
4080,17
4081,17
4082,18
4083,15
4084,15
4085,14
4086,20
4087,13
4088,2
4089,15
4090,20
4091,9
4092,13
4093,14
4094,17
4095,5
4096,2
4097,19
4098,13
4099,16
4100,11
4101,3
4102,20
4103,11
4104,20
4105,11
4106,4
4107,20
4108,6
4109,16
4110,2
4111,6
4112,6
4113,6
4114,12
4115,6
4116,11
4117,8
4118,20
4119,14
4120,11
4121,15
4122,3
4123,6
4124,11
4125,2
4126,16
4127,2
4128,16
4129,14
4130,3
4131,15
4132,20
4133,20
4134,13
4135,17
4136,14
4137,4
4138,11
4139,17
4140,16
4141,13
4142,13
4143,11
4144,18
4145,19
4146,20
4147,16
4148,3
4149,1
4150,3
4151,18
4152,21
4153,21
4154,8
4155,10
4156,2
4157,6
4158,21
4159,12
4160,7
4161,18
4162,3
4163,11
4164,3
4165,15
4166,1
4167,16
4168,15
4169,2
4170,14
4171,18
4172,15
4173,2
4174,20
4175,11
4176,3
4177,18
4178,16
4179,21
4180,16
4181,9
4182,9
4183,13
4184,14
4185,14
4186,15
4187,13
4188,8
4189,11
4190,20
4191,11
4192,8
4193,1
4194,20
4195,3
4196,15
4197,15
4198,3
4199,14
4200,11
4201,16
4202,20
4203,2
4204,14
4205,15
4206,9
4207,2
4208,6
4209,7
4210,21
4211,14
4212,7
4213,16
4214,13
4215,14
4216,20
4217,16
4218,20
4219,16
4220,13
4221,10
4222,8
4223,13
4224,15
4225,5
4226,8
4227,2
4228,15
4229,12
4230,12
4231,11
4232,10
4233,11
4234,11
4235,16
4236,18
4237,5
4238,15
4239,11
4240,14
4241,20
4242,3
4243,9
4244,13
4245,20
4246,21
4247,1
4248,3
4249,20
4250,14
4251,13
4252,4
4253,9
4254,8
4255,14
4256,19
4257,3
4258,4
4259,11
4260,20
4261,14
4262,13
4263,8
4264,12
4265,16
4266,4
4267,2
4268,3
4269,15
4270,8
4271,3
4272,10
4273,11
4274,3
4275,12
4276,19
4277,20
4278,20
4279,16
4280,16
4281,16
4282,6
4283,11
4284,12
4285,6
4286,16
4287,2
4288,2
4289,11
4290,11
4291,20
4292,1
4293,14
4294,10
4295,11
4296,3
4297,16
4298,20
4299,10
4300,10
4301,20
4302,11
4303,15
4304,16
4305,4
4306,16
4307,6
4308,3
4309,21
4310,13
4311,15
4312,20
4313,15
4314,20
4315,16
4316,14
4317,18
4318,8
4319,11
4320,1
4321,21
4322,12
4323,12
4324,8
4325,13
4326,6
4327,21
4328,14
4329,11
4330,16
4331,1
4332,9
4333,3
4334,4
4335,8
4336,8
4337,21
4338,14
4339,20
4340,5
4341,16
4342,3
4343,11
4344,20
4345,6
4346,15
4347,11
4348,5
4349,2
4350,16
4351,6
4352,3
4353,15
4354,7
4355,21
4356,20
4357,15
4358,15
4359,15
4360,18
4361,13
4362,10
4363,11
4364,2
4365,7
4366,16
4367,7
4368,4
4369,4
4370,11
4371,13
4372,13
4373,15
4374,17
4375,13
4376,3
4377,3
4378,14
4379,3
4380,12
4381,13
4382,7
4383,15
4384,15
4385,17
4386,17
4387,15
4388,15
4389,4
4390,2
4391,13
4392,2
4393,2
4394,20
4395,3
4396,8
4397,11
4398,6
4399,13
4400,15
4401,20
4402,8
4403,19
4404,20
4405,21
4406,5
4407,6
4408,17
4409,11
4410,6
4411,5
4412,3
4413,4
4414,2
4415,18
4416,16
4417,16
4418,12
4419,3
4420,8
4421,1
4422,11
4423,11
4424,6
4425,2
4426,8
4427,14
4428,9
4429,11
4430,5
4431,2
4432,16
4433,15
4434,9
4435,4
4436,15
4437,2
4438,20
4439,13
4440,5
4441,12
4442,11
4443,11
4444,7
4445,5
4446,4
4447,17
4448,11
4449,15
4450,6
4451,20
4452,13
4453,4
4454,6
4455,2
4456,20
4457,10
4458,1
4459,6
4460,13
4461,10
4462,7
4463,2
4464,3
4465,12
4466,14
4467,6
4468,6
4469,10
4470,17
4471,10
4472,5
4473,6
4474,13
4475,11
4476,13
4477,16
4478,11
4479,20
4480,21
4481,16
4482,17
4483,6
4484,10
4485,18
4486,9
4487,10
4488,20
4489,16
4490,21
4491,11
4492,15
4493,20
4494,10
4495,15
4496,20
4497,4
4498,7
4499,16
4500,16
4501,21
4502,21
4503,13
4504,2
4505,11
4506,18
4507,16
4508,3
4509,6
4510,4
4511,3
4512,14
4513,5
4514,13
4515,13
4516,14
4517,6
4518,6
4519,9
4520,16
4521,6
4522,13
4523,13
4524,4
4525,2
4526,11
4527,12
4528,4
4529,21
4530,15
4531,11
4532,16
4533,9
4534,4
4535,14
4536,18
4537,8
4538,11
4539,11
4540,3
4541,13
4542,17
4543,20
4544,20
4545,13
4546,4
4547,9
4548,11
4549,15
4550,14
4551,11
4552,15
4553,13
4554,13
4555,10
4556,8
4557,16
4558,6
4559,11
4560,16
4561,11
4562,2
4563,15
4564,19
4565,20
4566,21
4567,15
4568,16
4569,4
4570,11
4571,15
4572,15
4573,16
4574,12
4575,19
4576,19
4577,4
4578,16
4579,2
4580,5
4581,3
4582,19
4583,13
4584,13
4585,20
4586,11
4587,11
4588,20
4589,3
4590,16
4591,11
4592,4
4593,6
4594,21
4595,2
4596,13
4597,11
4598,15
4599,14
4600,19
4601,16
4602,4
4603,3
4604,14
4605,8
4606,11
4607,15
4608,20
4609,5
4610,4
4611,18
4612,19
4613,12
4614,21
4615,3
4616,11
4617,21
4618,19
4619,13
4620,20
4621,15
4622,11
4623,3
4624,13
4625,12
4626,9
4627,19
4628,20
4629,14
4630,20
4631,15
4632,11
4633,15
4634,3
4635,19
4636,10
4637,6
4638,10
4639,15
4640,8
4641,3
4642,15
4643,15
4644,4
4645,17
4646,12
4647,3
4648,11
4649,17
4650,4
4651,4
4652,3
4653,4
4654,7
4655,3
4656,3
4657,16
4658,8
4659,5
4660,1
4661,9
4662,16
4663,6
4664,14
4665,3
4666,21
4667,15
4668,11
4669,13
4670,16
4671,6
4672,18
4673,4
4674,6
4675,11
4676,13
4677,14
4678,7
4679,11
4680,20
4681,11
4682,12
4683,11
4684,12
4685,12
4686,16
4687,18
4688,15
4689,13
4690,6
4691,14
4692,14
4693,13
4694,14
4695,1
4696,10
4697,2
4698,6
4699,19
4700,3
4701,10
4702,2
4703,13
4704,4
4705,17
4706,11
4707,8
4708,14
4709,5
4710,10
4711,4
4712,2
4713,10
4714,1
4715,16
4716,10
4717,3
4718,4
4719,1
4720,3
4721,14
4722,11
4723,15
4724,4
4725,3
4726,2
4727,16
4728,6
4729,15
4730,12
4731,7
4732,14
4733,20
4734,13
4735,6
4736,4
4737,16
4738,9
4739,12
4740,7
4741,2
4742,12
4743,2
4744,3
4745,5
4746,8
4747,21
4748,15
4749,3
4750,13
4751,10
4752,15
4753,1
4754,10
4755,20
4756,3
4757,20
4758,11
4759,6
4760,16
4761,13
4762,8
4763,19
4764,16
4765,4
4766,15
4767,13
4768,20
4769,16
4770,16
4771,3
4772,1
4773,16
4774,6
4775,11
4776,20
4777,15
4778,6
4779,11
4780,15
4781,21
4782,20
4783,11
4784,12
4785,3
4786,6
4787,16
4788,16
4789,21
4790,16
4791,13
4792,16
4793,3
4794,16
4795,20
4796,13
4797,4
4798,11
4799,16
4800,16
4801,17
4802,12
4803,16
4804,13
4805,9
4806,9
4807,16
4808,16
4809,8
4810,10
4811,13
4812,8
4813,11
4814,20
4815,6
4816,5
4817,6
4818,19
4819,14
4820,15
4821,15
4822,13
4823,9
4824,5
4825,1
4826,7
4827,13
4828,15
4829,10
4830,16
4831,15
4832,11
4833,11
4834,10
4835,15
4836,12
4837,16
4838,4
4839,11
4840,18
4841,15
4842,12
4843,13
4844,11
4845,13
4846,19
4847,6
4848,6
4849,15
4850,1
4851,14
4852,6
4853,4
4854,17
4855,11
4856,19
4857,5
4858,16
4859,12
4860,12
4861,21
4862,3
4863,9
4864,8
4865,2
4866,8
4867,20
4868,2
4869,11
4870,8
4871,12
4872,7
4873,14
4874,6
4875,20
4876,5
4877,14
4878,2
4879,2
4880,3
4881,19
4882,5
4883,15
4884,8
4885,16
4886,15
4887,4
4888,20
4889,8
4890,14
4891,16
4892,3
4893,15
4894,6
4895,19
4896,17
4897,16
4898,20
4899,10
4900,16
4901,15
4902,16
4903,11
4904,18
4905,21
4906,11
4907,21
4908,10
4909,10
4910,2
4911,4
4912,15
4913,18
4914,19
4915,7
4916,3
4917,14
4918,12
4919,13
4920,19
4921,16
4922,7
4923,10
4924,15
4925,18
4926,16
4927,10
4928,13
4929,11
4930,13
4931,15
4932,2
4933,18
4934,15
4935,15
4936,2
4937,3
4938,17
4939,11
4940,16
4941,15
4942,12
4943,11
4944,7
4945,5
4946,2
4947,2
4948,4
4949,14
4950,11
4951,4
4952,13
4953,11
4954,20
4955,13
4956,11
4957,12
4958,10
4959,20
4960,10
4961,14
4962,11
4963,8
4964,15
4965,13
4966,14
4967,13
4968,13
4969,11
4970,2
4971,13
4972,19
4973,1
4974,2
4975,4
4976,15
4977,3
4978,15
4979,13
4980,13
4981,3
4982,5
4983,15
4984,15
4985,3
4986,10
4987,15
4988,9
4989,3
4990,18
4991,15
4992,16
4993,1
4994,17
4995,16
4996,14
4997,20
4998,15
4999,15
5000,15
5001,6
5002,11
5003,9
5004,12
5005,13
5006,21
5007,11
5008,2
5009,14
5010,20
5011,16
5012,20
5013,4
5014,21
5015,10
5016,16
5017,13
5018,21
5019,1
5020,11
5021,3
5022,13
5023,4
5024,10
5025,13
5026,19
5027,2
5028,8
5029,3
5030,15
5031,21
5032,18
5033,13
5034,12
5035,6
5036,3
5037,13
5038,4
5039,21
5040,4
5041,17
5042,5
5043,15
5044,20
5045,14
5046,4
5047,20
5048,20
5049,20
5050,6
5051,17
5052,6
5053,16
5054,21
5055,18
5056,3
5057,18
5058,20
5059,4
5060,2
5061,2
5062,3
5063,14
5064,16
5065,16
5066,21
5067,16
5068,8
5069,15
5070,10
5071,4
5072,3
5073,20
5074,16
5075,11
5076,7
5077,20
5078,20
5079,16
5080,8
5081,2
5082,19
5083,2
5084,3
5085,6
5086,20
5087,15
5088,6
5089,3
5090,6
5091,10
5092,4
5093,8
5094,4
5095,8
5096,11
5097,15
5098,15
5099,2
5100,16
5101,4
5102,8
5103,15
5104,15
5105,15
5106,14
5107,5
5108,13
5109,2
5110,3
5111,3
5112,19
5113,16
5114,21
5115,6
5116,12
5117,3
5118,10
5119,15
5120,17
5121,3
5122,15
5123,20
5124,13
5125,6
5126,2
5127,4
5128,16
5129,16
5130,3
5131,15
5132,6
5133,11
5134,21
5135,12
5136,18
5137,8
5138,3
5139,12
5140,12
5141,14
5142,15
5143,4
5144,3
5145,20
5146,12
5147,8
5148,13
5149,2
5150,1
5151,13
5152,13
5153,18
5154,8
5155,15
5156,15
5157,3
5158,11
5159,12
5160,8
5161,6
5162,6
5163,10
5164,4
5165,19
5166,11
5167,13
5168,13
5169,16
5170,16
5171,9
5172,16
5173,15
5174,15
5175,13
5176,10
5177,16
5178,3
5179,5
5180,3
5181,3
5182,11
5183,1
5184,15
5185,4
5186,6
5187,14
5188,3
5189,19
5190,3
5191,3
5192,15
5193,20
5194,20
5195,5
5196,6
5197,11
5198,17
5199,18
5200,14
5201,5
5202,14
5203,15
5204,1
5205,20
5206,19
5207,15
5208,3
5209,2
5210,11
5211,14
5212,1
5213,19
5214,11
5215,16
5216,14
5217,20
5218,6
5219,3
5220,11
5221,7
5222,18
5223,4
5224,11
5225,18
5226,11
5227,12
5228,12
5229,2
5230,3
5231,3
5232,6
5233,20
5234,13
5235,6
5236,15
5237,21
5238,13
5239,17
5240,21
5241,8
5242,2
5243,4
5244,15
5245,2
5246,2
5247,4
5248,20
5249,16
5250,4
5251,4
5252,17
5253,4
5254,3
5255,2
5256,13
5257,2
5258,8
5259,4
5260,15
5261,15
5262,8
5263,10
5264,8
5265,10
5266,18
5267,10
5268,9
5269,10
5270,3
5271,4
5272,20
5273,20
5274,13
5275,4
5276,2
5277,16
5278,9
5279,4
5280,16
5281,14
5282,10
5283,2
5284,3
5285,21
5286,21
5287,3
5288,14
5289,15
5290,13
5291,9
5292,3
5293,4
5294,15
5295,13
5296,16
5297,3
5298,3
5299,7
5300,20
5301,2
5302,7
5303,11
5304,9
5305,15
5306,14
5307,17
5308,12
5309,17
5310,6
5311,15
5312,21
5313,19
5314,17
5315,20
5316,10
5317,7
5318,5
5319,17
5320,1
5321,15
5322,11
5323,15
5324,20
5325,13
5326,8
5327,4
5328,13
5329,16
5330,2
5331,20
5332,18
5333,18
5334,11
5335,3
5336,2
5337,20
5338,7
5339,5
5340,6
5341,6
5342,19
5343,14
5344,6
5345,5
5346,3
5347,13
5348,13
5349,19
5350,17
5351,14
5352,13
5353,14
5354,15
5355,17
5356,15
5357,3
5358,8
5359,3
5360,17
5361,10
5362,6
5363,12
5364,10
5365,10
5366,15
5367,15
5368,13
5369,11
5370,15
5371,20
5372,17
5373,15
5374,4
5375,15
5376,12
5377,11
5378,15
5379,16
5380,12
5381,14
5382,15
5383,7
5384,3
5385,15
5386,2
5387,15
5388,20
5389,8
5390,20
5391,19
5392,6
5393,20
5394,21
5395,6
5396,14
5397,11
5398,11
5399,14
5400,12
5401,13
5402,13
5403,21
5404,15
5405,20
5406,7
5407,2
5408,2
5409,3
5410,20
5411,4
5412,3
5413,19
5414,11
5415,14
5416,13
5417,7
5418,14
5419,16
5420,2
5421,17
5422,6
5423,16
5424,20
5425,4
5426,16
5427,12
5428,12
5429,11
5430,11
5431,15
5432,16
5433,21
5434,8
5435,15
5436,4
5437,14
5438,18
5439,16
5440,13
5441,1
5442,3
5443,10
5444,12
5445,3
5446,20
5447,3
5448,2
5449,16
5450,10
5451,3
5452,16
5453,2
5454,15
5455,1
5456,20
5457,15
5458,19
5459,13
5460,6
5461,8
5462,8
5463,12
5464,16
5465,20
5466,10
5467,16
5468,15
5469,8
5470,13
5471,15
5472,7
5473,2
5474,8
5475,9
5476,19
5477,16
5478,15
5479,20
5480,7
5481,6
5482,3
5483,16
5484,11
5485,11
5486,16
5487,12
5488,7
5489,16
5490,17
5491,13
5492,5
5493,13
5494,16
5495,8
5496,16
5497,14
5498,11
5499,12
5500,15
5501,2
5502,16
5503,3
5504,14
5505,15
5506,8
5507,10
5508,3
5509,11
5510,13
5511,5
5512,6
5513,9
5514,6
5515,11
5516,13
5517,13
5518,4
5519,20
5520,2
5521,6
5522,11
5523,1
5524,6
5525,16
5526,3
5527,20
5528,11
5529,12
5530,13
5531,5
5532,11
5533,15
5534,11
5535,20
5536,14
5537,15
5538,14
5539,9
5540,14
5541,16
5542,2
5543,16
5544,2
5545,16
5546,3
5547,1
5548,12
5549,1
5550,20
5551,16
5552,2
5553,11
5554,3
5555,17
5556,5
5557,18
5558,13
5559,1
5560,3
5561,14
5562,20
5563,15
5564,14
5565,10
5566,12
5567,12
5568,5
5569,13
5570,8
5571,1
5572,13
5573,2
5574,2
5575,17
5576,14
5577,6
5578,2
5579,9
5580,13
5581,20
5582,18
5583,15
5584,20
5585,16
5586,6
5587,6
5588,5
5589,2
5590,4
5591,8
5592,16
5593,15
5594,1
5595,5
5596,16
5597,8
5598,15
5599,20
5600,11
5601,6
5602,9
5603,13
5604,13
5605,3
5606,10
5607,21
5608,4
5609,11
5610,10
5611,2
5612,19
5613,9
5614,4
5615,8
5616,15
5617,13
5618,5
5619,8
5620,14
5621,14
5622,4
5623,21
5624,18
5625,2
5626,14
5627,6
5628,12
5629,2
5630,15
5631,8
5632,18
5633,16
5634,17
5635,3
5636,12
5637,5
5638,11
5639,15
5640,15
5641,13
5642,6
5643,3
5644,2
5645,11
5646,5
5647,15
5648,16
5649,10
5650,10
5651,11
5652,11
5653,8
5654,14
5655,15
5656,16
5657,5
5658,16
5659,20
5660,16
5661,3
5662,15
5663,6
5664,11
5665,4
5666,3
5667,17
5668,1
5669,15
5670,6
5671,15
5672,13
5673,11
5674,12
5675,3
5676,8
5677,16
5678,6
5679,12
5680,21
5681,21
5682,1
5683,6
5684,14
5685,11
5686,14
5687,5
5688,11
5689,13
5690,9
5691,9
5692,4
5693,12
5694,16
5695,3
5696,11
5697,11
5698,15
5699,3
5700,15
5701,4
5702,8
5703,8
5704,10
5705,15
5706,3
5707,10
5708,5
5709,11
5710,5
5711,16
5712,6
5713,8
5714,15
5715,9
5716,14
5717,4
5718,16
5719,11
5720,16
5721,10
5722,8
5723,6
5724,16
5725,15
5726,15
5727,10
5728,14
5729,21
5730,15
5731,17
5732,21
5733,16
5734,20
5735,20
5736,16
5737,15
5738,6
5739,16
5740,6
5741,19
5742,11
5743,12
5744,4
5745,10
5746,12
5747,16
5748,5
5749,12
5750,16
5751,12
5752,15
5753,16
5754,14
5755,13
5756,7
5757,15
5758,14
5759,3
5760,19
5761,21
5762,9
5763,15
5764,12
5765,6
5766,3
5767,14
5768,13
5769,4
5770,15
5771,8
5772,10
5773,11
5774,15
5775,17
5776,5
5777,21
5778,3
5779,21
5780,21
5781,2
5782,7
5783,11
5784,14
5785,16
5786,11
5787,15
5788,8
5789,3
5790,17
5791,18
5792,5
5793,19
5794,11
5795,16
5796,15
5797,12
5798,3
5799,11
5800,3
5801,7
5802,19
5803,10
5804,13
5805,17
5806,15
5807,3
5808,15
5809,15
5810,20
5811,13
5812,15
5813,17
5814,13
5815,1
5816,11
5817,4
5818,15
5819,8
5820,20
5821,4
5822,2
5823,5
5824,16
5825,15
5826,21
5827,8
5828,2
5829,13
5830,11
5831,13
5832,19
5833,4
5834,6
5835,15
5836,14
5837,20
5838,4
5839,4
5840,15
5841,2
5842,8
5843,15
5844,13
5845,21
5846,12
5847,3
5848,18
5849,5
5850,11
5851,16
5852,13
5853,7
5854,7
5855,17
5856,4
5857,13
5858,3
5859,3
5860,16
5861,17
5862,3
5863,16
5864,18
5865,15
5866,17
5867,16
5868,16
5869,3
5870,11
5871,12
5872,4
5873,8
5874,6
5875,21
5876,2
5877,15
5878,21
5879,9
5880,8
5881,13
5882,15
5883,13
5884,11
5885,18
5886,14
5887,18
5888,21
5889,11
5890,2
5891,16
5892,6
5893,9
5894,11
5895,21
5896,15
5897,17
5898,20
5899,21
5900,11
5901,18
5902,20
5903,6
5904,2
5905,1
5906,21
5907,21
5908,13
5909,17
5910,11
5911,14
5912,4
5913,7
5914,13
5915,18
5916,10
5917,14
5918,11
5919,21
5920,18
5921,20
5922,13
5923,13
5924,12
5925,11
5926,12
5927,20
5928,16
5929,11
5930,21
5931,13
5932,14
5933,7
5934,17
5935,19
5936,12
5937,11
5938,2
5939,16
5940,19
5941,17
5942,16
5943,18
5944,11
5945,14
5946,3
5947,11
5948,19
5949,13
5950,16
5951,16
5952,11
5953,11
5954,20
5955,19
5956,8
5957,14
5958,3
5959,6
5960,2
5961,6
5962,16
5963,16
5964,14
5965,4
5966,15
5967,14
5968,15
5969,13
5970,12
5971,21
5972,21
5973,11
5974,3
5975,3
5976,3
5977,15
5978,4
5979,10
5980,2
5981,15
5982,11
5983,12
5984,14
5985,20
5986,12
5987,13
5988,15
5989,20
5990,4
5991,15
5992,15
5993,12
5994,13
5995,15
5996,14
5997,15
5998,4
5999,3
6000,10
6001,18
6002,15
6003,13
6004,11
6005,10
6006,6
6007,12
6008,15
6009,2
6010,11
6011,17
6012,10
6013,15
6014,2
6015,20
6016,8
6017,16
6018,11
6019,15
6020,16
6021,14
6022,11
6023,4
6024,2
6025,14
6026,1
6027,16
6028,11
6029,8
6030,15
6031,16
6032,14
6033,2
6034,21
6035,13
6036,6
6037,13
6038,15
6039,14
6040,20
6041,7
6042,14
6043,3
6044,21
6045,5
6046,10
6047,14
6048,9
6049,6
6050,14
6051,14
6052,14
6053,20
6054,8
6055,4
6056,21
6057,6
6058,14
6059,11
6060,8
6061,20
6062,5
6063,2
6064,15
6065,21
6066,12
6067,16
6068,19
6069,18
6070,15
6071,9
6072,5
6073,13
6074,15
6075,19
6076,2
6077,14
6078,2
6079,14
6080,17
6081,21
6082,16
6083,2
6084,11
6085,18
6086,2
6087,3
6088,11
6089,20
6090,14
6091,11
6092,3
6093,18
6094,2
6095,20
6096,15
6097,13
6098,10
6099,19
6100,16
6101,21
6102,1
6103,20
6104,17
6105,1
6106,7
6107,3
6108,10
6109,6
6110,6
6111,15
6112,19
6113,14
6114,9
6115,5
6116,11
6117,12
6118,15
6119,3
6120,15
6121,8
6122,3
6123,18
6124,2
6125,8
6126,12
6127,11
6128,18
6129,16
6130,14
6131,11
6132,18
6133,2
6134,15
6135,4
6136,21
6137,21
6138,20
6139,18
6140,19
6141,2
6142,1
6143,8
6144,5
6145,13
6146,7
6147,19
6148,1
6149,8
6150,13
6151,11
6152,19
6153,17
6154,7
6155,21
6156,14
6157,13
6158,3
6159,15
6160,3
6161,11
6162,14
6163,13
6164,21
6165,14
6166,3
6167,20
6168,17
6169,21
6170,11
6171,14
6172,5
6173,18
6174,2
6175,15
6176,17
6177,18
6178,12
6179,11
6180,16
6181,15
6182,15
6183,19
6184,14
6185,11
6186,1
6187,4
6188,5
6189,7
6190,15
6191,19
6192,18
6193,12
6194,12
6195,10
6196,11
6197,6
6198,4
6199,15
6200,11
6201,19
6202,15
6203,18
6204,7
6205,5
6206,3
6207,15
6208,11
6209,11
6210,20
6211,19
6212,21
6213,10
6214,15
6215,8
6216,15
6217,13
6218,6
6219,21
6220,20
6221,12
6222,12
6223,5
6224,7
6225,19
6226,19
6227,10
6228,14
6229,5
6230,4
6231,2
6232,5
6233,6
6234,17
6235,13
6236,16
6237,3
6238,21
6239,11
6240,14
6241,5
6242,19
6243,15
6244,3
6245,11
6246,21
6247,6
6248,20
6249,7
6250,16
6251,8
6252,12
6253,4
6254,14
6255,16
6256,16
6257,1
6258,15
6259,13
6260,21
6261,3
6262,3
6263,16
6264,4
6265,6
6266,11
6267,11
6268,8
6269,3
6270,2
6271,3
6272,14
6273,20
6274,20
6275,20
6276,8
6277,4
6278,16
6279,16
6280,15
6281,3
6282,16
6283,13
6284,19
6285,13
6286,13
6287,14
6288,10
6289,3
6290,20
6291,7
6292,15
6293,11
6294,20
6295,14
6296,12
6297,8
6298,16
6299,13
6300,15
6301,16
6302,15
6303,20
6304,3
6305,13
6306,15
6307,15
6308,4
6309,14
6310,7
6311,21
6312,20
6313,17
6314,21
6315,1
6316,16
6317,15
6318,6
6319,19
6320,3
6321,4
6322,4
6323,8
6324,15
6325,3
6326,6
6327,16
6328,16
6329,6
6330,14
6331,14
6332,15
6333,6
6334,15
6335,6
6336,20
6337,3
6338,17
6339,12
6340,3
6341,16
6342,5
6343,16
6344,5
6345,10
6346,21
6347,4
6348,3
6349,6
6350,3
6351,21
6352,13
6353,13
6354,3
6355,3
6356,1
6357,13
6358,16
6359,16
6360,13
6361,11
6362,6
6363,15
6364,6
6365,15
6366,2
6367,12
6368,15
6369,18
6370,11
6371,12
6372,14
6373,9
6374,11
6375,21
6376,7
6377,4
6378,16
6379,2
6380,11
6381,2
6382,8
6383,10
6384,19
6385,3
6386,7
6387,15
6388,20
6389,4
6390,15
6391,6
6392,20
6393,7
6394,4
6395,10
6396,19
6397,14
6398,20
6399,2
6400,3
6401,2
6402,17
6403,17
6404,15
6405,21
6406,21
6407,9
6408,4
6409,3
6410,10
6411,11
6412,2
6413,8
6414,8
6415,15
6416,2
6417,20
6418,2
6419,1
6420,13
6421,1
6422,16
6423,21
6424,21
6425,11
6426,3
6427,12
6428,10
6429,15
6430,21
6431,6
6432,15
6433,13
6434,13
6435,11
6436,6
6437,21
6438,3
6439,15
6440,20
6441,13
6442,21
6443,6
6444,16
6445,13
6446,3
6447,10
6448,20
6449,16
6450,14
6451,20
6452,1
6453,15
6454,15
6455,3
6456,17
6457,3
6458,1
6459,20
6460,15
6461,14
6462,15
6463,6
6464,13
6465,5
6466,21
6467,8
6468,18
6469,6
6470,13
6471,4
6472,6
6473,2
6474,15
6475,16
6476,12
6477,8
6478,2
6479,19
6480,6
6481,9
6482,1
6483,4
6484,11
6485,6
6486,7
6487,15
6488,3
6489,3
6490,3
6491,2
6492,8
6493,20
6494,2
6495,15
6496,8
6497,16
6498,3
6499,3
6500,13
6501,13
6502,18
6503,11
6504,8
6505,15
6506,19
6507,7
6508,16
6509,6
6510,18
6511,3
6512,11
6513,12
6514,13
6515,16
6516,16
6517,15
6518,1
6519,16
6520,10
6521,2
6522,3
6523,21
6524,14
6525,21
6526,2
6527,17
6528,20
6529,16
6530,4
6531,2
6532,10
6533,19
6534,13
6535,8
6536,19
6537,1
6538,16
6539,21
6540,10
6541,16
6542,2
6543,6
6544,16
6545,6
6546,12
6547,16
6548,11
6549,6
6550,12
6551,13
6552,6
6553,7
6554,13
6555,6
6556,21
6557,6
6558,21
6559,2
6560,3
6561,2
6562,6
6563,20
6564,21
6565,10
6566,14
6567,19
6568,14
6569,4
6570,17
6571,13
6572,15
6573,12
6574,9
6575,20
6576,11
6577,10
6578,18
6579,6
6580,13
6581,13
6582,13
6583,16
6584,20
6585,15
6586,16
6587,16
6588,14
6589,15
6590,10
6591,15
6592,15
6593,11
6594,16
6595,3
6596,17
6597,2
6598,11
6599,20
6600,1
6601,2
6602,3
6603,3
6604,6
6605,14
6606,3
6607,15
6608,3
6609,17
6610,6
6611,20
6612,11
6613,2
6614,4
6615,8
6616,9
6617,20
6618,12
6619,15
6620,16
6621,16
6622,10
6623,16
6624,19
6625,10
6626,3
6627,16
6628,9
6629,4
6630,11
6631,12
6632,19
6633,12
6634,7
6635,10
6636,15
6637,13
6638,11
6639,10
6640,4
6641,15
6642,19
6643,16
6644,5
6645,2
6646,12
6647,20
6648,6
6649,1
6650,20
6651,3
6652,17
6653,20
6654,4
6655,6
6656,9
6657,5
6658,17
6659,7
6660,12
6661,16
6662,14
6663,9
6664,12
6665,8
6666,3
6667,20
6668,17
6669,6
6670,3
6671,15
6672,3
6673,14
6674,10
6675,16
6676,16
6677,6
6678,3
6679,3
6680,15
6681,15
6682,4
6683,12
6684,13
6685,15
6686,6
6687,10
6688,17
6689,15
6690,15
6691,14
6692,20
6693,19
6694,2
6695,14
6696,11
6697,15
6698,8
6699,21
6700,13
6701,13
6702,6
6703,16
6704,21
6705,14
6706,20
6707,21
6708,13
6709,13
6710,14
6711,11
6712,8
6713,3
6714,13
6715,14
6716,18
6717,9
6718,8
6719,13
6720,15
6721,15
6722,14
6723,3
6724,8
6725,4
6726,13
6727,19
6728,15
6729,16
6730,12
6731,16
6732,15
6733,6
6734,16
6735,21
6736,14
6737,17
6738,7
6739,7
6740,11
6741,11
6742,15
6743,16
6744,11
6745,15
6746,15
6747,15
6748,21
6749,4
6750,15
6751,9
6752,3
6753,13
6754,6
6755,1
6756,14
6757,3
6758,14
6759,11
6760,3
6761,19
6762,21
6763,7
6764,13
6765,21
6766,9
6767,21
6768,19
6769,5
6770,13
6771,3
6772,13
6773,15
6774,6
6775,21
6776,16
6777,7
6778,2
6779,11
6780,17
6781,20
6782,11
6783,4
6784,12
6785,8
6786,10
6787,12
6788,2
6789,12
6790,20
6791,6
6792,15
6793,13
6794,13
6795,19
6796,17
6797,12
6798,10
6799,19
6800,5
6801,3
6802,21
6803,13
6804,16
6805,18
6806,2
6807,4
6808,10
6809,3
6810,8
6811,5
6812,6
6813,1
6814,11
6815,21
6816,14
6817,7
6818,10
6819,6
6820,5
6821,12
6822,1
6823,7
6824,2
6825,2
6826,10
6827,11
6828,2
6829,7
6830,6
6831,2
6832,16
6833,16
6834,2
6835,16
6836,15
6837,10
6838,16
6839,11
6840,17
6841,6
6842,17
6843,5
6844,14
6845,19
6846,14
6847,13
6848,15
6849,15
6850,6
6851,11
6852,10
6853,11
6854,16
6855,13
6856,13
6857,16
6858,15
6859,18
6860,18
6861,10
6862,16
6863,15
6864,6
6865,7
6866,5
6867,1
6868,13
6869,12
6870,13
6871,20
6872,20
6873,13
6874,6
6875,2
6876,13
6877,5
6878,15
6879,17
6880,21
6881,18
6882,21
6883,8
6884,16
6885,4
6886,16
6887,13
6888,2
6889,10
6890,15
6891,15
6892,13
6893,20
6894,8
6895,2
6896,13
6897,10
6898,13
6899,16
6900,6
6901,12
6902,10
6903,11
6904,6
6905,11
6906,1
6907,11
6908,6
6909,18
6910,4
6911,11
6912,11
6913,11
6914,17
6915,3
6916,10
6917,15
6918,11
6919,11
6920,14
6921,13
6922,20
6923,18
6924,19
6925,18
6926,3
6927,16
6928,5
6929,21
6930,20
6931,2
6932,15
6933,19
6934,16
6935,1
6936,21
6937,16
6938,6
6939,13
6940,12
6941,18
6942,11
6943,13
6944,8
6945,14
6946,6
6947,19
6948,13
6949,2
6950,2
6951,12
6952,16
6953,14
6954,15
6955,13
6956,15
6957,2
6958,21
6959,16
6960,14
6961,3
6962,15
6963,4
6964,2
6965,21
6966,14
6967,3
6968,11
6969,2
6970,13
6971,1
6972,14
6973,12
6974,10
6975,11
6976,2
6977,14
6978,6
6979,9
6980,5
6981,7
6982,10
6983,8
6984,13
6985,16
6986,16
6987,15
6988,16
6989,6
6990,13
6991,13
6992,11
6993,12
6994,6
6995,16
6996,15
6997,10
6998,2
6999,12
7000,15
