1,9
2,1
3,12
4,13
5,13
6,2
7,3
8,14
9,12
10,12
11,8
12,1
13,7
14,12
15,12
16,14
17,12
18,3
19,13
20,13
21,13
22,4
23,1
24,14
25,4
26,14
27,12
28,7
29,6
30,7
31,4
32,2
33,9
34,8
35,9
36,4
37,13
38,4
39,13
40,14
41,6
42,12
43,4
44,4
45,13
46,4
47,3
48,9
49,7
50,4
51,7
52,14
53,4
54,14
55,2
56,1
57,13
58,14
59,9
60,7
61,14
62,12
63,12
64,14
65,14
66,1
67,1
68,3
69,14
70,3
71,1
72,9
73,9
74,12
75,13
76,13
77,11
78,11
79,13
80,12
81,7
82,9
83,13
84,4
85,12
86,12
87,14
88,12
89,6
90,3
91,2
92,7
93,4
94,6
95,12
96,8
97,11
98,7
99,7
100,5
101,9
102,14
103,10
104,13
105,10
106,9
107,12
108,10
109,10
110,11
111,6
112,6
113,4
114,11
115,12
116,7
117,11
118,4
119,4
120,5
121,6
122,13
123,9
124,7
125,13
126,7
127,12
128,7
129,13
130,1
131,1
132,10
133,13
134,11
135,5
136,1
137,12
138,1
139,4
140,4
141,3
142,6
143,7
144,12
145,14
146,11
147,11
148,13
149,9
150,4
151,14
152,9
153,1
154,14
155,13
156,11
157,9
158,13
159,11
160,12
161,9
162,9
163,4
164,4
165,10
166,12
167,4
168,14
169,1
170,4
171,14
172,6
173,1
174,2
175,12
176,14
177,12
178,13
179,1
180,1
181,1
182,9
183,14
184,10
185,1
186,14
187,4
188,3
189,7
190,12
191,7
192,13
193,9
194,6
195,6
196,1
197,14
198,9
199,4
200,10
201,5
202,1
203,7
204,1
205,1
206,13
207,14
208,13
209,14
210,7
211,9
212,4
213,7
214,9
215,4
216,5
217,13
218,11
219,4
220,4
221,14
222,9
223,14
224,13
225,14
226,13
227,7
228,11
229,9
230,1
231,14
232,9
233,1
234,12
235,2
236,6
237,1
238,1
239,14
240,1
241,14
242,12
243,9
244,1
245,8
246,4
247,9
248,12
249,5
250,4
251,4
252,3
253,13
254,7
255,7
256,3
257,9
258,9
259,3
260,6
261,9
262,10
263,6
264,7
265,11
266,5
267,13
268,9
269,14
270,14
271,1
272,11
273,11
274,14
275,4
276,14
277,2
278,13
279,14
280,11
281,1
282,11
283,1
284,14
285,14
286,14
287,13
288,3
289,1
290,1
291,13
292,12
293,14
294,13
295,1
296,12
297,1
298,12
299,7
300,5
301,1
302,7
303,11
304,3
305,4
306,13
307,9
308,9
309,13
310,7
311,9
312,11
313,7
314,9
315,13
316,7
317,13
318,1
319,1
320,11
321,11
322,13
323,5
324,4
325,7
326,4
327,13
328,9
329,13
330,3
331,9
332,13
333,9
334,14
335,9
336,6
337,12
338,4
339,9
340,4
341,13
342,12
343,9
344,4
345,4
346,14
347,4
348,14
349,5
350,12
351,1
352,14
353,9
354,5
355,14
356,13
357,13
358,11
359,12
360,14
361,2
362,8
363,11
364,1
365,13
366,12
367,14
368,7
369,14
370,7
371,14
372,9
373,11
374,9
375,2
376,5
377,9
378,11
379,11
380,14
381,13
382,12
383,1
384,3
385,9
386,13
387,8
388,4
389,14
390,1
391,9
392,11
393,1
394,9
395,7
396,13
397,1
398,9
399,13
400,12
401,1
402,3
403,12
404,7
405,2
406,13
407,14
408,5
409,14
410,13
411,4
412,11
413,13
414,1
415,14
416,12
417,13
418,13
419,9
420,6
421,10
422,13
423,4
424,1
425,14
426,5
427,2
428,13
429,13
430,3
431,4
432,9
433,9
434,4
435,2
436,1
437,7
438,2
439,1
440,13
441,13
442,14
443,4
444,14
445,1
446,1
447,1
448,14
449,14
450,9
451,14
452,14
453,6
454,14
455,13
456,9
457,13
458,7
459,13
460,5
461,7
462,4
463,7
464,9
465,1
466,2
467,11
468,12
469,14
470,14
471,4
472,7
473,4
474,12
475,7
476,13
477,9
478,12
479,4
480,7
481,7
482,12
483,7
484,6
485,11
486,7
487,4
488,1
489,12
490,5
491,14
492,1
493,12
494,4
495,7
496,10
497,11
498,6
499,14
500,13
501,10
502,13
503,14
504,11
505,13
506,4
507,14
508,11
509,11
510,4
511,8
512,13
513,13
514,7
515,14
516,4
517,7
518,1
519,10
520,1
521,4
522,14
523,7
524,13
525,2
526,11
527,13
528,6
529,7
530,12
531,12
532,13
533,13
534,11
535,12
536,4
537,13
538,11
539,13
540,13
541,13
542,9
543,13
544,12
545,9
546,11
547,12
548,6
549,12
550,4
551,4
552,7
553,8
554,5
555,6
556,5
557,10
558,14
559,14
560,14
561,3
562,6
563,6
564,9
565,4
566,9
567,4
568,3
569,4
570,11
571,13
572,1
573,9
574,9
575,4
576,6
577,1
578,1
579,3
580,4
581,10
582,6
583,2
584,1
585,4
586,14
587,14
588,10
589,7
590,6
591,4
592,13
593,5
594,11
595,12
596,7
597,12
598,13
599,14
600,13
601,9
602,12
603,13
604,9
605,2
606,14
607,2
608,9
609,7
610,9
611,13
612,1
613,9
614,4
615,14
616,3
617,11
618,11
619,7
620,9
621,14
622,7
623,12
624,14
625,2
626,2
627,7
628,4
629,13
630,2
631,12
632,1
633,13
634,12
635,9
636,8
637,5
638,12
639,2
640,7
641,11
642,6
643,7
644,10
645,1
646,13
647,13
648,10
649,13
650,6
651,11
652,13
653,12
654,12
655,1
656,12
657,9
658,9
659,11
660,4
661,12
662,5
663,11
664,8
665,4
666,13
667,10
668,11
669,2
670,3
671,10
672,11
673,13
674,12
675,4
676,13
677,11
678,1
679,4
680,9
681,4
682,11
683,9
684,9
685,6
686,6
687,13
688,6
689,1
690,12
691,2
692,11
693,7
694,2
695,1
696,12
697,7
698,9
699,9
700,3
701,1
702,11
703,8
704,4
705,12
706,4
707,3
708,14
709,13
710,14
711,4
712,12
713,2
714,13
715,14
716,1
717,14
718,11
719,4
720,11
721,13
722,1
723,7
724,4
725,1
726,1
727,12
728,14
729,13
730,7
731,4
732,6
733,14
734,11
735,13
736,9
737,2
738,12
739,13
740,11
741,14
742,7
743,6
744,1
745,6
746,1
747,14
748,12
749,13
750,14
751,12
752,7
753,11
754,14
755,4
756,6
757,5
758,9
759,9
760,13
761,13
762,4
763,4
764,6
765,12
766,11
767,14
768,7
769,12
770,1
771,1
772,5
773,12
774,1
775,13
776,9
777,9
778,12
779,7
780,14
781,6
782,5
783,12
784,13
785,9
786,4
787,1
788,9
789,4
790,12
791,13
792,13
793,4
794,12
795,10
796,7
797,7
798,9
799,12
800,4
801,12
802,7
803,1
804,1
805,11
806,7
807,9
808,13
809,6
810,5
811,13
812,5
813,2
814,12
815,13
816,4
817,6
818,4
819,13
820,5
821,7
822,1
823,7
824,1
825,12
826,3
827,6
828,7
829,14
830,14
831,11
832,12
833,12
834,13
835,13
836,5
837,11
838,7
839,12
840,9
841,13
842,1
843,4
844,14
845,12
846,7
847,1
848,14
849,13
850,4
851,6
852,13
853,11
854,4
855,13
856,13
857,11
858,10
859,5
860,1
861,9
862,10
863,3
864,6
865,12
866,10
867,4
868,10
869,13
870,4
871,10
872,1
873,4
874,9
875,1
876,8
877,4
878,14
879,11
880,13
881,2
882,5
883,12
884,3
885,14
886,4
887,1
888,1
889,11
890,4
891,9
892,6
893,5
894,12
895,1
896,1
897,13
898,4
899,4
900,1
901,14
902,1
903,13
904,12
905,1
906,12
907,11
908,13
909,14
910,11
911,13
912,12
913,12
914,1
915,1
916,14
917,11
918,9
919,1
920,14
921,7
922,14
923,9
924,14
925,9
926,4
927,11
928,13
929,1
930,1
931,11
932,11
933,5
934,12
935,14
936,5
937,12
938,9
939,12
940,9
941,4
942,13
943,4
944,11
945,14
946,4
947,12
948,6
949,9
950,6
951,6
952,7
953,12
954,6
955,12
956,11
957,6
958,9
959,1
960,1
961,13
962,13
963,5
964,13
965,1
966,12
967,9
968,14
969,12
970,14
971,14
972,12
973,9
974,12
975,9
976,1
977,7
978,13
979,10
980,13
981,13
982,14
983,13
984,9
985,11
986,10
987,4
988,1
989,1
990,1
991,11
992,8
993,1
994,12
995,13
996,6
997,14
998,9
999,10
1000,11
1001,13
1002,6
1003,11
1004,3
1005,10
1006,9
1007,13
1008,7
1009,14
1010,14
1011,1
1012,14
1013,13
1014,13
1015,9
1016,3
1017,2
1018,1
1019,14
1020,13
1021,12
1022,11
1023,12
1024,4
1025,11
1026,6
1027,9
1028,9
1029,14
1030,6
1031,11
1032,12
1033,11
1034,14
1035,8
1036,9
1037,1
1038,4
1039,5
1040,13
1041,7
1042,1
1043,14
1044,1
1045,11
1046,4
1047,11
1048,12
1049,4
1050,4
1051,13
1052,7
1053,12
1054,4
1055,14
1056,9
1057,11
1058,12
1059,6
1060,14
1061,9
1062,13
1063,13
1064,14
1065,11
1066,6
1067,11
1068,5
1069,4
1070,12
1071,1
1072,1
1073,12
1074,4
1075,2
1076,9
1077,13
1078,10
1079,9
1080,12
1081,8
1082,7
1083,2
1084,2
1085,9
1086,7
1087,12
1088,4
1089,12
1090,11
1091,9
1092,11
1093,11
1094,1
1095,11
1096,13
1097,9
1098,13
1099,4
1100,11
1101,4
1102,14
1103,13
1104,13
1105,6
1106,4
1107,11
1108,11
1109,4
1110,12
1111,9
1112,12
1113,4
1114,9
1115,11
1116,9
1117,12
1118,14
1119,14
1120,9
1121,12
1122,13
1123,9
1124,4
1125,9
1126,12
1127,6
1128,4
1129,7
1130,11
1131,9
1132,10
1133,13
1134,11
1135,6
1136,1
1137,9
1138,5
1139,14
1140,4
1141,6
1142,1
1143,14
1144,14
1145,11
1146,4
1147,2
1148,12
1149,13
1150,10
1151,14
1152,5
1153,14
1154,14
1155,10
1156,7
1157,12
1158,11
1159,11
1160,6
1161,12
1162,1
1163,6
1164,6
1165,6
1166,12
1167,6
1168,13
1169,11
1170,13
1171,11
1172,1
1173,1
1174,13
1175,8
1176,7
1177,5
1178,8
1179,12
1180,7
1181,6
1182,1
1183,6
1184,5
1185,9
1186,4
1187,14
1188,7
1189,11
1190,14
1191,12
1192,11
1193,9
1194,13
1195,5
1196,4
1197,12
1198,7
1199,7
1200,7
1201,8
1202,6
1203,3
1204,13
1205,12
1206,13
1207,1
1208,8
1209,14
1210,1
1211,13
1212,11
1213,1
1214,11
1215,12
1216,11
1217,7
1218,1
1219,11
1220,7
1221,14
1222,9
1223,13
1224,11
1225,5
1226,3
1227,9
1228,7
1229,11
1230,14
1231,9
1232,12
1233,7
1234,7
1235,1
1236,8
1237,13
1238,12
1239,1
1240,13
1241,9
1242,13
1243,4
1244,7
1245,1
1246,14
1247,14
1248,4
1249,7
1250,2
1251,12
1252,1
1253,10
1254,4
1255,9
1256,5
1257,6
1258,12
1259,1
1260,14
1261,11
1262,4
1263,5
1264,12
1265,13
1266,13
1267,13
1268,13
1269,13
1270,13
1271,9
1272,1
1273,1
1274,4
1275,12
1276,4
1277,9
1278,14
1279,6
1280,4
1281,12
1282,2
1283,14
1284,5
1285,7
1286,4
1287,8
1288,7
1289,12
1290,6
1291,12
1292,12
1293,4
1294,13
1295,14
1296,11
1297,10
1298,8
1299,9
1300,6
1301,9
1302,9
1303,1
1304,4
1305,13
1306,7
1307,7
1308,7
1309,2
1310,9
1311,13
1312,2
1313,9
1314,6
1315,14
1316,10
1317,11
1318,13
1319,12
1320,14
1321,1
1322,12
1323,4
1324,10
1325,4
1326,13
1327,5
1328,3
1329,1
1330,9
1331,12
1332,13
1333,7
1334,12
1335,5
1336,11
1337,4
1338,14
1339,11
1340,11
1341,6
1342,13
1343,1
1344,2
1345,10
1346,11
1347,3
1348,4
1349,5
1350,13
1351,14
1352,6
1353,6
1354,14
1355,9
1356,10
1357,14
1358,4
1359,14
1360,13
1361,11
1362,3
1363,11
1364,12
1365,8
1366,4
1367,13
1368,2
1369,6
1370,2
1371,12
1372,9
1373,14
1374,8
1375,14
1376,1
1377,14
1378,9
1379,6
1380,6
1381,11
1382,7
1383,8
1384,6
1385,5
1386,4
1387,12
1388,7
1389,4
1390,13
1391,1
1392,11
1393,11
1394,1
1395,13
1396,2
1397,4
1398,13
1399,1
1400,1
1401,13
1402,4
1403,7
1404,1
1405,9
1406,14
1407,12
1408,14
1409,12
1410,1
1411,4
1412,11
1413,14
1414,13
1415,12
1416,9
1417,12
1418,1
1419,4
1420,7
1421,12
1422,12
1423,12
1424,2
1425,13
1426,4
1427,9
1428,9
1429,4
1430,4
1431,12
1432,12
1433,9
1434,1
1435,14
1436,7
1437,14
1438,14
1439,13
1440,10
1441,11
1442,9
1443,14
1444,1
1445,9
1446,9
1447,1
1448,7
1449,4
1450,3
1451,9
1452,8
1453,12
1454,3
1455,10
1456,1
1457,12
1458,7
1459,1
1460,14
1461,5
1462,6
1463,12
1464,9
1465,14
1466,4
1467,6
1468,8
1469,5
1470,14
1471,3
1472,9
1473,14
1474,1
1475,9
1476,3
1477,9
1478,11
1479,11
1480,1
1481,9
1482,13
1483,13
1484,4
1485,11
1486,8
1487,7
1488,4
1489,13
1490,3
1491,9
1492,10
1493,4
1494,11
1495,1
1496,13
1497,9
1498,13
1499,1
1500,10
1501,12
1502,14
1503,1
1504,7
1505,4
1506,5
1507,12
1508,13
1509,1
1510,13
1511,11
1512,14
1513,11
1514,12
1515,6
1516,11
1517,7
1518,13
1519,4
1520,14
1521,6
1522,14
1523,11
1524,11
1525,4
1526,12
1527,12
1528,1
1529,3
1530,12
1531,7
1532,13
1533,9
1534,13
1535,12
1536,11
1537,11
1538,11
1539,13
1540,9
1541,4
1542,12
1543,12
1544,9
1545,1
1546,7
1547,4
1548,9
1549,9
1550,1
1551,1
1552,4
1553,14
1554,7
1555,9
1556,13
1557,7
1558,8
1559,14
1560,1
1561,4
1562,8
1563,4
1564,7
1565,2
1566,11
1567,12
1568,13
1569,1
1570,12
1571,11
1572,7
1573,9
1574,14
1575,13
1576,8
1577,9
1578,12
1579,11
1580,12
1581,12
1582,14
1583,10
1584,11
1585,13
1586,14
1587,1
1588,14
1589,14
1590,14
1591,14
1592,9
1593,13
1594,5
1595,9
1596,12
1597,13
1598,14
1599,14
1600,14
1601,7
1602,9
1603,12
1604,14
1605,9
1606,4
1607,11
1608,12
1609,1
1610,2
1611,9
1612,11
1613,12
1614,6
1615,1
1616,4
1617,7
1618,12
1619,14
1620,13
1621,1
1622,12
1623,11
1624,9
1625,10
1626,2
1627,13
1628,7
1629,11
1630,13
1631,13
1632,9
1633,4
1634,9
1635,9
1636,4
1637,12
1638,7
1639,9
1640,11
1641,3
1642,3
1643,12
1644,4
1645,7
1646,9
1647,1
1648,4
1649,1
1650,7
1651,4
1652,9
1653,6
1654,1
1655,1
1656,4
1657,13
1658,11
1659,4
1660,8
1661,9
1662,13
1663,9
1664,14
1665,7
1666,12
1667,6
1668,13
1669,5
1670,14
1671,7
1672,4
1673,9
1674,9
1675,13
1676,9
1677,1
1678,4
1679,5
1680,13
1681,12
1682,2
1683,12
1684,3
1685,9
1686,12
1687,10
1688,4
1689,3
1690,7
1691,14
1692,4
1693,9
1694,12
1695,13
1696,9
1697,8
1698,6
1699,7
1700,9
1701,4
1702,4
1703,1
1704,4
1705,6
1706,13
1707,9
1708,13
1709,12
1710,11
1711,13
1712,14
1713,4
1714,9
1715,13
1716,6
1717,7
1718,12
1719,4
1720,1
1721,9
1722,9
1723,13
1724,12
1725,4
1726,13
1727,12
1728,12
1729,3
1730,7
1731,10
1732,13
1733,13
1734,1
1735,12
1736,1
1737,4
1738,8
1739,12
1740,11
1741,14
1742,14
1743,11
1744,9
1745,9
1746,14
1747,12
1748,14
1749,4
1750,9
1751,4
1752,12
1753,3
1754,14
1755,14
1756,6
1757,14
1758,9
1759,6
1760,1
1761,9
1762,2
1763,4
1764,9
1765,10
1766,6
1767,3
1768,9
1769,14
1770,3
1771,9
1772,13
1773,10
1774,3
1775,14
1776,10
1777,14
1778,7
1779,7
1780,6
1781,6
1782,13
1783,7
1784,9
1785,13
1786,8
1787,12
1788,11
1789,7
1790,14
1791,1
1792,14
1793,4
1794,14
1795,4
1796,7
1797,12
1798,7
1799,9
1800,14
1801,1
1802,4
1803,6
1804,4
1805,9
1806,14
1807,11
1808,14
1809,12
1810,9
1811,14
1812,13
1813,14
1814,11
1815,12
1816,11
1817,1
1818,12
1819,13
1820,13
1821,14
1822,14
1823,14
1824,8
1825,13
1826,1
1827,12
1828,4
1829,10
1830,14
1831,8
1832,5
1833,4
1834,12
1835,4
1836,4
1837,1
1838,2
1839,3
1840,7
1841,5
1842,13
1843,9
1844,1
1845,1
1846,13
1847,13
1848,6
1849,13
1850,1
1851,14
1852,12
1853,4
1854,4
1855,8
1856,4
1857,12
1858,4
1859,13
1860,14
1861,14
1862,2
1863,6
1864,6
1865,11
1866,12
1867,1
1868,13
1869,13
1870,4
1871,11
1872,13
1873,5
1874,11
1875,6
1876,12
1877,9
1878,6
1879,5
1880,9
1881,14
1882,10
1883,12
1884,12
1885,9
1886,9
1887,4
1888,3
1889,14
1890,13
1891,12
1892,14
1893,12
1894,14
1895,5
1896,11
1897,1
1898,14
1899,9
1900,14
1901,14
1902,4
1903,11
1904,9
1905,3
1906,1
1907,14
1908,13
1909,7
1910,13
1911,4
1912,4
1913,6
1914,13
1915,4
1916,12
1917,14
1918,9
1919,14
1920,9
1921,12
1922,4
1923,4
1924,9
1925,13
1926,14
1927,7
1928,14
1929,14
1930,11
1931,11
1932,8
1933,4
1934,12
1935,3
1936,12
1937,12
1938,4
1939,6
1940,7
1941,1
1942,11
1943,14
1944,6
1945,14
1946,4
1947,14
1948,7
1949,13
1950,4
1951,12
1952,13
1953,12
1954,1
1955,2
1956,1
1957,7
1958,9
1959,6
1960,1
1961,10
1962,12
1963,7
1964,5
1965,2
1966,14
1967,11
1968,12
1969,14
1970,5
1971,14
1972,12
1973,1
1974,9
1975,11
1976,1
1977,1
1978,14
1979,12
1980,13
1981,9
1982,12
1983,6
1984,11
1985,12
1986,9
1987,13
1988,7
1989,14
1990,7
1991,2
1992,7
1993,11
1994,11
1995,1
1996,14
1997,11
1998,8
1999,3
2000,12
2001,4
2002,14
2003,14
2004,12
2005,11
2006,14
2007,4
2008,9
2009,1
2010,12
2011,9
2012,10
2013,5
2014,14
2015,7
2016,14
2017,10
2018,10
2019,13
2020,12
2021,12
2022,12
2023,5
2024,12
2025,13
2026,10
2027,14
2028,13
2029,1
2030,6
2031,13
2032,1
2033,10
2034,12
2035,5
2036,1
2037,5
2038,6
2039,9
2040,9
2041,13
2042,7
2043,12
2044,13
2045,13
2046,1
2047,4
2048,12
2049,13
2050,1
2051,2
2052,11
2053,6
2054,1
2055,11
2056,7
2057,3
2058,7
2059,8
2060,9
2061,4
2062,6
2063,11
2064,1
2065,4
2066,7
2067,13
2068,12
2069,11
2070,14
2071,1
2072,14
2073,4
2074,9
2075,6
2076,5
2077,1
2078,1
2079,4
2080,3
2081,6
2082,4
2083,5
2084,12
2085,1
2086,10
2087,13
2088,5
2089,12
2090,4
2091,12
2092,7
2093,12
2094,4
2095,4
2096,4
2097,11
2098,12
2099,5
2100,7
2101,12
2102,4
2103,1
2104,14
2105,14
2106,10
2107,12
2108,10
2109,1
2110,12
2111,9
2112,13
2113,1
2114,12
2115,1
2116,4
2117,9
2118,1
2119,11
2120,6
2121,1
2122,3
2123,12
2124,13
2125,11
2126,4
2127,10
2128,12
2129,12
2130,12
2131,9
2132,4
2133,13
2134,14
2135,11
2136,14
2137,13
2138,7
2139,14
2140,1
2141,1
2142,4
2143,14
2144,10
2145,11
2146,9
2147,7
2148,8
2149,2
2150,3
2151,11
2152,5
2153,7
2154,7
2155,13
2156,4
2157,5
2158,9
2159,12
2160,10
2161,12
2162,1
2163,13
2164,12
2165,9
2166,9
2167,7
2168,4
2169,6
2170,1
2171,14
2172,13
2173,12
2174,12
2175,6
2176,7
2177,11
2178,1
2179,4
2180,13
2181,9
2182,11
2183,13
2184,1
2185,11
2186,13
2187,12
2188,14
2189,11
2190,12
2191,2
2192,14
2193,11
2194,14
2195,1
2196,1
2197,9
2198,1
2199,12
2200,5
2201,7
2202,8
2203,7
2204,14
2205,12
2206,8
2207,14
2208,9
2209,9
2210,4
2211,8
2212,7
2213,7
2214,9
2215,6
2216,9
2217,14
2218,9
2219,14
2220,1
2221,12
2222,9
2223,9
2224,7
2225,12
2226,1
2227,11
2228,4
2229,14
2230,4
2231,11
2232,12
2233,5
2234,14
2235,14
2236,8
2237,1
2238,12
2239,12
2240,12
2241,12
2242,8
2243,5
2244,1
2245,7
2246,7
2247,1
2248,14
2249,13
2250,14
2251,13
2252,4
2253,9
2254,1
2255,4
2256,10
2257,12
2258,11
2259,1
2260,4
2261,12
2262,5
2263,1
2264,1
2265,6
2266,4
2267,7
2268,12
2269,3
2270,4
2271,1
2272,6
2273,12
2274,13
2275,3
2276,14
2277,4
2278,12
2279,2
2280,8
2281,14
2282,9
2283,11
2284,13
2285,1
2286,12
2287,11
2288,12
2289,7
2290,11
2291,13
2292,13
2293,11
2294,10
2295,11
2296,4
2297,12
2298,14
2299,6
2300,14
2301,9
2302,9
2303,4
2304,7
2305,12
2306,12
2307,12
2308,11
2309,4
2310,14
2311,4
2312,7
2313,11
2314,13
2315,4
2316,4
2317,1
2318,14
2319,4
2320,1
2321,1
2322,14
2323,1
2324,13
2325,1
2326,1
2327,12
2328,5
2329,9
2330,4
2331,12
2332,11
2333,1
2334,6
2335,11
2336,14
2337,12
2338,14
2339,12
2340,13
2341,9
2342,13
2343,6
2344,9
2345,12
2346,1
2347,3
2348,4
2349,4
2350,3
2351,12
2352,8
2353,6
2354,14
2355,7
2356,7
2357,6
2358,13
2359,9
2360,10
2361,11
2362,1
2363,1
2364,9
2365,9
2366,4
2367,12
2368,7
2369,11
2370,12
2371,1
2372,13
2373,2
2374,12
2375,7
2376,11
2377,6
2378,9
2379,13
2380,11
2381,9
2382,6
2383,13
2384,8
2385,10
2386,12
2387,13
2388,14
2389,1
2390,9
2391,14
2392,13
2393,4
2394,9
2395,13
2396,5
2397,3
2398,13
2399,4
2400,12
2401,3
2402,7
2403,4
2404,10
2405,7
2406,9
2407,13
2408,7
2409,8
2410,4
2411,7
2412,3
2413,5
2414,9
2415,5
2416,9
2417,14
2418,3
2419,7
2420,11
2421,12
2422,13
2423,12
2424,4
2425,6
2426,12
2427,12
2428,7
2429,1
2430,12
2431,4
2432,14
2433,14
2434,4
2435,4
2436,8
2437,1
2438,5
2439,13
2440,1
2441,11
2442,13
2443,6
2444,13
2445,9
2446,1
2447,5
2448,4
2449,12
2450,7
2451,4
2452,3
2453,12
2454,4
2455,12
2456,11
2457,4
2458,12
2459,14
2460,14
2461,7
2462,9
2463,1
2464,1
2465,7
2466,9
2467,4
2468,12
2469,14
2470,10
2471,4
2472,13
2473,12
2474,14
2475,4
2476,13
2477,12
2478,9
2479,6
2480,12
2481,6
2482,12
2483,13
2484,5
2485,10
2486,4
2487,13
2488,11
2489,14
2490,14
2491,5
2492,6
2493,4
2494,4
2495,4
2496,7
2497,13
2498,7
2499,1
2500,12
2501,4
2502,4
2503,13
2504,5
2505,14
2506,7
2507,7
2508,9
2509,1
2510,3
2511,8
2512,13
2513,6
2514,14
2515,13
2516,12
2517,11
2518,5
2519,3
2520,12
2521,4
2522,2
2523,14
2524,11
2525,1
2526,12
2527,5
2528,12
2529,9
2530,4
2531,13
2532,12
2533,14
2534,9
2535,1
2536,11
2537,13
2538,11
2539,12
2540,4
2541,1
2542,2
2543,6
2544,4
2545,4
2546,12
2547,10
2548,7
2549,13
2550,9
2551,1
2552,3
2553,7
2554,14
2555,14
2556,14
2557,11
2558,9
2559,4
2560,9
2561,12
2562,4
2563,1
2564,14
2565,4
2566,3
2567,4
2568,13
2569,14
2570,8
2571,7
2572,9
2573,1
2574,5
2575,6
2576,13
2577,5
2578,14
2579,3
2580,13
2581,12
2582,7
2583,14
2584,13
2585,9
2586,1
2587,9
2588,12
2589,11
2590,13
2591,13
2592,8
2593,6
2594,7
2595,11
2596,4
2597,1
2598,14
2599,11
2600,13
2601,8
2602,7
2603,13
2604,11
2605,4
2606,13
2607,14
2608,6
2609,12
2610,4
2611,13
2612,12
2613,4
2614,6
2615,4
2616,3
2617,8
2618,4
2619,11
2620,12
2621,12
2622,8
2623,13
2624,11
2625,1
2626,7
2627,1
2628,12
2629,14
2630,9
2631,9
2632,1
2633,11
2634,7
2635,14
2636,4
2637,13
2638,12
2639,7
2640,3
2641,12
2642,4
2643,12
2644,6
2645,11
2646,13
2647,7
2648,10
2649,5
2650,7
2651,9
2652,1
2653,8
2654,7
2655,14
2656,4
2657,9
2658,7
2659,11
2660,12
2661,9
2662,7
2663,1
2664,13
2665,7
2666,7
2667,13
2668,7
2669,9
2670,7
2671,1
2672,14
2673,4
2674,12
2675,4
2676,4
2677,4
2678,3
2679,4
2680,12
2681,7
2682,13
2683,9
2684,11
2685,7
2686,8
2687,13
2688,13
2689,1
2690,7
2691,14
2692,11
2693,6
2694,14
2695,9
2696,13
2697,5
2698,11
2699,1
2700,1
2701,1
2702,6
2703,6
2704,9
2705,13
2706,11
2707,1
2708,1
2709,4
2710,1
2711,7
2712,6
2713,7
2714,6
2715,1
2716,12
2717,12
2718,11
2719,1
2720,12
2721,14
2722,3
2723,4
2724,7
2725,11
2726,7
2727,7
2728,7
2729,13
2730,13
2731,8
2732,9
2733,13
2734,12
2735,6
2736,9
2737,9
2738,4
2739,12
2740,1
2741,4
2742,11
2743,10
2744,7
2745,5
2746,6
2747,7
2748,1
2749,4
2750,7
2751,7
2752,4
2753,11
2754,11
2755,3
2756,11
2757,7
2758,11
2759,14
2760,9
2761,13
2762,9
2763,6
2764,9
2765,3
2766,1
2767,4
2768,7
2769,14
2770,6
2771,2
2772,11
2773,12
2774,5
2775,3
2776,7
2777,9
2778,12
2779,12
2780,13
2781,4
2782,1
2783,1
2784,12
2785,14
2786,6
2787,11
2788,12
2789,13
2790,11
2791,12
2792,13
2793,6
2794,5
2795,14
2796,9
2797,10
2798,5
2799,1
2800,9
2801,14
2802,7
2803,14
2804,14
2805,7
2806,10
2807,13
2808,13
2809,14
2810,14
2811,14
2812,6
2813,1
2814,1
2815,4
2816,13
2817,14
2818,14
2819,4
2820,11
2821,1
2822,7
2823,13
2824,7
2825,14
2826,14
2827,3
2828,7
2829,8
2830,7
2831,13
2832,7
2833,5
2834,13
2835,12
2836,13
2837,7
2838,9
2839,9
2840,14
2841,14
2842,14
2843,13
2844,7
2845,1
2846,12
2847,4
2848,9
2849,4
2850,4
2851,13
2852,14
2853,8
2854,7
2855,12
2856,13
2857,8
2858,4
2859,14
2860,12
2861,13
2862,13
2863,13
2864,11
2865,7
2866,14
2867,14
2868,10
2869,9
2870,11
2871,12
2872,1
2873,5
2874,13
2875,4
2876,7
2877,5
2878,11
2879,3
2880,12
2881,4
2882,7
2883,4
2884,5
2885,12
2886,4
2887,14
2888,7
2889,2
2890,4
2891,4
2892,4
2893,13
2894,1
2895,12
2896,3
2897,13
2898,7
2899,14
2900,1
2901,1
2902,14
2903,9
2904,4
2905,2
2906,7
2907,4
2908,6
2909,13
2910,13
2911,4
2912,4
2913,4
2914,3
2915,3
2916,14
2917,13
2918,9
2919,11
2920,4
2921,9
2922,7
2923,7
2924,11
2925,12
2926,3
2927,5
2928,14
2929,4
2930,4
2931,14
2932,9
2933,7
2934,11
2935,12
2936,12
2937,11
2938,9
2939,7
2940,13
2941,9
2942,5
2943,14
2944,4
2945,1
2946,14
2947,1
2948,12
2949,11
2950,5
2951,9
2952,1
2953,13
2954,5
2955,13
2956,14
2957,14
2958,9
2959,4
2960,12
2961,4
2962,1
2963,7
2964,14
2965,13
2966,5
2967,14
2968,1
2969,13
2970,13
2971,14
2972,14
2973,13
2974,9
2975,12
2976,8
2977,1
2978,5
2979,12
2980,11
2981,11
2982,3
2983,4
2984,10
2985,14
2986,12
2987,4
2988,13
2989,11
2990,11
2991,7
2992,14
2993,6
2994,1
2995,14
2996,12
2997,4
2998,10
2999,7
3000,13
3001,3
3002,13
3003,4
3004,6
3005,2
3006,1
3007,5
3008,12
3009,7
3010,7
3011,6
3012,11
3013,4
3014,14
3015,13
3016,12
3017,14
3018,1
3019,8
3020,2
3021,13
3022,12
3023,14
3024,12
3025,3
3026,11
3027,13
3028,6
3029,1
3030,6
3031,12
3032,5
3033,7
3034,13
3035,9
3036,9
3037,13
3038,5
3039,1
3040,9
3041,8
3042,2
3043,9
3044,7
3045,13
3046,13
3047,1
3048,14
3049,14
3050,4
3051,9
3052,14
3053,12
3054,10
3055,1
3056,13
3057,9
3058,14
3059,13
3060,11
3061,14
3062,4
3063,14
3064,1
3065,1
3066,4
3067,7
3068,1
3069,6
3070,4
3071,5
3072,1
3073,13
3074,12
3075,7
3076,1
3077,7
3078,7
3079,6
3080,4
3081,7
3082,12
3083,14
3084,13
3085,1
3086,1
3087,13
3088,13
3089,14
3090,11
3091,1
3092,7
3093,14
3094,4
3095,6
3096,1
3097,9
3098,4
3099,14
3100,4
3101,6
3102,13
3103,9
3104,7
3105,13
3106,1
3107,1
3108,12
3109,12
3110,7
3111,14
3112,13
3113,12
3114,12
3115,9
3116,9
3117,13
3118,13
3119,14
3120,1
3121,11
3122,12
3123,10
3124,14
3125,12
3126,14
3127,3
3128,9
3129,8
3130,4
3131,4
3132,13
3133,1
3134,5
3135,4
3136,12
3137,13
3138,14
3139,11
3140,13
3141,14
3142,6
3143,1
3144,3
3145,13
3146,13
3147,13
3148,9
3149,4
3150,4
3151,1
3152,7
3153,12
3154,4
3155,3
3156,12
3157,4
3158,13
3159,4
3160,1
3161,7
3162,6
3163,11
3164,13
3165,14
3166,5
3167,7
3168,12
3169,7
3170,7
3171,6
3172,14
3173,12
3174,13
3175,8
3176,10
3177,12
3178,1
3179,9
3180,11
3181,7
3182,10
3183,14
3184,7
3185,6
3186,1
3187,4
3188,14
3189,14
3190,9
3191,2
3192,3
3193,13
3194,12
3195,12
3196,10
3197,10
3198,4
3199,1
3200,14
3201,4
3202,1
3203,3
3204,4
3205,11
3206,13
3207,1
3208,13
3209,12
3210,10
3211,14
3212,13
3213,3
3214,11
3215,9
3216,11
3217,14
3218,3
3219,4
3220,14
3221,5
3222,9
3223,14
3224,13
3225,11
3226,12
3227,14
3228,7
3229,11
3230,1
3231,4
3232,4
3233,4
3234,14
3235,13
3236,6
3237,13
3238,1
3239,9
3240,4
3241,14
3242,4
3243,12
3244,1
3245,14
3246,14
3247,7
3248,1
3249,12
3250,8
3251,4
3252,13
3253,13
3254,4
3255,9
3256,4
3257,9
3258,11
3259,11
3260,9
3261,9
3262,6
3263,9
3264,13
3265,9
3266,1
3267,11
3268,7
3269,1
3270,7
3271,4
3272,1
3273,9
3274,12
3275,14
3276,1
3277,13
3278,11
3279,12
3280,14
3281,9
3282,11
3283,14
3284,4
3285,4
3286,1
3287,3
3288,11
3289,10
3290,1
3291,8
3292,11
3293,1
3294,1
3295,10
3296,2
3297,13
3298,13
3299,12
3300,9
3301,14
3302,9
3303,4
3304,4
3305,7
3306,13
3307,9
3308,1
3309,12
3310,14
3311,13
3312,11
3313,5
3314,4
3315,12
3316,11
3317,10
3318,11
3319,7
3320,12
3321,14
3322,13
3323,4
3324,9
3325,13
3326,13
3327,11
3328,11
3329,10
3330,5
3331,12
3332,13
3333,14
3334,1
3335,13
3336,13
3337,5
3338,11
3339,13
3340,3
3341,12
3342,12
3343,13
3344,10
3345,1
3346,10
3347,13
3348,13
3349,1
3350,9
3351,1
3352,12
3353,11
3354,7
3355,5
3356,13
3357,11
3358,13
3359,11
3360,12
3361,13
3362,13
3363,10
3364,11
3365,8
3366,9
3367,14
3368,4
3369,13
3370,7
3371,14
3372,9
3373,14
3374,12
3375,12
3376,2
3377,8
3378,2
3379,11
3380,7
3381,9
3382,1
3383,6
3384,13
3385,9
3386,7
3387,3
3388,4
3389,13
3390,11
3391,13
3392,12
3393,7
3394,7
3395,7
3396,7
3397,4
3398,12
3399,5
3400,7
3401,9
3402,11
3403,6
3404,10
3405,3
3406,12
3407,7
3408,3
3409,13
3410,9
3411,4
3412,12
3413,3
3414,2
3415,9
3416,7
3417,3
3418,8
3419,12
3420,3
3421,11
3422,4
3423,1
3424,12
3425,7
3426,12
3427,9
3428,4
3429,7
3430,9
3431,1
3432,9
3433,14
3434,12
3435,1
3436,4
3437,4
3438,3
3439,7
3440,13
3441,11
3442,12
3443,9
3444,8
3445,7
3446,7
3447,14
3448,7
3449,9
3450,3
3451,12
3452,13
3453,11
3454,6
3455,1
3456,9
3457,11
3458,11
3459,1
3460,5
3461,3
3462,9
3463,14
3464,14
3465,4
3466,3
3467,1
3468,13
3469,9
3470,1
3471,9
3472,3
3473,5
3474,6
3475,7
3476,12
3477,10
3478,1
3479,12
3480,11
3481,13
3482,5
3483,6
3484,11
3485,12
3486,7
3487,1
3488,6
3489,9
3490,6
3491,4
3492,11
3493,7
3494,1
3495,4
3496,4
3497,12
3498,4
3499,5
3500,3
3501,14
3502,12
3503,9
3504,12
3505,9
3506,1
3507,9
3508,9
3509,1
3510,5
3511,8
3512,14
3513,14
3514,12
3515,14
3516,12
3517,12
3518,10
3519,12
3520,4
3521,7
3522,2
3523,7
3524,4
3525,14
3526,7
3527,12
3528,1
3529,9
3530,14
3531,5
3532,7
3533,7
3534,11
3535,7
3536,1
3537,11
3538,3
3539,7
3540,9
3541,7
3542,9
3543,7
3544,6
3545,9
3546,14
3547,13
3548,5
3549,12
3550,9
3551,10
3552,12
3553,11
3554,11
3555,3
3556,4
3557,10
3558,13
3559,6
3560,14
3561,12
3562,5
3563,5
3564,14
3565,4
3566,1
3567,6
3568,9
3569,13
3570,13
3571,14
3572,13
3573,7
3574,7
3575,12
3576,12
3577,14
3578,14
3579,9
3580,11
3581,6
3582,13
3583,3
3584,5
3585,13
3586,7
3587,2
3588,9
3589,4
3590,4
3591,7
3592,14
3593,1
3594,14
3595,2
3596,7
3597,6
3598,6
3599,11
3600,14
3601,1
3602,9
3603,9
3604,13
3605,8
3606,9
3607,14
3608,7
3609,4
3610,12
3611,9
3612,11
3613,4
3614,4
3615,13
3616,3
3617,13
3618,11
3619,1
3620,7
3621,12
3622,11
3623,7
3624,1
3625,7
3626,1
3627,12
3628,1
3629,7
3630,6
3631,13
3632,13
3633,7
3634,7
3635,7
3636,12
3637,14
3638,7
3639,7
3640,4
3641,14
3642,9
3643,11
3644,13
3645,12
3646,3
3647,7
3648,4
3649,14
3650,1
3651,9
3652,1
3653,13
3654,10
3655,7
3656,9
3657,1
3658,14
3659,14
3660,3
3661,4
3662,7
3663,13
3664,14
3665,14
3666,6
3667,2
3668,13
3669,13
3670,7
3671,12
3672,2
3673,1
3674,7
3675,6
3676,1
3677,14
3678,14
3679,13
3680,13
3681,1
3682,13
3683,12
3684,14
3685,12
3686,12
3687,11
3688,10
3689,4
3690,14
3691,5
3692,5
3693,5
3694,7
3695,11
3696,12
3697,7
3698,11
3699,10
3700,4
3701,9
3702,4
3703,11
3704,14
3705,12
3706,1
3707,5
3708,14
3709,4
3710,9
3711,7
3712,4
3713,6
3714,4
3715,6
3716,8
3717,6
3718,14
3719,9
3720,4
3721,10
3722,12
3723,4
3724,5
3725,3
3726,13
3727,10
3728,7
3729,14
3730,14
3731,4
3732,9
3733,12
3734,1
3735,1
3736,6
3737,9
3738,12
3739,4
3740,5
3741,7
3742,14
3743,7
3744,13
3745,12
3746,1
3747,11
3748,14
3749,11
3750,12
3751,13
3752,1
3753,4
3754,8
3755,5
3756,1
3757,13
3758,1
3759,9
3760,12
3761,9
3762,11
3763,1
3764,14
3765,14
3766,1
3767,11
3768,7
3769,1
3770,1
3771,5
3772,1
3773,6
3774,4
3775,9
3776,12
3777,12
3778,10
3779,9
3780,12
3781,13
3782,5
3783,4
3784,3
3785,12
3786,12
3787,12
3788,5
3789,13
3790,13
3791,14
3792,4
3793,4
3794,14
3795,10
3796,13
3797,13
3798,4
3799,4
3800,7
3801,14
3802,12
3803,14
3804,1
3805,14
3806,12
3807,1
3808,12
3809,1
3810,11
3811,10
3812,13
3813,14
3814,14
3815,13
3816,1
3817,12
3818,2
3819,5
3820,11
3821,13
3822,14
3823,11
3824,9
3825,11
3826,12
3827,14
3828,4
3829,13
3830,4
3831,3
3832,1
3833,14
3834,12
3835,13
3836,4
3837,13
3838,14
3839,9
3840,1
3841,7
3842,6
3843,11
3844,1
3845,13
3846,1
3847,13
3848,3
3849,13
3850,10
3851,12
3852,13
3853,4
3854,7
3855,4
3856,14
3857,6
3858,3
3859,14
3860,10
3861,1
3862,9
3863,14
3864,4
3865,1
3866,14
3867,2
3868,7
3869,2
3870,13
3871,2
3872,11
3873,9
3874,13
3875,5
3876,13
3877,13
3878,4
3879,4
3880,3
3881,3
3882,7
3883,11
3884,12
3885,14
3886,4
3887,7
3888,9
3889,14
3890,5
3891,11
3892,9
3893,12
3894,4
3895,11
3896,14
3897,9
3898,6
3899,7
3900,1
3901,7
3902,13
3903,4
3904,1
3905,14
3906,14
3907,3
3908,6
3909,11
3910,13
3911,9
3912,12
3913,4
3914,3
3915,9
3916,14
3917,4
3918,12
3919,7
3920,13
3921,11
3922,2
3923,13
3924,13
3925,9
3926,7
3927,4
3928,7
3929,6
3930,4
3931,12
3932,12
3933,11
3934,10
3935,12
3936,9
3937,6
3938,11
3939,11
3940,7
3941,1
3942,12
3943,11
3944,12
3945,2
3946,3
3947,12
3948,14
3949,3
3950,14
3951,12
3952,10
3953,14
3954,5
3955,6
3956,9
3957,4
3958,13
3959,12
3960,3
3961,13
3962,12
3963,4
3964,7
3965,5
3966,1
3967,11
3968,6
3969,5
3970,4
3971,9
3972,6
3973,4
3974,7
3975,4
3976,7
3977,11
3978,4
3979,11
3980,14
3981,11
3982,12
3983,5
3984,9
3985,1
3986,9
3987,7
3988,4
3989,11
3990,12
3991,11
3992,4
3993,14
3994,14
3995,4
3996,14
3997,11
3998,11
3999,13
4000,8
4001,4
4002,13
4003,11
4004,11
4005,14
4006,8
4007,4
4008,13
4009,14
4010,12
4011,14
4012,14
4013,11
4014,14
4015,12
4016,4
4017,12
4018,11
4019,13
4020,6
4021,14
4022,14
4023,13
4024,9
4025,4
4026,9
4027,11
4028,11
4029,6
4030,10
4031,1
4032,12
4033,3
4034,9
4035,13
4036,14
4037,9
4038,7
4039,11
4040,3
4041,11
4042,7
4043,4
4044,13
4045,10
4046,12
4047,10
4048,9
4049,7
4050,12
4051,11
4052,1
4053,4
4054,9
4055,2
4056,13
4057,4
4058,7
4059,1
4060,3
4061,1
4062,1
4063,4
4064,4
4065,14
4066,9
4067,12
4068,14
4069,4
4070,12
4071,2
4072,4
4073,12
4074,8
4075,11
4076,1
4077,1
4078,7
4079,2
4080,7
4081,13
4082,11
4083,14
4084,12
4085,6
4086,12
4087,14
4088,11
4089,1
4090,14
4091,14
4092,1
4093,13
4094,14
4095,10
4096,12
4097,9
4098,12
4099,3
4100,13
4101,11
4102,14
4103,12
4104,9
4105,14
4106,12
4107,4
4108,9
4109,7
4110,7
4111,13
4112,13
4113,2
4114,1
4115,14
4116,5
4117,14
4118,7
4119,12
4120,13
4121,1
4122,12
4123,6
4124,13
4125,4
4126,9
4127,14
4128,5
4129,3
4130,4
4131,12
4132,5
4133,5
4134,11
4135,6
4136,4
4137,12
4138,11
4139,4
4140,11
4141,13
4142,1
4143,1
4144,1
4145,9
4146,14
4147,13
4148,12
4149,7
4150,11
4151,11
4152,14
4153,7
4154,14
4155,5
4156,8
4157,11
4158,9
4159,4
4160,12
4161,1
4162,11
4163,13
4164,7
4165,12
4166,13
4167,10
4168,5
4169,7
4170,12
4171,9
4172,14
4173,7
4174,7
4175,13
4176,7
4177,4
4178,9
4179,11
4180,12
4181,3
4182,10
4183,4
4184,1
4185,2
4186,2
4187,12
4188,12
4189,11
4190,10
4191,7
4192,3
4193,11
4194,1
4195,7
4196,4
4197,7
4198,10
4199,13
4200,5
4201,7
4202,1
4203,11
4204,13
4205,14
4206,14
4207,7
4208,4
4209,5
4210,12
4211,13
4212,12
4213,7
4214,7
4215,9
4216,12
4217,13
4218,14
4219,9
4220,4
4221,11
4222,13
4223,10
4224,1
4225,11
4226,4
4227,1
4228,4
4229,4
4230,11
4231,6
4232,11
4233,4
4234,1
4235,12
4236,12
4237,9
4238,4
4239,12
4240,14
4241,9
4242,6
4243,12
4244,1
4245,6
4246,9
4247,6
4248,4
4249,13
4250,14
4251,4
4252,4
4253,14
4254,1
4255,11
4256,9
4257,1
4258,5
4259,12
4260,5
4261,14
4262,9
4263,4
4264,13
4265,1
4266,9
4267,1
4268,10
4269,12
4270,14
4271,11
4272,6
4273,7
4274,12
4275,9
4276,3
4277,13
4278,12
4279,1
4280,12
4281,5
4282,6
4283,9
4284,9
4285,6
4286,6
4287,7
4288,10
4289,4
4290,13
4291,12
4292,13
4293,4
4294,14
4295,1
4296,3
4297,11
4298,13
4299,1
4300,1
4301,7
4302,1
4303,4
4304,11
4305,5
4306,8
4307,12
4308,14
4309,7
4310,12
4311,13
4312,11
4313,4
4314,14
4315,4
4316,7
4317,12
4318,6
4319,12
4320,10
4321,4
4322,6
4323,5
4324,9
4325,11
4326,12
4327,4
4328,9
4329,9
4330,14
4331,5
4332,14
4333,4
4334,11
4335,11
4336,12
4337,13
4338,11
4339,13
4340,9
4341,11
4342,7
4343,6
4344,6
4345,7
4346,9
4347,13
4348,10
4349,4
4350,1
4351,4
4352,11
4353,13
4354,13
4355,6
4356,10
4357,7
4358,13
4359,14
4360,6
4361,12
4362,13
4363,13
4364,4
4365,1
4366,11
4367,14
4368,11
4369,4
4370,1
4371,4
4372,11
4373,3
4374,11
4375,3
4376,12
4377,11
4378,4
4379,7
4380,1
4381,9
4382,13
4383,12
4384,8
4385,12
4386,11
4387,11
4388,9
4389,12
4390,9
4391,6
4392,11
4393,4
4394,12
4395,1
4396,13
4397,12
4398,12
4399,11
4400,11
4401,14
4402,12
4403,12
4404,11
4405,13
4406,9
4407,11
4408,12
4409,1
4410,5
4411,7
4412,13
4413,9
4414,9
4415,6
4416,13
4417,12
4418,1
4419,11
4420,5
4421,1
4422,7
4423,4
4424,12
4425,11
4426,7
4427,11
4428,6
4429,4
4430,12
4431,1
4432,12
4433,14
4434,14
4435,6
4436,6
4437,14
4438,11
4439,7
4440,14
4441,13
4442,6
4443,4
4444,14
4445,4
4446,11
4447,11
4448,14
4449,3
4450,4
4451,13
4452,9
4453,2
4454,9
4455,9
4456,12
4457,1
4458,9
4459,12
4460,4
4461,14
4462,6
4463,7
4464,13
4465,13
4466,1
4467,11
4468,6
4469,14
4470,1
4471,11
4472,12
4473,14
4474,13
4475,9
4476,6
4477,11
4478,6
4479,11
4480,13
4481,5
4482,1
4483,13
4484,1
4485,11
4486,4
4487,9
4488,13
4489,11
4490,4
4491,1
4492,11
4493,4
4494,7
4495,4
4496,4
4497,11
4498,4
4499,3
4500,5
4501,12
4502,9
4503,12
4504,9
4505,7
4506,9
4507,2
4508,12
4509,13
4510,4
4511,7
4512,12
4513,1
4514,14
4515,14
4516,7
4517,12
4518,12
4519,7
4520,11
4521,5
4522,14
4523,9
4524,11
4525,13
4526,13
4527,12
4528,12
4529,4
4530,7
4531,6
4532,8
4533,14
4534,9
4535,4
4536,4
4537,11
4538,5
4539,12
4540,9
4541,12
4542,4
4543,1
4544,9
4545,6
4546,5
4547,11
4548,13
4549,12
4550,13
4551,11
4552,4
4553,7
4554,12
4555,10
4556,6
4557,14
4558,14
4559,11
4560,3
4561,14
4562,14
4563,7
4564,4
4565,1
4566,13
4567,7
4568,9
4569,14
4570,4
4571,13
4572,13
4573,13
4574,3
4575,4
4576,5
4577,4
4578,9
4579,13
4580,13
4581,13
4582,13
4583,14
4584,12
4585,9
4586,11
4587,13
4588,7
4589,9
4590,13
4591,7
4592,3
4593,13
4594,1
4595,2
4596,11
4597,13
4598,6
4599,1
4600,4
4601,11
4602,14
4603,12
4604,4
4605,1
4606,11
4607,12
4608,4
4609,11
4610,1
4611,13
4612,13
4613,7
4614,14
4615,14
4616,8
4617,12
4618,13
4619,14
4620,6
4621,14
4622,4
4623,14
4624,4
4625,11
4626,14
4627,1
4628,9
4629,4
4630,3
4631,11
4632,1
4633,7
4634,13
4635,4
4636,1
4637,9
4638,14
4639,12
4640,4
4641,9
4642,1
4643,13
4644,14
4645,2
4646,12
4647,9
4648,1
4649,14
4650,13
4651,13
4652,1
4653,13
4654,5
4655,4
4656,11
4657,9
4658,14
4659,6
4660,7
4661,14
4662,13
4663,14
4664,6
4665,11
4666,11
4667,7
4668,5
4669,14
4670,12
4671,4
4672,7
4673,12
4674,1
4675,13
4676,10
4677,4
4678,6
4679,9
4680,13
4681,9
4682,1
4683,4
4684,10
4685,7
4686,4
4687,4
4688,14
4689,7
4690,14
4691,9
4692,4
4693,12
4694,13
4695,7
4696,7
4697,14
4698,13
4699,13
4700,14
4701,4
4702,6
4703,8
4704,2
4705,13
4706,14
4707,6
4708,11
4709,11
4710,12
4711,4
4712,10
4713,14
4714,4
4715,7
4716,7
4717,14
4718,12
4719,7
4720,11
4721,6
4722,14
4723,5
4724,3
4725,12
4726,12
4727,4
4728,12
4729,13
4730,12
4731,10
4732,4
4733,12
4734,11
4735,9
4736,1
4737,9
4738,14
4739,5
4740,14
4741,13
4742,1
4743,13
4744,12
4745,1
4746,13
4747,13
4748,5
4749,12
4750,4
4751,11
4752,6
4753,4
4754,5
4755,9
4756,3
4757,10
4758,13
4759,14
4760,10
4761,14
4762,3
4763,1
4764,11
4765,9
4766,14
4767,4
4768,8
4769,8
4770,12
4771,13
4772,7
4773,2
4774,7
4775,5
4776,4
4777,3
4778,4
4779,3
4780,11
4781,3
4782,3
4783,12
4784,7
4785,4
4786,5
4787,14
4788,4
4789,10
4790,1
4791,9
4792,3
4793,14
4794,11
4795,9
4796,4
4797,4
4798,9
4799,5
4800,14
4801,6
4802,13
4803,6
4804,3
4805,7
4806,13
4807,9
4808,4
4809,10
4810,7
4811,14
4812,12
4813,11
4814,10
4815,9
4816,1
4817,7
4818,7
4819,9
4820,13
4821,13
4822,7
4823,1
4824,7
4825,9
4826,4
4827,9
4828,4
4829,12
4830,2
4831,1
4832,1
4833,4
4834,13
4835,13
4836,14
4837,14
4838,12
4839,1
4840,11
4841,1
4842,7
4843,4
4844,4
4845,11
4846,13
4847,13
4848,1
4849,4
4850,7
4851,12
4852,11
4853,4
4854,13
4855,9
4856,7
4857,9
4858,11
4859,4
4860,12
4861,9
4862,1
4863,12
4864,7
4865,2
4866,12
4867,4
4868,14
4869,9
4870,14
4871,4
4872,13
4873,14
4874,8
4875,13
4876,12
4877,5
4878,6
4879,11
4880,1
4881,14
4882,14
4883,6
4884,13
4885,14
4886,2
4887,13
4888,12
4889,4
4890,12
4891,6
4892,12
4893,1
4894,12
4895,12
4896,4
4897,12
4898,14
4899,9
4900,14
4901,12
4902,6
4903,7
4904,13
4905,14
4906,10
4907,10
4908,14
4909,14
4910,14
4911,11
4912,7
4913,13
4914,6
4915,1
4916,9
4917,4
4918,11
4919,3
4920,1
4921,8
4922,7
4923,13
4924,13
4925,14
4926,1
4927,4
4928,6
4929,7
4930,4
4931,3
4932,4
4933,13
4934,1
4935,13
4936,1
4937,11
4938,12
4939,11
4940,12
4941,12
4942,13
4943,12
4944,9
4945,8
4946,1
4947,1
4948,2
4949,1
4950,11
4951,12
4952,12
4953,10
4954,4
4955,14
4956,7
4957,4
4958,7
4959,11
4960,14
4961,4
4962,12
4963,11
4964,12
4965,1
4966,7
4967,11
4968,13
4969,12
4970,13
4971,4
4972,11
4973,1
4974,13
4975,4
4976,11
4977,14
4978,9
4979,10
4980,9
4981,6
4982,9
4983,9
4984,1
4985,14
4986,14
4987,1
4988,3
4989,14
4990,4
4991,11
4992,13
4993,1
4994,8
4995,7
4996,12
4997,11
4998,4
4999,14
5000,9
5001,12
5002,6
5003,1
5004,7
5005,4
5006,2
5007,9
5008,4
5009,1
5010,4
5011,13
5012,4
5013,13
5014,4
5015,1
5016,10
5017,9
5018,9
5019,12
5020,3
5021,12
5022,4
5023,4
5024,13
5025,4
5026,7
5027,1
5028,5
5029,12
5030,1
5031,13
5032,4
5033,13
5034,9
5035,5
5036,5
5037,1
5038,1
5039,4
5040,10
5041,14
5042,8
5043,4
5044,1
5045,1
5046,13
5047,9
5048,4
5049,14
5050,6
5051,7
5052,2
5053,12
5054,11
5055,11
5056,13
5057,7
5058,7
5059,12
5060,12
5061,13
5062,13
5063,13
5064,7
5065,1
5066,12
5067,4
5068,3
5069,13
5070,12
5071,13
5072,6
5073,11
5074,11
5075,13
5076,9
5077,14
5078,14
5079,14
5080,6
5081,14
5082,2
5083,14
5084,10
5085,14
5086,13
5087,13
5088,1
5089,14
5090,12
5091,8
5092,5
5093,4
5094,13
5095,11
5096,9
5097,1
5098,10
5099,11
5100,5
5101,12
5102,3
5103,11
5104,12
5105,12
5106,9
5107,13
5108,13
5109,7
5110,11
5111,13
5112,9
5113,12
5114,7
5115,12
5116,4
5117,5
5118,12
5119,5
5120,13
5121,1
5122,12
5123,12
5124,12
5125,14
5126,7
5127,2
5128,7
5129,12
5130,9
5131,13
5132,4
5133,13
5134,6
5135,7
5136,5
5137,9
5138,12
5139,11
5140,14
5141,9
5142,11
5143,14
5144,7
5145,11
5146,13
5147,14
5148,9
5149,6
5150,4
5151,14
5152,7
5153,1
5154,9
5155,1
5156,10
5157,12
5158,11
5159,14
5160,13
5161,11
5162,7
5163,9
5164,12
5165,9
5166,9
5167,12
5168,1
5169,1
5170,14
5171,12
5172,1
5173,1
5174,12
5175,13
5176,9
5177,12
5178,5
5179,11
5180,1
5181,14
5182,10
5183,14
5184,12
5185,9
5186,8
5187,4
5188,4
5189,13
5190,5
5191,4
5192,4
5193,6
5194,1
5195,11
5196,1
5197,4
5198,2
5199,13
5200,11
5201,13
5202,9
5203,1
5204,12
5205,12
5206,9
5207,14
5208,7
5209,1
5210,14
5211,9
5212,4
5213,4
5214,5
5215,4
5216,6
5217,1
5218,12
5219,7
5220,5
5221,10
5222,5
5223,6
5224,14
5225,13
5226,13
5227,13
5228,11
5229,7
5230,9
5231,1
5232,6
5233,10
5234,14
5235,14
5236,9
5237,9
5238,12
5239,4
5240,3
5241,11
5242,4
5243,5
5244,7
5245,4
5246,9
5247,2
5248,7
5249,14
5250,14
5251,3
5252,4
5253,10
5254,11
5255,13
5256,13
5257,8
5258,1
5259,8
5260,9
5261,11
5262,1
5263,13
5264,8
5265,8
5266,9
5267,1
5268,4
5269,14
5270,14
5271,12
5272,14
5273,4
5274,9
5275,3
5276,12
5277,9
5278,8
5279,11
5280,9
5281,9
5282,1
5283,1
5284,1
5285,10
5286,11
5287,3
5288,4
5289,13
5290,12
5291,3
5292,1
5293,7
5294,12
5295,4
5296,4
5297,4
5298,7
5299,4
5300,14
5301,9
5302,12
5303,9
5304,11
5305,7
5306,14
5307,4
5308,12
5309,8
5310,14
5311,14
5312,13
5313,13
5314,12
5315,9
5316,14
5317,9
5318,14
5319,14
5320,7
5321,14
5322,4
5323,1
5324,14
5325,12
5326,12
5327,7
5328,13
5329,6
5330,10
5331,13
5332,7
5333,10
5334,13
5335,10
5336,13
5337,6
5338,14
5339,9
5340,1
5341,1
5342,12
5343,10
5344,9
5345,13
5346,7
5347,14
5348,12
5349,11
5350,4
5351,12
5352,5
5353,4
5354,7
5355,13
5356,10
5357,1
5358,14
5359,12
5360,6
5361,14
5362,11
5363,2
5364,7
5365,1
5366,13
5367,14
5368,7
5369,13
5370,8
5371,4
5372,5
5373,12
5374,13
5375,9
5376,13
5377,1
5378,11
5379,9
5380,4
5381,12
5382,2
5383,11
5384,7
5385,13
5386,12
5387,12
5388,11
5389,14
5390,12
5391,12
5392,6
5393,1
5394,11
5395,3
5396,1
5397,4
5398,9
5399,7
5400,14
5401,9
5402,9
5403,13
5404,13
5405,13
5406,1
5407,13
5408,12
5409,4
5410,9
5411,13
5412,9
5413,14
5414,11
5415,9
5416,9
5417,6
5418,9
5419,13
5420,5
5421,4
5422,6
5423,14
5424,13
5425,6
5426,14
5427,1
5428,11
5429,5
5430,6
5431,11
5432,12
5433,1
5434,2
5435,13
5436,12
5437,13
5438,9
5439,8
5440,12
5441,4
5442,1
5443,5
5444,4
5445,13
5446,12
5447,3
5448,14
5449,13
5450,10
5451,4
5452,4
5453,6
5454,13
5455,1
5456,13
5457,8
5458,12
5459,9
5460,11
5461,5
5462,14
5463,12
5464,4
5465,4
5466,13
5467,11
5468,13
5469,4
5470,4
5471,13
5472,5
5473,7
5474,9
5475,4
5476,9
5477,9
5478,9
5479,4
5480,14
5481,13
5482,11
5483,11
5484,5
5485,4
5486,7
5487,14
5488,4
5489,1
5490,5
5491,5
5492,1
5493,4
5494,5
5495,9
5496,8
5497,7
5498,4
5499,8
5500,14
5501,14
5502,9
5503,10
5504,4
5505,6
5506,14
5507,2
5508,9
5509,3
5510,4
5511,12
5512,11
5513,11
5514,9
5515,13
5516,10
5517,10
5518,7
5519,4
5520,4
5521,5
5522,9
5523,6
5524,12
5525,14
5526,14
5527,1
5528,11
5529,4
5530,14
5531,4
5532,12
5533,12
5534,12
5535,14
5536,13
5537,11
5538,5
5539,14
5540,14
5541,7
5542,14
5543,12
5544,1
5545,1
5546,9
5547,9
5548,12
5549,1
5550,6
5551,5
5552,13
5553,13
5554,1
5555,4
5556,14
5557,4
5558,4
5559,7
5560,14
5561,13
5562,1
5563,6
5564,12
5565,14
5566,10
5567,6
5568,13
5569,4
5570,12
5571,11
5572,1
5573,13
5574,1
5575,13
5576,1
5577,5
5578,14
5579,6
5580,1
5581,12
5582,4
5583,12
5584,6
5585,14
5586,9
5587,5
5588,10
5589,9
5590,7
5591,3
5592,7
5593,4
5594,4
5595,12
5596,13
5597,12
5598,6
5599,9
5600,1
5601,4
5602,14
5603,14
5604,4
5605,7
5606,12
5607,11
5608,11
5609,7
5610,9
5611,14
5612,11
5613,11
5614,13
5615,4
5616,8
5617,11
5618,7
5619,12
5620,10
5621,8
5622,4
5623,6
5624,13
5625,12
5626,12
5627,5
5628,9
5629,4
5630,13
5631,1
5632,12
5633,12
5634,3
5635,10
5636,1
5637,13
5638,14
5639,9
5640,1
5641,13
5642,1
5643,12
5644,7
5645,5
5646,12
5647,1
5648,4
5649,4
5650,11
5651,12
5652,1
5653,14
5654,1
5655,10
5656,13
5657,14
5658,1
5659,4
5660,4
5661,11
5662,4
5663,13
5664,11
5665,7
5666,13
5667,13
5668,1
5669,6
5670,12
5671,4
5672,13
5673,6
5674,11
5675,12
5676,12
5677,1
5678,8
5679,14
5680,12
5681,10
5682,10
5683,1
5684,6
5685,12
5686,13
5687,11
5688,1
5689,11
5690,13
5691,4
5692,10
5693,12
5694,9
5695,14
5696,14
5697,7
5698,12
5699,6
5700,1
5701,1
5702,14
5703,4
5704,9
5705,9
5706,14
5707,7
5708,13
5709,1
5710,14
5711,8
5712,4
5713,11
5714,13
5715,9
5716,14
5717,1
5718,7
5719,4
5720,1
5721,2
5722,4
5723,12
5724,11
5725,12
5726,1
5727,2
5728,5
5729,12
5730,13
5731,14
5732,6
5733,7
5734,4
5735,14
5736,6
5737,13
5738,6
5739,12
5740,13
5741,12
5742,6
5743,4
5744,4
5745,13
5746,9
5747,1
5748,4
5749,1
5750,12
5751,12
5752,4
5753,1
5754,1
5755,14
5756,1
5757,12
5758,13
5759,14
5760,11
5761,13
5762,5
5763,6
5764,1
5765,11
5766,1
5767,2
5768,11
5769,9
5770,1
5771,13
5772,13
5773,4
5774,9
5775,1
5776,12
5777,11
5778,4
5779,1
5780,10
5781,7
5782,11
5783,14
5784,1
5785,9
5786,14
5787,2
5788,11
5789,11
5790,1
5791,10
5792,1
5793,9
5794,4
5795,14
5796,12
5797,10
5798,13
5799,7
5800,11
5801,6
5802,4
5803,14
5804,13
5805,12
5806,1
5807,4
5808,13
5809,14
5810,6
5811,14
5812,4
5813,12
5814,13
5815,14
5816,9
5817,13
5818,13
5819,7
5820,13
5821,13
5822,12
5823,9
5824,6
5825,14
5826,2
5827,12
5828,14
5829,9
5830,14
5831,11
5832,9
5833,11
5834,13
5835,7
5836,4
5837,7
5838,13
5839,7
5840,12
5841,4
5842,4
5843,4
5844,7
5845,14
5846,11
5847,10
5848,1
5849,1
5850,14
5851,10
5852,12
5853,11
5854,9
5855,7
5856,9
5857,14
5858,11
5859,14
5860,3
5861,14
5862,1
5863,13
5864,12
5865,6
5866,7
5867,12
5868,11
5869,14
5870,1
5871,12
5872,11
5873,3
5874,2
5875,13
5876,13
5877,5
5878,9
5879,12
5880,9
5881,9
5882,3
5883,13
5884,14
5885,11
5886,13
5887,12
5888,6
5889,12
5890,9
5891,11
5892,12
5893,10
5894,8
5895,10
5896,4
5897,13
5898,11
5899,11
5900,14
5901,4
5902,12
5903,13
5904,12
5905,13
5906,13
5907,12
5908,13
5909,13
5910,9
5911,10
5912,13
5913,8
5914,13
5915,2
5916,11
5917,11
5918,4
5919,11
5920,13
5921,7
5922,1
5923,9
5924,9
5925,14
5926,9
5927,9
5928,13
5929,13
5930,14
5931,14
5932,5
5933,14
5934,1
5935,13
5936,9
5937,4
5938,12
5939,11
5940,14
5941,7
5942,7
5943,1
5944,1
5945,3
5946,1
5947,1
5948,14
5949,13
5950,4
5951,1
5952,14
5953,9
5954,11
5955,11
5956,11
5957,1
5958,14
5959,9
5960,14
5961,9
5962,3
5963,4
5964,3
5965,13
5966,13
5967,13
5968,11
5969,1
5970,12
5971,6
5972,5
5973,4
5974,14
5975,12
5976,4
5977,14
5978,14
5979,12
5980,14
5981,11
5982,11
5983,11
5984,4
5985,4
5986,5
5987,14
5988,14
5989,9
5990,12
5991,1
5992,7
5993,9
5994,9
5995,3
5996,1
5997,6
5998,12
5999,11
6000,13
6001,1
6002,1
6003,1
6004,12
6005,13
6006,8
6007,11
6008,7
6009,1
6010,13
6011,12
6012,13
6013,1
6014,5
6015,14
6016,1
6017,9
6018,4
6019,4
6020,5
6021,1
6022,7
6023,9
6024,6
6025,2
6026,10
6027,14
6028,14
6029,13
6030,11
6031,7
6032,9
6033,9
6034,14
6035,7
6036,9
6037,13
6038,3
6039,12
6040,12
6041,4
6042,9
6043,11
6044,11
6045,12
6046,6
6047,14
6048,13
6049,7
6050,3
6051,10
6052,13
6053,1
6054,5
6055,7
6056,13
6057,1
6058,12
6059,9
6060,10
6061,1
6062,7
6063,1
6064,13
6065,13
6066,8
6067,9
6068,1
6069,6
6070,12
6071,6
6072,4
6073,11
6074,11
6075,12
6076,1
6077,8
6078,1
6079,3
6080,11
6081,7
6082,12
6083,11
6084,3
6085,10
6086,14
6087,5
6088,8
6089,13
6090,12
6091,4
6092,4
6093,14
6094,13
6095,13
6096,10
6097,9
6098,1
6099,14
6100,5
6101,13
6102,5
6103,13
6104,4
6105,4
6106,9
6107,11
6108,12
6109,12
6110,13
6111,4
6112,4
6113,9
6114,9
6115,4
6116,9
6117,13
6118,13
6119,1
6120,6
6121,14
6122,4
6123,7
6124,1
6125,11
6126,4
6127,9
6128,1
6129,13
6130,14
6131,9
6132,12
6133,7
6134,4
6135,3
6136,9
6137,1
6138,1
6139,4
6140,12
6141,14
6142,1
6143,13
6144,9
6145,13
6146,5
6147,12
6148,4
6149,1
6150,12
6151,14
6152,1
6153,1
6154,7
6155,14
6156,9
6157,4
6158,13
6159,12
6160,13
6161,7
6162,5
6163,4
6164,3
6165,1
6166,7
6167,12
6168,12
6169,11
6170,7
6171,10
6172,7
6173,6
6174,9
6175,6
6176,8
6177,4
6178,13
6179,5
6180,9
6181,11
6182,1
6183,4
6184,7
6185,4
6186,4
6187,11
6188,14
6189,14
6190,11
6191,7
6192,14
6193,4
6194,13
6195,13
6196,8
6197,9
6198,11
6199,14
6200,12
6201,8
6202,4
6203,4
6204,1
6205,7
6206,1
6207,5
6208,1
6209,11
6210,4
6211,1
6212,7
6213,3
6214,9
6215,12
6216,6
6217,12
6218,14
6219,9
6220,10
6221,13
6222,12
6223,1
6224,14
6225,5
6226,5
6227,4
6228,11
6229,11
6230,12
6231,9
6232,14
6233,12
6234,6
6235,13
6236,1
6237,1
6238,4
6239,9
6240,10
6241,11
6242,6
6243,6
6244,13
6245,13
6246,9
6247,1
6248,10
6249,4
6250,10
6251,10
6252,1
6253,9
6254,4
6255,13
6256,12
6257,7
6258,14
6259,4
6260,10
6261,5
6262,12
6263,4
6264,2
6265,12
6266,13
6267,5
6268,7
6269,1
6270,7
6271,12
6272,5
6273,13
6274,8
6275,7
6276,11
6277,12
6278,7
6279,7
6280,12
6281,9
6282,14
6283,4
6284,4
6285,4
6286,14
6287,1
6288,8
6289,7
6290,11
6291,6
6292,14
6293,5
6294,9
6295,14
6296,3
6297,13
6298,11
6299,10
6300,4
6301,14
6302,13
6303,1
6304,7
6305,1
6306,12
6307,6
6308,4
6309,13
6310,4
6311,10
6312,13
6313,14
6314,13
6315,9
6316,4
6317,13
6318,13
6319,9
6320,11
6321,1
6322,4
6323,2
6324,7
6325,3
6326,7
6327,10
6328,14
6329,1
6330,14
6331,4
6332,9
6333,9
6334,13
6335,8
6336,6
6337,6
6338,9
6339,6
6340,12
6341,9
6342,10
6343,1
6344,14
6345,1
6346,4
6347,9
6348,7
6349,14
6350,3
6351,11
6352,13
6353,13
6354,14
6355,7
6356,12
6357,1
6358,4
6359,12
6360,12
6361,1
6362,3
6363,9
6364,7
6365,14
6366,4
6367,13
6368,2
6369,13
6370,1
6371,6
6372,5
6373,12
6374,9
6375,6
6376,9
6377,9
6378,9
6379,1
6380,13
6381,9
6382,9
6383,4
6384,13
6385,12
6386,12
6387,12
6388,4
6389,1
6390,1
6391,3
6392,13
6393,12
6394,12
6395,14
6396,7
6397,9
6398,3
6399,6
6400,12
6401,13
6402,14
6403,14
6404,1
6405,9
6406,4
6407,10
6408,13
6409,10
6410,9
6411,5
6412,1
6413,12
6414,12
6415,7
6416,5
6417,9
6418,5
6419,14
6420,13
6421,13
6422,13
6423,14
6424,7
6425,9
6426,12
6427,14
6428,7
6429,4
6430,4
6431,13
6432,13
6433,7
6434,12
6435,4
6436,14
6437,7
6438,10
6439,7
6440,14
6441,12
6442,12
6443,11
6444,14
6445,6
6446,7
6447,9
6448,12
6449,1
6450,11
6451,4
6452,13
6453,13
6454,7
6455,12
6456,7
6457,13
6458,13
6459,12
6460,11
6461,4
6462,9
6463,1
6464,11
6465,10
6466,4
6467,9
6468,9
6469,1
6470,7
6471,1
6472,6
6473,14
6474,14
6475,13
6476,12
6477,4
6478,12
6479,12
6480,8
6481,13
6482,11
6483,11
6484,13
6485,13
6486,8
6487,4
6488,3
6489,6
6490,14
6491,7
6492,14
6493,1
6494,1
6495,12
6496,11
6497,14
6498,2
6499,13
6500,7
6501,6
6502,4
6503,1
6504,14
6505,12
6506,11
6507,4
6508,7
6509,11
6510,12
6511,13
6512,12
6513,13
6514,1
6515,4
6516,11
6517,9
6518,6
6519,1
6520,11
6521,1
6522,8
6523,14
6524,13
6525,13
6526,9
6527,11
6528,9
6529,4
6530,1
6531,11
6532,9
6533,9
6534,4
6535,11
6536,10
6537,10
6538,12
6539,14
6540,12
6541,14
6542,13
6543,13
6544,9
6545,8
6546,4
6547,12
6548,3
6549,9
6550,3
6551,4
6552,9
6553,13
6554,1
6555,13
6556,12
6557,12
6558,14
6559,1
6560,14
6561,4
6562,12
6563,13
6564,1
6565,9
6566,9
6567,5
6568,7
6569,9
6570,9
6571,9
6572,6
6573,13
6574,11
6575,10
6576,9
6577,3
6578,1
6579,10
6580,5
6581,9
6582,4
6583,14
6584,7
6585,1
6586,5
6587,12
6588,13
6589,13
6590,1
6591,5
6592,13
6593,12
6594,4
6595,1
6596,13
6597,13
6598,10
6599,10
6600,7
6601,1
6602,14
6603,9
6604,14
6605,3
6606,4
6607,3
6608,13
6609,13
6610,9
6611,3
6612,4
6613,9
6614,12
6615,13
6616,6
6617,2
6618,4
6619,3
6620,1
6621,5
6622,9
6623,1
6624,5
6625,3
6626,12
6627,1
6628,1
6629,10
6630,11
6631,1
6632,1
6633,13
6634,14
6635,1
6636,4
6637,7
6638,8
6639,3
6640,7
6641,7
6642,13
6643,1
6644,9
6645,6
6646,3
6647,1
6648,4
6649,1
6650,14
6651,7
6652,4
6653,9
6654,6
6655,7
6656,1
6657,11
6658,11
6659,13
6660,11
6661,7
6662,1
6663,9
6664,9
6665,11
6666,4
6667,13
6668,13
6669,12
6670,4
6671,12
6672,1
6673,14
6674,12
6675,1
6676,11
6677,12
6678,11
6679,12
6680,6
6681,1
6682,12
6683,9
6684,10
6685,10
6686,11
6687,12
6688,14
6689,13
6690,7
6691,4
6692,1
6693,13
6694,14
6695,12
6696,4
6697,11
6698,9
6699,13
6700,6
6701,10
6702,1
6703,14
6704,6
6705,7
6706,9
6707,13
6708,9
6709,6
6710,10
6711,11
6712,5
6713,12
6714,1
6715,9
6716,12
6717,13
6718,13
6719,13
6720,6
6721,2
6722,13
6723,7
6724,13
6725,6
6726,11
6727,7
6728,13
6729,11
6730,4
6731,12
6732,1
6733,13
6734,4
6735,3
6736,12
6737,9
6738,3
6739,4
6740,14
6741,14
6742,14
6743,11
6744,10
6745,13
6746,10
6747,1
6748,6
6749,4
6750,11
6751,13
6752,6
6753,13
6754,11
6755,11
6756,7
6757,14
6758,14
6759,14
6760,5
6761,4
6762,11
6763,13
6764,1
6765,13
6766,14
6767,4
6768,6
6769,12
6770,14
6771,12
6772,8
6773,2
6774,9
6775,5
6776,7
6777,7
6778,13
6779,9
6780,10
6781,13
6782,13
6783,1
6784,12
6785,11
6786,12
6787,7
6788,14
6789,9
6790,5
6791,11
6792,4
6793,1
6794,11
6795,11
6796,11
6797,1
6798,12
6799,5
6800,13
6801,4
6802,3
6803,1
6804,13
6805,4
6806,14
6807,13
6808,2
6809,13
6810,4
6811,12
6812,4
6813,10
6814,13
6815,14
6816,1
6817,13
6818,14
6819,12
6820,1
6821,13
6822,6
6823,1
6824,1
6825,12
6826,6
6827,14
6828,12
6829,3
6830,3
6831,6
6832,11
6833,5
6834,11
6835,2
6836,14
6837,3
6838,11
6839,12
6840,4
6841,9
6842,1
6843,12
6844,9
6845,10
6846,9
6847,12
6848,1
6849,13
6850,12
6851,5
6852,1
6853,14
6854,4
6855,14
6856,3
6857,4
6858,12
6859,4
6860,14
6861,4
6862,1
6863,10
6864,13
6865,5
6866,7
6867,12
6868,3
6869,11
6870,11
6871,11
6872,10
6873,4
6874,9
6875,12
6876,10
6877,13
6878,7
6879,12
6880,4
6881,1
6882,14
6883,13
6884,1
6885,13
6886,4
6887,13
6888,9
6889,12
6890,11
6891,12
6892,13
6893,6
6894,3
6895,4
6896,4
6897,10
6898,4
6899,7
6900,9
6901,9
6902,6
6903,9
6904,12
6905,6
6906,4
6907,12
6908,13
6909,1
6910,14
6911,12
6912,5
6913,12
6914,4
6915,13
6916,11
6917,1
6918,2
6919,4
6920,10
6921,1
6922,5
6923,1
6924,10
6925,11
6926,6
6927,13
6928,14
6929,9
6930,11
6931,4
6932,1
6933,10
6934,11
6935,9
6936,12
6937,4
6938,4
6939,7
6940,12
6941,8
6942,13
6943,11
6944,1
6945,8
6946,14
6947,2
6948,5
6949,1
6950,12
6951,11
6952,4
6953,14
6954,12
6955,4
6956,12
6957,7
6958,13
6959,7
6960,9
6961,14
6962,14
6963,7
6964,14
6965,7
6966,4
6967,1
6968,14
6969,11
6970,10
6971,9
6972,11
6973,9
6974,4
6975,9
6976,7
6977,9
6978,9
6979,10
6980,11
6981,4
6982,12
6983,11
6984,14
6985,7
6986,12
6987,14
6988,13
6989,13
6990,1
6991,12
6992,1
6993,11
6994,4
6995,4
6996,14
6997,2
6998,11
6999,14
7000,8
7001,12
7002,11
7003,12
7004,7
7005,1
7006,9
7007,12
7008,12
7009,13
7010,1
7011,12
7012,9
7013,4
7014,13
7015,11
7016,13
7017,1
7018,9
7019,14
7020,9
7021,1
7022,7
7023,7
7024,14
7025,14
7026,7
7027,3
7028,7
7029,9
7030,2
7031,1
7032,13
7033,4
7034,6
7035,11
7036,4
7037,3
7038,12
7039,12
7040,1
7041,13
7042,3
7043,14
7044,7
7045,1
7046,11
7047,13
7048,2
7049,14
7050,7
7051,13
7052,14
7053,13
7054,2
7055,11
7056,4
7057,4
7058,14
7059,13
7060,14
7061,7
7062,1
7063,13
7064,4
7065,11
7066,7
7067,4
7068,14
7069,9
7070,1
7071,14
7072,1
7073,13
7074,9
7075,13
7076,13
7077,14
7078,13
7079,5
7080,12
7081,14
7082,4
7083,14
7084,4
7085,4
7086,14
7087,9
7088,9
7089,4
7090,8
7091,14
7092,11
7093,14
7094,1
7095,13
7096,4
7097,11
7098,6
7099,5
7100,7
7101,1
7102,9
7103,9
7104,14
7105,14
7106,1
7107,14
7108,9
7109,14
7110,13
7111,14
7112,14
7113,6
7114,9
7115,7
7116,12
7117,8
7118,13
7119,7
7120,12
7121,1
7122,13
7123,6
7124,4
7125,12
7126,9
7127,4
7128,6
7129,7
7130,7
7131,1
7132,12
7133,13
7134,13
7135,8
7136,14
7137,7
7138,1
7139,4
7140,6
7141,5
7142,13
7143,14
7144,4
7145,3
7146,14
7147,13
7148,10
7149,11
7150,9
7151,11
7152,9
7153,11
7154,9
7155,6
7156,4
7157,1
7158,9
7159,9
7160,4
7161,12
7162,13
7163,13
7164,12
7165,14
7166,14
7167,7
7168,4
7169,8
7170,12
7171,13
7172,1
7173,1
7174,4
7175,10
7176,12
7177,12
7178,4
7179,11
7180,12
7181,12
7182,12
7183,2
7184,1
7185,14
7186,1
7187,3
7188,9
7189,12
7190,14
7191,4
7192,4
7193,14
7194,11
7195,8
7196,4
7197,4
7198,2
7199,12
7200,13
7201,6
7202,1
7203,1
7204,13
7205,14
7206,12
7207,5
7208,3
7209,9
7210,3
7211,11
7212,14
7213,5
7214,12
7215,12
7216,13
7217,13
7218,13
7219,10
7220,11
7221,14
7222,9
7223,14
7224,9
7225,14
7226,9
7227,5
7228,9
7229,11
7230,14
7231,12
7232,14
7233,11
7234,12
7235,7
7236,13
7237,9
7238,4
7239,13
7240,12
7241,13
7242,14
7243,2
7244,8
7245,1
7246,14
7247,1
7248,14
7249,13
7250,4
7251,14
7252,7
7253,7
7254,12
7255,14
7256,12
7257,13
7258,13
7259,3
7260,11
7261,9
7262,9
7263,10
7264,12
7265,7
7266,3
7267,4
7268,9
7269,11
7270,10
7271,13
7272,4
7273,14
7274,12
7275,9
7276,9
7277,13
7278,14
7279,12
7280,7
7281,12
7282,13
7283,2
7284,14
7285,12
7286,5
7287,14
7288,2
7289,13
7290,4
7291,13
7292,7
7293,13
7294,7
7295,12
7296,13
7297,12
7298,12
7299,9
7300,7
7301,7
7302,12
7303,1
7304,7
7305,2
7306,4
7307,4
7308,1
7309,10
7310,3
7311,11
7312,1
7313,13
7314,4
7315,1
7316,9
7317,9
7318,13
7319,9
7320,4
7321,4
7322,9
7323,1
7324,6
7325,14
7326,3
7327,3
7328,13
7329,1
7330,13
7331,12
7332,13
7333,5
7334,14
7335,7
7336,14
7337,4
7338,12
7339,7
7340,14
7341,14
7342,4
7343,14
7344,1
7345,2
7346,1
7347,4
7348,9
7349,4
7350,1
7351,4
7352,13
7353,7
7354,14
7355,7
7356,11
7357,4
7358,6
7359,4
7360,14
7361,1
7362,14
7363,11
7364,7
7365,6
7366,7
7367,10
7368,14
7369,1
7370,4
7371,11
7372,12
7373,12
7374,13
7375,9
7376,1
7377,5
7378,14
7379,12
7380,12
7381,9
7382,13
7383,6
7384,11
7385,7
7386,13
7387,11
7388,6
7389,14
7390,14
7391,7
7392,13
7393,13
7394,1
7395,1
7396,14
7397,14
7398,13
7399,12
7400,4
7401,4
7402,6
7403,12
7404,1
7405,5
7406,9
7407,2
7408,7
7409,7
7410,1
7411,1
7412,13
7413,8
7414,13
7415,14
7416,14
7417,3
7418,9
7419,1
7420,12
7421,13
7422,11
7423,5
7424,4
7425,1
7426,13
7427,12
7428,7
7429,4
7430,14
7431,9
7432,4
7433,14
7434,12
7435,14
7436,12
7437,10
7438,14
7439,9
7440,14
7441,10
7442,3
7443,2
7444,4
7445,1
7446,12
7447,13
7448,13
7449,6
7450,11
7451,13
7452,4
7453,11
7454,8
7455,1
7456,9
7457,7
7458,13
7459,10
7460,9
7461,14
7462,4
7463,14
7464,1
7465,4
7466,4
7467,9
7468,14
7469,7
7470,2
7471,7
7472,4
7473,3
7474,7
7475,6
7476,4
7477,5
7478,5
7479,11
7480,12
7481,4
7482,7
7483,4
7484,1
7485,7
7486,2
7487,4
7488,14
7489,4
7490,4
7491,11
7492,7
7493,5
7494,6
7495,11
7496,14
7497,12
7498,12
7499,13
7500,6
7501,14
7502,14
7503,7
7504,13
7505,14
7506,14
7507,6
7508,10
7509,9
7510,6
7511,13
7512,6
7513,7
7514,13
7515,12
7516,10
7517,11
7518,12
7519,4
7520,14
7521,7
7522,13
7523,2
7524,4
7525,9
7526,12
7527,12
7528,7
7529,5
7530,14
7531,11
7532,4
7533,6
7534,11
7535,7
7536,12
7537,12
7538,7
7539,4
7540,10
7541,4
7542,1
7543,4
7544,1
7545,11
7546,12
7547,9
7548,13
7549,14
7550,13
7551,9
7552,7
7553,13
7554,9
7555,12
7556,3
7557,14
7558,12
7559,12
7560,12
7561,1
7562,6
7563,1
7564,4
7565,8
7566,11
7567,7
7568,1
7569,11
7570,12
7571,7
7572,7
7573,10
7574,11
7575,5
7576,11
7577,12
7578,14
7579,6
7580,13
7581,13
7582,4
7583,12
7584,11
7585,11
7586,3
7587,3
7588,10
7589,1
7590,13
7591,7
7592,7
7593,12
7594,3
7595,14
7596,13
7597,6
7598,4
7599,12
7600,14
7601,12
7602,7
7603,10
7604,14
7605,12
7606,12
7607,3
7608,13
7609,4
7610,12
7611,10
7612,5
7613,9
7614,10
7615,10
7616,13
7617,1
7618,9
7619,5
7620,10
7621,7
7622,12
7623,11
7624,12
7625,11
7626,14
7627,13
7628,14
7629,3
7630,14
7631,5
7632,12
7633,4
7634,5
7635,8
7636,14
7637,12
7638,10
7639,12
7640,14
7641,4
7642,4
7643,13
7644,12
7645,14
7646,14
7647,1
7648,9
7649,14
7650,14
7651,9
7652,14
7653,5
7654,9
7655,13
7656,6
7657,13
7658,1
7659,7
7660,4
7661,14
7662,7
7663,9
7664,2
7665,4
7666,11
7667,9
7668,7
7669,5
7670,13
7671,6
7672,14
7673,1
7674,7
7675,6
7676,11
7677,9
7678,14
7679,11
7680,1
7681,4
7682,9
7683,6
7684,3
7685,5
7686,10
7687,12
7688,9
7689,11
7690,7
7691,3
7692,13
7693,12
7694,7
7695,11
7696,4
7697,12
7698,13
7699,7
7700,4
7701,10
7702,4
7703,13
7704,1
7705,5
7706,7
7707,12
7708,4
7709,12
7710,11
7711,6
7712,5
7713,12
7714,13
7715,13
7716,4
7717,1
7718,13
7719,12
7720,1
7721,7
7722,1
7723,1
7724,6
7725,13
7726,4
7727,14
7728,12
7729,7
7730,9
7731,11
7732,14
7733,1
7734,9
7735,1
7736,11
7737,12
7738,5
7739,14
7740,9
7741,12
7742,13
7743,13
7744,12
7745,13
7746,13
7747,7
7748,4
7749,7
7750,1
7751,4
7752,13
7753,14
7754,7
7755,7
7756,1
7757,5
7758,14
7759,7
7760,1
7761,13
7762,1
7763,14
7764,12
7765,14
7766,11
7767,1
7768,11
7769,9
7770,7
7771,14
7772,13
7773,4
7774,14
7775,1
7776,4
7777,7
7778,1
7779,4
7780,11
7781,3
7782,7
7783,12
7784,14
7785,4
7786,4
7787,10
7788,9
7789,14
7790,11
7791,1
7792,7
7793,5
7794,14
7795,12
7796,12
7797,10
7798,7
7799,12
7800,2
7801,7
7802,13
7803,11
7804,10
7805,4
7806,7
7807,13
7808,4
7809,7
7810,1
7811,4
7812,4
7813,12
7814,3
7815,13
7816,6
7817,13
7818,1
7819,13
7820,6
7821,14
7822,14
7823,1
7824,12
7825,4
7826,13
7827,12
7828,4
7829,13
7830,4
7831,5
7832,11
7833,7
7834,3
7835,11
7836,6
7837,9
7838,14
7839,1
7840,14
7841,4
7842,14
7843,12
7844,14
7845,6
7846,7
7847,14
7848,4
7849,13
7850,1
7851,12
7852,4
7853,13
7854,12
7855,10
7856,9
7857,1
7858,7
7859,6
7860,11
7861,4
7862,12
7863,9
7864,13
7865,13
7866,4
7867,9
7868,4
7869,9
7870,13
7871,4
7872,7
7873,7
7874,12
7875,4
7876,14
7877,1
7878,3
7879,12
7880,8
7881,4
7882,10
7883,14
7884,9
7885,1
7886,1
7887,13
7888,7
7889,14
7890,7
7891,11
7892,3
7893,11
7894,9
7895,7
7896,13
7897,6
7898,14
7899,11
7900,4
7901,13
7902,7
7903,4
7904,4
7905,7
7906,13
7907,4
7908,12
7909,1
7910,14
7911,13
7912,6
7913,4
7914,12
7915,12
7916,13
7917,4
7918,1
7919,14
7920,10
7921,14
7922,4
7923,5
7924,14
7925,12
7926,2
7927,4
7928,9
7929,9
7930,6
7931,14
7932,14
7933,1
7934,4
7935,6
7936,12
7937,12
7938,2
7939,13
7940,12
7941,4
7942,11
7943,9
7944,7
7945,7
7946,11
7947,6
7948,14
7949,1
7950,7
7951,11
7952,13
7953,11
7954,9
7955,12
7956,9
7957,10
7958,12
7959,1
7960,13
7961,13
7962,9
7963,2
7964,13
7965,9
7966,13
7967,13
7968,10
7969,14
7970,13
7971,13
7972,10
7973,14
7974,1
7975,14
7976,8
7977,12
7978,13
7979,14
7980,12
7981,12
7982,14
7983,14
7984,7
7985,3
7986,13
7987,13
7988,7
7989,11
7990,4
7991,13
7992,7
7993,7
7994,7
7995,4
7996,9
7997,5
7998,1
7999,9
8000,7
