1,15
2,19
3,12
4,15
5,15
6,6
7,11
8,9
9,6
10,18
11,13
12,5
13,18
14,12
15,5
16,8
17,2
18,12
19,12
20,1
21,9
22,9
23,2
24,18
25,12
26,2
27,11
28,9
29,6
30,1
31,7
32,6
33,8
34,5
35,13
36,1
37,8
38,2
39,13
40,10
41,8
42,7
43,9
44,11
45,2
46,11
47,9
48,9
49,8
50,18
51,18
52,8
53,17
54,11
55,17
56,5
57,1
58,10
59,15
60,5
61,19
62,2
63,8
64,7
65,11
66,10
67,7
68,9
69,13
70,15
71,12
72,9
73,19
74,19
75,12
76,8
77,10
78,5
79,8
80,5
81,5
82,15
83,7
84,15
85,3
86,6
87,13
88,2
89,17
90,19
91,1
92,17
93,2
94,11
95,3
96,7
97,17
98,7
99,9
100,12
101,11
102,15
103,16
104,6
105,9
106,9
107,9
108,3
109,15
110,9
111,12
112,1
113,15
114,7
115,12
116,8
117,9
118,9
119,11
120,8
121,16
122,9
123,12
124,19
125,9
126,17
127,12
128,12
129,2
130,3
131,11
132,19
133,8
134,7
135,5
136,10
137,9
138,8
139,11
140,16
141,11
142,12
143,9
144,11
145,17
146,9
147,15
148,11
149,17
150,18
151,15
152,5
153,1
154,15
155,5
156,18
157,8
158,7
159,7
160,6
161,9
162,9
163,17
164,12
165,11
166,7
167,11
168,19
169,9
170,7
171,11
172,15
173,17
174,5
175,2
176,5
177,17
178,9
179,14
180,12
181,7
182,17
183,11
184,5
185,9
186,3
187,9
188,8
189,1
190,17
191,12
192,5
193,9
194,19
195,18
196,9
197,8
198,15
199,3
200,19
201,5
202,7
203,12
204,5
205,1
206,17
207,17
208,19
209,2
210,17
211,7
212,2
213,11
214,9
215,12
216,11
217,18
218,2
219,12
220,1
221,12
222,16
223,6
224,8
225,5
226,2
227,16
228,7
229,6
230,5
231,8
232,2
233,12
234,2
235,17
236,2
237,6
238,18
239,6
240,1
241,12
242,7
243,9
244,15
245,9
246,12
247,19
248,18
249,12
250,13
251,9
252,9
253,18
254,11
255,8
256,16
257,1
258,12
259,1
260,11
261,12
262,12
263,2
264,17
265,5
266,5
267,12
268,16
269,12
270,12
271,7
272,14
273,9
274,6
275,11
276,12
277,7
278,12
279,5
280,11
281,9
282,11
283,18
284,9
285,9
286,13
287,17
288,9
289,9
290,9
291,7
292,15
293,8
294,9
295,7
296,9
297,18
298,15
299,18
300,8
301,18
302,9
303,2
304,11
305,2
306,12
307,15
308,12
309,9
310,9
311,19
312,19
313,7
314,11
315,9
316,7
317,15
318,5
319,12
320,17
321,15
322,9
323,13
324,15
325,11
326,9
327,18
328,5
329,11
330,13
331,19
332,18
333,11
334,8
335,9
336,16
337,12
338,1
339,10
340,16
341,19
342,15
343,1
344,9
345,12
346,6
347,19
348,1
349,8
350,7
351,1
352,8
353,10
354,10
355,9
356,9
357,18
358,11
359,8
360,15
361,17
362,11
363,7
364,11
365,14
366,11
367,18
368,9
369,10
370,19
371,5
372,9
373,7
374,2
375,8
376,12
377,9
378,9
379,11
380,9
381,6
382,11
383,15
384,18
385,9
386,15
387,6
388,7
389,11
390,11
391,15
392,12
393,2
394,8
395,8
396,7
397,9
398,15
399,19
400,17
401,6
402,15
403,2
404,12
405,15
406,9
407,7
408,5
409,6
410,2
411,7
412,12
413,5
414,17
415,1
416,18
417,9
418,6
419,15
420,14
421,16
422,16
423,15
424,12
425,16
426,9
427,11
428,5
429,9
430,7
431,12
432,11
433,11
434,9
435,11
436,6
437,10
438,11
439,17
440,18
441,7
442,9
443,2
444,9
445,18
446,7
447,12
448,11
449,19
450,17
451,19
452,15
453,6
454,7
455,8
456,8
457,5
458,7
459,12
460,9
461,15
462,2
463,17
464,10
465,9
466,5
467,12
468,8
469,5
470,7
471,9
472,8
473,11
474,13
475,6
476,17
477,9
478,2
479,17
480,11
481,4
482,9
483,9
484,6
485,17
486,17
487,12
488,7
489,6
490,17
491,18
492,7
493,11
494,12
495,1
496,11
497,12
498,2
499,9
500,9
501,9
502,18
503,9
504,18
505,2
506,15
507,11
508,9
509,2
510,11
511,7
512,9
513,17
514,10
515,6
516,12
517,2
518,6
519,11
520,11
521,8
522,12
523,10
524,11
525,8
526,6
527,10
528,16
529,8
530,14
531,5
532,10
533,2
534,10
535,18
536,7
537,13
538,7
539,7
540,11
541,10
542,5
543,12
544,11
545,12
546,15
547,17
548,1
549,12
550,1
551,15
552,2
553,8
554,8
555,9
556,11
557,5
558,9
559,6
560,19
561,12
562,17
563,6
564,17
565,12
566,12
567,5
568,19
569,11
570,17
571,18
572,15
573,9
574,17
575,1
576,9
577,12
578,5
579,11
580,9
581,11
582,19
583,11
584,12
585,2
586,17
587,17
588,10
589,5
590,15
591,15
592,11
593,9
594,7
595,9
596,11
597,5
598,2
599,17
600,12
601,17
602,14
603,4
604,11
605,2
606,9
607,5
608,1
609,5
610,9
611,5
612,9
613,19
614,6
615,7
616,19
617,6
618,2
619,2
620,15
621,8
622,18
623,15
624,17
625,2
626,19
627,14
628,6
629,5
630,14
631,1
632,14
633,11
634,15
635,2
636,1
637,17
638,9
639,8
640,17
641,11
642,1
643,9
644,13
645,2
646,17
647,17
648,5
649,13
650,6
651,5
652,9
653,1
654,15
655,19
656,3
657,12
658,12
659,5
660,2
661,18
662,7
663,9
664,6
665,2
666,8
667,7
668,1
669,15
670,8
671,9
672,2
673,7
674,17
675,3
676,17
677,2
678,17
679,10
680,2
681,5
682,8
683,12
684,9
685,2
686,7
687,8
688,9
689,7
690,5
691,9
692,18
693,14
694,6
695,15
696,7
697,9
698,2
699,15
700,16
701,11
702,2
703,7
704,5
705,8
706,8
707,5
708,7
709,11
710,7
711,4
712,13
713,9
714,11
715,9
716,1
717,1
718,9
719,11
720,7
721,12
722,8
723,12
724,15
725,7
726,7
727,15
728,4
729,17
730,12
731,18
732,5
733,16
734,17
735,15
736,9
737,2
738,3
739,2
740,11
741,13
742,12
743,8
744,19
745,15
746,10
747,8
748,17
749,9
750,5
751,18
752,6
753,11
754,11
755,9
756,1
757,19
758,6
759,6
760,9
761,9
762,7
763,17
764,10
765,6
766,15
767,6
768,12
769,11
770,18
771,2
772,5
773,15
774,9
775,16
776,17
777,11
778,15
779,15
780,15
781,5
782,10
783,2
784,4
785,7
786,15
787,14
788,7
789,13
790,7
791,18
792,2
793,19
794,5
795,5
796,2
797,18
798,12
799,7
800,11
801,1
802,7
803,17
804,14
805,4
806,15
807,5
808,17
809,11
810,11
811,15
812,6
813,11
814,15
815,15
816,18
817,7
818,2
819,18
820,5
821,10
822,6
823,9
824,9
825,15
826,5
827,3
828,17
829,17
830,11
831,2
832,7
833,15
834,12
835,12
836,17
837,6
838,17
839,9
840,4
841,2
842,11
843,1
844,18
845,7
846,7
847,11
848,5
849,18
850,9
851,5
852,5
853,7
854,5
855,11
856,4
857,8
858,15
859,2
860,18
861,9
862,11
863,9
864,12
865,7
866,2
867,5
868,12
869,9
870,6
871,7
872,5
873,3
874,2
875,8
876,2
877,1
878,7
879,11
880,17
881,8
882,10
883,3
884,11
885,14
886,16
887,12
888,2
889,6
890,18
891,7
892,8
893,1
894,1
895,15
896,9
897,9
898,18
899,7
900,7
901,11
902,8
903,2
904,18
905,8
906,11
907,3
908,13
909,11
910,1
911,1
912,15
913,11
914,2
915,17
916,16
917,11
918,15
919,12
920,12
921,6
922,5
923,2
924,17
925,5
926,15
927,9
928,14
929,8
930,8
931,9
932,19
933,2
934,9
935,19
936,7
937,2
938,7
939,4
940,1
941,12
942,4
943,8
944,15
945,1
946,14
947,11
948,9
949,19
950,17
951,19
952,5
953,7
954,7
955,7
956,11
957,4
958,18
959,12
960,15
961,7
962,15
963,1
964,9
965,9
966,19
967,15
968,4
969,15
970,8
971,18
972,7
973,16
974,15
975,15
976,18
977,7
978,18
979,15
980,16
981,17
982,14
983,1
984,9
985,8
986,2
987,18
988,15
989,7
990,9
991,17
992,5
993,9
994,5
995,2
996,7
997,11
998,5
999,1
1000,5
1001,7
1002,10
1003,12
1004,12
1005,19
1006,6
1007,11
1008,12
1009,11
1010,7
1011,8
1012,2
1013,2
1014,7
1015,15
1016,5
1017,18
1018,12
1019,11
1020,8
1021,17
1022,12
1023,8
1024,19
1025,7
1026,14
1027,2
1028,17
1029,3
1030,8
1031,2
1032,1
1033,12
1034,19
1035,15
1036,17
1037,9
1038,10
1039,19
1040,7
1041,2
1042,8
1043,9
1044,5
1045,16
1046,17
1047,10
1048,9
1049,12
1050,4
1051,5
1052,17
1053,8
1054,2
1055,9
1056,11
1057,12
1058,11
1059,2
1060,11
1061,8
1062,1
1063,9
1064,17
1065,8
1066,2
1067,4
1068,17
1069,12
1070,16
1071,9
1072,1
1073,8
1074,4
1075,15
1076,9
1077,17
1078,12
1079,15
1080,6
1081,1
1082,5
1083,7
1084,12
1085,9
1086,10
1087,7
1088,6
1089,1
1090,18
1091,5
1092,5
1093,1
1094,1
1095,13
1096,11
1097,8
1098,17
1099,1
1100,8
1101,7
1102,9
1103,12
1104,19
1105,15
1106,7
1107,9
1108,18
1109,7
1110,2
1111,9
1112,17
1113,12
1114,11
1115,14
1116,18
1117,18
1118,8
1119,5
1120,15
1121,18
1122,6
1123,1
1124,17
1125,15
1126,9
1127,14
1128,9
1129,8
1130,17
1131,6
1132,12
1133,16
1134,11
1135,6
1136,11
1137,2
1138,12
1139,5
1140,7
1141,12
1142,11
1143,2
1144,6
1145,10
1146,9
1147,12
1148,10
1149,7
1150,12
1151,7
1152,11
1153,9
1154,2
1155,7
1156,2
1157,18
1158,1
1159,5
1160,2
1161,18
1162,15
1163,2
1164,19
1165,11
1166,2
1167,15
1168,8
1169,8
1170,7
1171,17
1172,11
1173,11
1174,11
1175,17
1176,12
1177,5
1178,9
1179,18
1180,6
1181,2
1182,16
1183,5
1184,19
1185,8
1186,2
1187,11
1188,12
1189,13
1190,12
1191,15
1192,18
1193,15
1194,2
1195,5
1196,19
1197,9
1198,1
1199,6
1200,11
1201,12
1202,12
1203,16
1204,10
1205,17
1206,17
1207,1
1208,11
1209,6
1210,7
1211,6
1212,9
1213,13
1214,5
1215,12
1216,9
1217,8
1218,7
1219,2
1220,5
1221,12
1222,3
1223,9
1224,7
1225,1
1226,9
1227,15
1228,10
1229,18
1230,19
1231,2
1232,9
1233,10
1234,13
1235,3
1236,8
1237,9
1238,11
1239,17
1240,15
1241,5
1242,1
1243,12
1244,10
1245,15
1246,11
1247,9
1248,6
1249,5
1250,15
1251,5
1252,15
1253,9
1254,7
1255,8
1256,18
1257,17
1258,8
1259,10
1260,10
1261,12
1262,2
1263,1
1264,10
1265,9
1266,12
1267,10
1268,9
1269,5
1270,17
1271,6
1272,5
1273,3
1274,11
1275,9
1276,2
1277,15
1278,15
1279,5
1280,5
1281,11
1282,7
1283,17
1284,15
1285,6
1286,12
1287,15
1288,12
1289,8
1290,15
1291,11
1292,7
1293,7
1294,3
1295,18
1296,6
1297,15
1298,9
1299,9
1300,15
1301,16
1302,7
1303,11
1304,8
1305,11
1306,15
1307,1
1308,1
1309,16
1310,12
1311,12
1312,5
1313,17
1314,8
1315,15
1316,2
1317,12
1318,1
1319,17
1320,12
1321,11
1322,11
1323,11
1324,7
1325,5
1326,12
1327,17
1328,12
1329,4
1330,2
1331,11
1332,9
1333,12
1334,15
1335,5
1336,11
1337,15
1338,11
1339,2
1340,18
1341,15
1342,8
1343,9
1344,5
1345,11
1346,6
1347,1
1348,16
1349,2
1350,18
1351,16
1352,12
1353,2
1354,4
1355,19
1356,7
1357,7
1358,11
1359,15
1360,9
1361,12
1362,7
1363,17
1364,12
1365,6
1366,18
1367,5
1368,8
1369,9
1370,19
1371,17
1372,1
1373,12
1374,8
1375,1
1376,17
1377,13
1378,9
1379,12
1380,12
1381,7
1382,17
1383,5
1384,6
1385,7
1386,18
1387,9
1388,2
1389,9
1390,4
1391,14
1392,1
1393,9
1394,1
1395,2
1396,10
1397,1
1398,18
1399,19
1400,7
1401,19
1402,17
1403,19
1404,10
1405,11
1406,8
1407,11
1408,3
1409,12
1410,8
1411,5
1412,2
1413,17
1414,12
1415,12
1416,8
1417,7
1418,14
1419,7
1420,12
1421,12
1422,7
1423,9
1424,12
1425,11
1426,1
1427,15
1428,2
1429,17
1430,7
1431,15
1432,18
1433,12
1434,12
1435,11
1436,16
1437,8
1438,12
1439,6
1440,3
1441,5
1442,6
1443,14
1444,12
1445,15
1446,3
1447,1
1448,15
1449,18
1450,5
1451,8
1452,14
1453,17
1454,12
1455,8
1456,10
1457,12
1458,9
1459,8
1460,4
1461,16
1462,8
1463,5
1464,2
1465,6
1466,5
1467,11
1468,5
1469,17
1470,18
1471,12
1472,7
1473,7
1474,1
1475,2
1476,5
1477,12
1478,8
1479,7
1480,2
1481,3
1482,5
1483,5
1484,9
1485,2
1486,18
1487,17
1488,9
1489,2
1490,11
1491,19
1492,10
1493,17
1494,8
1495,1
1496,7
1497,10
1498,12
1499,15
1500,10
1501,18
1502,2
1503,17
1504,19
1505,15
1506,8
1507,12
1508,8
1509,5
1510,12
1511,2
1512,9
1513,15
1514,7
1515,19
1516,18
1517,10
1518,15
1519,8
1520,8
1521,9
1522,5
1523,18
1524,18
1525,1
1526,18
1527,18
1528,12
1529,6
1530,7
1531,19
1532,1
1533,8
1534,7
1535,18
1536,9
1537,12
1538,2
1539,1
1540,16
1541,11
1542,7
1543,18
1544,15
1545,17
1546,6
1547,17
1548,15
1549,1
1550,13
1551,2
1552,7
1553,1
1554,10
1555,11
1556,6
1557,5
1558,7
1559,15
1560,1
1561,7
1562,6
1563,9
1564,5
1565,8
1566,6
1567,1
1568,15
1569,12
1570,8
1571,13
1572,9
1573,11
1574,9
1575,8
1576,8
1577,15
1578,1
1579,12
1580,12
1581,4
1582,7
1583,2
1584,9
1585,6
1586,1
1587,8
1588,7
1589,19
1590,2
1591,7
1592,9
1593,7
1594,8
1595,15
1596,14
1597,12
1598,3
1599,9
1600,17
1601,12
1602,12
1603,8
1604,7
1605,7
1606,8
1607,15
1608,8
1609,9
1610,12
1611,9
1612,16
1613,5
1614,19
1615,12
1616,5
1617,12
1618,8
1619,19
1620,4
1621,10
1622,7
1623,10
1624,7
1625,15
1626,17
1627,16
1628,6
1629,10
1630,1
1631,14
1632,9
1633,12
1634,8
1635,18
1636,7
1637,7
1638,7
1639,5
1640,12
1641,10
1642,7
1643,8
1644,1
1645,12
1646,2
1647,18
1648,12
1649,11
1650,15
1651,9
1652,2
1653,5
1654,15
1655,2
1656,9
1657,2
1658,15
1659,11
1660,18
1661,5
1662,8
1663,1
1664,12
1665,8
1666,14
1667,12
1668,11
1669,13
1670,9
1671,8
1672,12
1673,15
1674,12
1675,18
1676,9
1677,12
1678,7
1679,5
1680,11
1681,11
1682,3
1683,9
1684,8
1685,9
1686,6
1687,11
1688,6
1689,7
1690,2
1691,14
1692,8
1693,8
1694,6
1695,2
1696,18
1697,5
1698,8
1699,12
1700,12
1701,5
1702,19
1703,15
1704,2
1705,11
1706,12
1707,18
1708,3
1709,2
1710,8
1711,1
1712,12
1713,19
1714,9
1715,12
1716,1
1717,19
1718,19
1719,17
1720,9
1721,18
1722,12
1723,15
1724,2
1725,8
1726,7
1727,5
1728,12
1729,17
1730,17
1731,11
1732,12
1733,11
1734,2
1735,19
1736,10
1737,17
1738,17
1739,3
1740,14
1741,3
1742,7
1743,13
1744,8
1745,5
1746,3
1747,8
1748,17
1749,7
1750,19
1751,18
1752,15
1753,5
1754,9
1755,12
1756,9
1757,9
1758,10
1759,1
1760,3
1761,15
1762,3
1763,8
1764,17
1765,7
1766,1
1767,8
1768,17
1769,7
1770,17
1771,5
1772,2
1773,1
1774,17
1775,12
1776,11
1777,18
1778,14
1779,12
1780,8
1781,8
1782,1
1783,12
1784,9
1785,6
1786,8
1787,5
1788,9
1789,9
1790,7
1791,11
1792,9
1793,8
1794,11
1795,12
1796,15
1797,10
1798,5
1799,9
1800,19
1801,5
1802,19
1803,15
1804,11
1805,12
1806,7
1807,2
1808,11
1809,17
1810,5
1811,17
1812,5
1813,6
1814,15
1815,1
1816,7
1817,12
1818,12
1819,9
1820,12
1821,17
1822,9
1823,9
1824,19
1825,15
1826,12
1827,1
1828,11
1829,7
1830,4
1831,19
1832,5
1833,10
1834,17
1835,10
1836,9
1837,15
1838,17
1839,11
1840,8
1841,15
1842,1
1843,8
1844,17
1845,10
1846,1
1847,11
1848,15
1849,10
1850,16
1851,8
1852,15
1853,15
1854,9
1855,1
1856,12
1857,7
1858,9
1859,2
1860,16
1861,1
1862,19
1863,9
1864,13
1865,18
1866,1
1867,8
1868,15
1869,1
1870,7
1871,1
1872,11
1873,18
1874,7
1875,8
1876,8
1877,12
1878,12
1879,12
1880,19
1881,15
1882,2
1883,14
1884,9
1885,10
1886,9
1887,10
1888,10
1889,11
1890,8
1891,15
1892,18
1893,12
1894,12
1895,5
1896,2
1897,14
1898,19
1899,17
1900,1
1901,18
1902,5
1903,11
1904,8
1905,16
1906,12
1907,19
1908,15
1909,5
1910,7
1911,12
1912,15
1913,9
1914,9
1915,5
1916,9
1917,11
1918,9
1919,17
1920,12
1921,5
1922,9
1923,12
1924,18
1925,5
1926,2
1927,5
1928,8
1929,8
1930,11
1931,2
1932,9
1933,5
1934,15
1935,15
1936,17
1937,12
1938,7
1939,15
1940,18
1941,13
1942,18
1943,12
1944,12
1945,19
1946,15
1947,17
1948,1
1949,8
1950,6
1951,3
1952,15
1953,16
1954,15
1955,18
1956,12
1957,12
1958,15
1959,10
1960,7
1961,1
1962,12
1963,17
1964,12
1965,15
1966,11
1967,11
1968,1
1969,9
1970,2
1971,18
1972,6
1973,12
1974,10
1975,5
1976,8
1977,8
1978,7
1979,12
1980,19
1981,17
1982,5
1983,12
1984,1
1985,1
1986,10
1987,8
1988,6
1989,5
1990,5
1991,8
1992,15
1993,9
1994,16
1995,8
1996,19
1997,10
1998,1
1999,16
2000,11
2001,2
2002,11
2003,11
2004,8
2005,9
2006,16
2007,1
2008,12
2009,17
2010,1
2011,9
2012,13
2013,12
2014,5
2015,19
2016,18
2017,12
2018,13
2019,11
2020,8
2021,1
2022,2
2023,11
2024,7
2025,19
2026,12
2027,8
2028,3
2029,6
2030,9
2031,6
2032,2
2033,7
2034,11
2035,17
2036,7
2037,12
2038,16
2039,8
2040,4
2041,14
2042,2
2043,12
2044,11
2045,10
2046,2
2047,19
2048,10
2049,15
2050,9
2051,5
2052,14
2053,8
2054,9
2055,7
2056,1
2057,17
2058,12
2059,1
2060,17
2061,11
2062,5
2063,5
2064,2
2065,6
2066,5
2067,9
2068,15
2069,19
2070,1
2071,8
2072,5
2073,5
2074,8
2075,7
2076,16
2077,12
2078,3
2079,9
2080,9
2081,11
2082,1
2083,17
2084,3
2085,1
2086,2
2087,1
2088,7
2089,7
2090,2
2091,9
2092,3
2093,11
2094,9
2095,3
2096,16
2097,19
2098,11
2099,8
2100,13
2101,7
2102,17
2103,8
2104,8
2105,10
2106,19
2107,16
2108,14
2109,17
2110,7
2111,17
2112,19
2113,5
2114,12
2115,19
2116,14
2117,10
2118,7
2119,9
2120,2
2121,17
2122,5
2123,17
2124,18
2125,9
2126,15
2127,17
2128,19
2129,7
2130,10
2131,6
2132,18
2133,12
2134,16
2135,17
2136,15
2137,17
2138,6
2139,17
2140,14
2141,7
2142,10
2143,2
2144,18
2145,19
2146,8
2147,18
2148,8
2149,18
2150,12
2151,17
2152,5
2153,9
2154,6
2155,9
2156,16
2157,8
2158,9
2159,18
2160,12
2161,18
2162,12
2163,18
2164,15
2165,5
2166,15
2167,8
2168,16
2169,18
2170,11
2171,11
2172,12
2173,15
2174,17
2175,1
2176,5
2177,9
2178,18
2179,12
2180,11
2181,15
2182,17
2183,8
2184,7
2185,3
2186,10
2187,19
2188,12
2189,12
2190,10
2191,5
2192,1
2193,11
2194,17
2195,8
2196,13
2197,10
2198,17
2199,19
2200,18
2201,15
2202,9
2203,11
2204,2
2205,4
2206,12
2207,5
2208,9
2209,8
2210,12
2211,11
2212,7
2213,11
2214,15
2215,6
2216,4
2217,18
2218,12
2219,10
2220,11
2221,11
2222,9
2223,11
2224,1
2225,3
2226,13
2227,19
2228,12
2229,5
2230,2
2231,3
2232,5
2233,17
2234,17
2235,19
2236,15
2237,11
2238,9
2239,9
2240,17
2241,18
2242,15
2243,2
2244,11
2245,2
2246,5
2247,2
2248,16
2249,12
2250,2
2251,11
2252,11
2253,16
2254,16
2255,16
2256,19
2257,7
2258,11
2259,12
2260,11
2261,15
2262,12
2263,12
2264,10
2265,11
2266,8
2267,1
2268,9
2269,7
2270,5
2271,12
2272,19
2273,17
2274,1
2275,12
2276,17
2277,11
2278,11
2279,8
2280,17
2281,13
2282,9
2283,7
2284,6
2285,2
2286,5
2287,2
2288,8
2289,11
2290,12
2291,8
2292,5
2293,9
2294,4
2295,11
2296,8
2297,18
2298,9
2299,2
2300,19
2301,15
2302,15
2303,15
2304,12
2305,9
2306,2
2307,2
2308,15
2309,12
2310,2
2311,4
2312,18
2313,11
2314,6
2315,17
2316,11
2317,17
2318,10
2319,17
2320,9
2321,18
2322,19
2323,8
2324,18
2325,1
2326,12
2327,11
2328,5
2329,9
2330,2
2331,10
2332,17
2333,8
2334,7
2335,1
2336,11
2337,12
2338,18
2339,8
2340,8
2341,9
2342,12
2343,10
2344,9
2345,12
2346,11
2347,12
2348,16
2349,12
2350,16
2351,11
2352,11
2353,7
2354,11
2355,17
2356,19
2357,7
2358,15
2359,9
2360,17
2361,12
2362,11
2363,17
2364,9
2365,12
2366,12
2367,11
2368,17
2369,3
2370,1
2371,2
2372,12
2373,8
2374,2
2375,9
2376,9
2377,5
2378,13
2379,12
2380,9
2381,7
2382,13
2383,15
2384,8
2385,2
2386,9
2387,18
2388,7
2389,14
2390,19
2391,15
2392,6
2393,8
2394,2
2395,9
2396,6
2397,6
2398,15
2399,15
2400,12
2401,7
2402,19
2403,12
2404,11
2405,5
2406,16
2407,5
2408,18
2409,18
2410,14
2411,9
2412,15
2413,11
2414,1
2415,12
2416,7
2417,5
2418,11
2419,8
2420,11
2421,19
2422,1
2423,2
2424,17
2425,9
2426,6
2427,7
2428,12
2429,12
2430,1
2431,6
2432,5
2433,12
2434,18
2435,10
2436,10
2437,18
2438,19
2439,8
2440,12
2441,2
2442,11
2443,19
2444,1
2445,18
2446,9
2447,5
2448,6
2449,10
2450,2
2451,14
2452,7
2453,11
2454,6
2455,1
2456,18
2457,5
2458,9
2459,12
2460,11
2461,6
2462,9
2463,6
2464,1
2465,2
2466,1
2467,11
2468,17
2469,17
2470,19
2471,9
2472,8
2473,16
2474,11
2475,17
2476,5
2477,2
2478,10
2479,12
2480,18
2481,11
2482,19
2483,5
2484,7
2485,11
2486,8
2487,1
2488,8
2489,7
2490,16
2491,8
2492,15
2493,19
2494,7
2495,9
2496,5
2497,1
2498,2
2499,9
2500,7
2501,1
2502,17
2503,17
2504,1
2505,17
2506,8
2507,4
2508,8
2509,8
2510,12
2511,19
2512,9
2513,12
2514,13
2515,17
2516,10
2517,7
2518,7
2519,6
2520,1
2521,9
2522,9
2523,13
2524,6
2525,19
2526,17
2527,17
2528,9
2529,19
2530,9
2531,19
2532,9
2533,18
2534,11
2535,9
2536,1
2537,15
2538,6
2539,2
2540,1
2541,10
2542,17
2543,7
2544,5
2545,12
2546,2
2547,7
2548,5
2549,8
2550,7
2551,19
2552,18
2553,10
2554,6
2555,6
2556,18
2557,6
2558,15
2559,5
2560,7
2561,9
2562,19
2563,7
2564,4
2565,1
2566,17
2567,9
2568,5
2569,8
2570,18
2571,11
2572,12
2573,2
2574,13
2575,2
2576,2
2577,2
2578,12
2579,17
2580,8
2581,15
2582,17
2583,6
2584,15
2585,2
2586,6
2587,17
2588,15
2589,17
2590,13
2591,16
2592,7
2593,7
2594,17
2595,8
2596,15
2597,17
2598,12
2599,2
2600,5
2601,9
2602,9
2603,9
2604,9
2605,5
2606,6
2607,17
2608,11
2609,12
2610,5
2611,12
2612,7
2613,14
2614,13
2615,2
2616,18
2617,15
2618,8
2619,17
2620,15
2621,15
2622,19
2623,2
2624,5
2625,15
2626,1
2627,3
2628,5
2629,18
2630,18
2631,7
2632,9
2633,3
2634,1
2635,9
2636,8
2637,16
2638,9
2639,18
2640,8
2641,11
2642,8
2643,8
2644,3
2645,18
2646,11
2647,18
2648,12
2649,15
2650,12
2651,13
2652,2
2653,9
2654,9
2655,5
2656,17
2657,12
2658,1
2659,19
2660,2
2661,9
2662,9
2663,9
2664,6
2665,9
2666,18
2667,5
2668,9
2669,17
2670,1
2671,13
2672,6
2673,10
2674,9
2675,7
2676,5
2677,10
2678,6
2679,15
2680,1
2681,9
2682,12
2683,5
2684,12
2685,1
2686,13
2687,12
2688,1
2689,5
2690,12
2691,19
2692,9
2693,9
2694,14
2695,6
2696,2
2697,3
2698,5
2699,8
2700,15
2701,9
2702,2
2703,8
2704,5
2705,8
2706,8
2707,11
2708,11
2709,15
2710,15
2711,3
2712,1
2713,12
2714,11
2715,9
2716,1
2717,12
2718,18
2719,2
2720,1
2721,2
2722,11
2723,7
2724,10
2725,12
2726,8
2727,9
2728,4
2729,6
2730,12
2731,4
2732,16
2733,17
2734,10
2735,12
2736,17
2737,2
2738,5
2739,9
2740,11
2741,2
2742,9
2743,6
2744,5
2745,1
2746,11
2747,7
2748,17
2749,9
2750,5
2751,5
2752,7
2753,9
2754,11
2755,8
2756,1
2757,12
2758,8
2759,6
2760,17
2761,9
2762,11
2763,11
2764,17
2765,6
2766,9
2767,6
2768,1
2769,2
2770,14
2771,4
2772,12
2773,7
2774,18
2775,17
2776,18
2777,16
2778,5
2779,9
2780,8
2781,5
2782,15
2783,15
2784,13
2785,6
2786,1
2787,15
2788,3
2789,6
2790,9
2791,15
2792,14
2793,3
2794,15
2795,5
2796,6
2797,12
2798,16
2799,9
2800,11
2801,12
2802,6
2803,11
2804,12
2805,5
2806,12
2807,5
2808,18
2809,9
2810,12
2811,10
2812,11
2813,6
2814,19
2815,15
2816,16
2817,12
2818,2
2819,17
2820,12
2821,1
2822,8
2823,6
2824,9
2825,8
2826,13
2827,10
2828,12
2829,5
2830,11
2831,17
2832,15
2833,7
2834,7
2835,15
2836,2
2837,17
2838,1
2839,6
2840,5
2841,17
2842,11
2843,10
2844,7
2845,9
2846,2
2847,6
2848,6
2849,5
2850,17
2851,2
2852,8
2853,6
2854,15
2855,18
2856,9
2857,19
2858,5
2859,7
2860,2
2861,11
2862,5
2863,7
2864,11
2865,13
2866,2
2867,7
2868,1
2869,2
2870,12
2871,6
2872,18
2873,15
2874,4
2875,14
2876,9
2877,15
2878,2
2879,9
2880,5
2881,9
2882,9
2883,19
2884,1
2885,9
2886,11
2887,2
2888,5
2889,9
2890,9
2891,7
2892,9
2893,14
2894,2
2895,2
2896,17
2897,2
2898,14
2899,11
2900,13
2901,9
2902,15
2903,7
2904,1
2905,10
2906,8
2907,8
2908,7
2909,12
2910,7
2911,19
2912,18
2913,12
2914,2
2915,9
2916,15
2917,16
2918,15
2919,17
2920,15
2921,15
2922,18
2923,12
2924,12
2925,6
2926,12
2927,13
2928,19
2929,12
2930,15
2931,8
2932,9
2933,12
2934,7
2935,15
2936,12
2937,9
2938,2
2939,12
2940,17
2941,7
2942,7
2943,19
2944,13
2945,8
2946,5
2947,15
2948,3
2949,2
2950,15
2951,18
2952,7
2953,17
2954,17
2955,12
2956,19
2957,7
2958,8
2959,10
2960,7
2961,15
2962,15
2963,8
2964,3
2965,2
2966,12
2967,7
2968,12
2969,7
2970,1
2971,7
2972,7
2973,5
2974,8
2975,4
2976,18
2977,8
2978,5
2979,18
2980,17
2981,5
2982,6
2983,2
2984,6
2985,18
2986,9
2987,12
2988,16
2989,1
2990,14
2991,12
2992,1
2993,2
2994,9
2995,13
2996,7
2997,2
2998,11
2999,8
3000,1
3001,18
3002,19
3003,8
3004,3
3005,12
3006,7
3007,7
3008,15
3009,2
3010,14
3011,1
3012,19
3013,15
3014,12
3015,12
3016,9
3017,5
3018,12
3019,5
3020,12
3021,17
3022,8
3023,19
3024,8
3025,8
3026,2
3027,2
3028,12
3029,11
3030,17
3031,9
3032,2
3033,13
3034,17
3035,5
3036,5
3037,15
3038,17
3039,9
3040,5
3041,15
3042,2
3043,1
3044,8
3045,17
3046,15
3047,8
3048,7
3049,15
3050,12
3051,17
3052,8
3053,17
3054,2
3055,6
3056,2
3057,1
3058,12
3059,17
3060,18
3061,2
3062,5
3063,9
3064,2
3065,14
3066,5
3067,14
3068,11
3069,13
3070,4
3071,12
3072,12
3073,9
3074,11
3075,17
3076,8
3077,8
3078,6
3079,2
3080,6
3081,14
3082,15
3083,17
3084,12
3085,5
3086,11
3087,13
3088,15
3089,8
3090,11
3091,19
3092,5
3093,18
3094,10
3095,6
3096,5
3097,17
3098,6
3099,4
3100,8
3101,17
3102,6
3103,3
3104,12
3105,17
3106,9
3107,9
3108,18
3109,14
3110,8
3111,17
3112,7
3113,2
3114,6
3115,9
3116,5
3117,8
3118,14
3119,6
3120,17
3121,1
3122,17
3123,12
3124,8
3125,1
3126,19
3127,19
3128,7
3129,12
3130,6
3131,5
3132,16
3133,5
3134,14
3135,7
3136,1
3137,9
3138,19
3139,12
3140,11
3141,8
3142,9
3143,9
3144,12
3145,7
3146,2
3147,12
3148,2
3149,13
3150,2
3151,4
3152,18
3153,6
3154,9
3155,2
3156,5
3157,2
3158,10
3159,7
3160,5
3161,9
3162,9
3163,6
3164,8
3165,6
3166,12
3167,11
3168,2
3169,9
3170,2
3171,13
3172,8
3173,5
3174,11
3175,18
3176,11
3177,9
3178,9
3179,18
3180,3
3181,12
3182,15
3183,10
3184,15
3185,1
3186,5
3187,11
3188,18
3189,5
3190,10
3191,8
3192,15
3193,1
3194,1
3195,3
3196,9
3197,9
3198,5
3199,2
3200,10
3201,12
3202,2
3203,1
3204,9
3205,19
3206,5
3207,7
3208,5
3209,2
3210,8
3211,18
3212,9
3213,7
3214,11
3215,7
3216,9
3217,17
3218,15
3219,1
3220,11
3221,8
3222,9
3223,9
3224,5
3225,2
3226,7
3227,14
3228,16
3229,11
3230,2
3231,9
3232,17
3233,9
3234,18
3235,18
3236,11
3237,14
3238,11
3239,15
3240,5
3241,11
3242,8
3243,10
3244,7
3245,12
3246,9
3247,18
3248,19
3249,17
3250,8
3251,12
3252,9
3253,18
3254,9
3255,17
3256,12
3257,7
3258,17
3259,1
3260,12
3261,7
3262,12
3263,15
3264,13
3265,8
3266,11
3267,6
3268,12
3269,8
3270,1
3271,12
3272,18
3273,2
3274,12
3275,10
3276,11
3277,9
3278,12
3279,9
3280,5
3281,9
3282,6
3283,15
3284,12
3285,7
3286,9
3287,7
3288,5
3289,1
3290,16
3291,5
3292,15
3293,12
3294,11
3295,18
3296,7
3297,2
3298,12
3299,12
3300,15
3301,2
3302,19
3303,12
3304,10
3305,15
3306,11
3307,1
3308,5
3309,9
3310,17
3311,7
3312,1
3313,1
3314,16
3315,12
3316,2
3317,12
3318,19
3319,15
3320,8
3321,6
3322,8
3323,6
3324,5
3325,19
3326,17
3327,7
3328,6
3329,6
3330,3
3331,12
3332,5
3333,9
3334,8
3335,7
3336,8
3337,5
3338,18
3339,15
3340,5
3341,1
3342,11
3343,19
3344,9
3345,3
3346,13
3347,11
3348,10
3349,2
3350,12
3351,3
3352,9
3353,12
3354,9
3355,13
3356,9
3357,9
3358,6
3359,9
3360,11
3361,11
3362,16
3363,15
3364,19
3365,18
3366,7
3367,11
3368,19
3369,14
3370,5
3371,9
3372,16
3373,17
3374,13
3375,5
3376,6
3377,17
3378,15
3379,1
3380,13
3381,1
3382,8
3383,8
3384,9
3385,17
3386,2
3387,14
3388,9
3389,9
3390,9
3391,7
3392,7
3393,11
3394,11
3395,13
3396,8
3397,15
3398,14
3399,15
3400,2
3401,1
3402,15
3403,12
3404,4
3405,7
3406,1
3407,11
3408,7
3409,5
3410,1
3411,6
3412,12
3413,8
3414,16
3415,15
3416,15
3417,4
3418,7
3419,18
3420,12
3421,1
3422,15
3423,12
3424,5
3425,19
3426,9
3427,2
3428,10
3429,12
3430,18
3431,12
3432,12
3433,2
3434,2
3435,6
3436,12
3437,13
3438,15
3439,8
3440,18
3441,8
3442,9
3443,2
3444,17
3445,11
3446,12
3447,9
3448,15
3449,8
3450,9
3451,7
3452,10
3453,12
3454,11
3455,17
3456,12
3457,1
3458,6
3459,17
3460,10
3461,11
3462,9
3463,17
3464,2
3465,2
3466,3
3467,2
3468,4
3469,7
3470,9
3471,11
3472,9
3473,9
3474,7
3475,17
3476,7
3477,8
3478,11
3479,15
3480,8
3481,8
3482,15
3483,7
3484,5
3485,12
3486,9
3487,8
3488,12
3489,18
3490,7
3491,13
3492,15
3493,9
3494,5
3495,15
3496,12
3497,12
3498,2
3499,11
3500,1
3501,18
3502,12
3503,9
3504,1
3505,17
3506,17
3507,2
3508,3
3509,2
3510,6
3511,9
3512,9
3513,13
3514,19
3515,5
3516,1
3517,19
3518,2
3519,6
3520,2
3521,2
3522,3
3523,10
3524,8
3525,12
3526,8
3527,9
3528,10
3529,10
3530,19
3531,11
3532,2
3533,2
3534,12
3535,1
3536,2
3537,11
3538,17
3539,15
3540,15
3541,1
3542,16
3543,6
3544,17
3545,18
3546,7
3547,6
3548,18
3549,4
3550,14
3551,18
3552,1
3553,17
3554,11
3555,8
3556,9
3557,3
3558,5
3559,2
3560,2
3561,12
3562,9
3563,8
3564,9
3565,6
3566,5
3567,9
3568,9
3569,2
3570,15
3571,11
3572,8
3573,11
3574,5
3575,18
3576,5
3577,15
3578,9
3579,12
3580,2
3581,11
3582,8
3583,11
3584,11
3585,7
3586,9
3587,7
3588,8
3589,11
3590,8
3591,7
3592,10
3593,17
3594,6
3595,5
3596,11
3597,11
3598,7
3599,12
3600,1
3601,6
3602,12
3603,9
3604,11
3605,1
3606,1
3607,11
3608,11
3609,7
3610,2
3611,1
3612,11
3613,19
3614,5
3615,1
3616,11
3617,1
3618,8
3619,1
3620,11
3621,12
3622,8
3623,12
3624,13
3625,8
3626,12
3627,11
3628,16
3629,18
3630,2
3631,7
3632,11
3633,9
3634,2
3635,18
3636,18
3637,17
3638,9
3639,12
3640,7
3641,19
3642,8
3643,9
3644,15
3645,8
3646,2
3647,10
3648,12
3649,10
3650,8
3651,5
3652,15
3653,15
3654,11
3655,11
3656,17
3657,7
3658,17
3659,17
3660,15
3661,12
3662,17
3663,17
3664,17
3665,11
3666,18
3667,7
3668,12
3669,8
3670,17
3671,16
3672,11
3673,11
3674,1
3675,6
3676,12
3677,7
3678,11
3679,16
3680,12
3681,6
3682,2
3683,18
3684,11
3685,6
3686,11
3687,2
3688,6
3689,9
3690,8
3691,1
3692,3
3693,5
3694,19
3695,9
3696,7
3697,12
3698,9
3699,17
3700,12
3701,8
3702,9
3703,1
3704,9
3705,9
3706,9
3707,15
3708,10
3709,7
3710,12
3711,18
3712,9
3713,9
3714,3
3715,12
3716,12
3717,17
3718,15
3719,12
3720,8
3721,12
3722,17
3723,17
3724,2
3725,9
3726,18
3727,12
3728,8
3729,11
3730,5
3731,6
3732,12
3733,19
3734,12
3735,9
3736,2
3737,12
3738,11
3739,18
3740,10
3741,5
3742,15
3743,8
3744,11
3745,9
3746,18
3747,11
3748,15
3749,1
3750,17
3751,1
3752,7
3753,12
3754,13
3755,19
3756,15
3757,12
3758,5
3759,12
3760,11
3761,12
3762,11
3763,12
3764,4
3765,15
3766,9
3767,8
3768,2
3769,8
3770,17
3771,9
3772,7
3773,1
3774,2
3775,6
3776,19
3777,9
3778,5
3779,13
3780,5
3781,2
3782,5
3783,9
3784,11
3785,19
3786,19
3787,18
3788,6
3789,19
3790,9
3791,12
3792,2
3793,6
3794,4
3795,7
3796,18
3797,17
3798,2
3799,1
3800,15
3801,17
3802,8
3803,15
3804,12
3805,3
3806,5
3807,17
3808,15
3809,8
3810,12
3811,2
3812,1
3813,15
3814,10
3815,8
3816,12
3817,12
3818,7
3819,13
3820,15
3821,8
3822,12
3823,11
3824,18
3825,15
3826,12
3827,17
3828,17
3829,17
3830,19
3831,12
3832,6
3833,18
3834,11
3835,15
3836,5
3837,12
3838,15
3839,12
3840,6
3841,9
3842,10
3843,10
3844,12
3845,5
3846,12
3847,12
3848,5
3849,7
3850,19
3851,12
3852,13
3853,11
3854,11
3855,16
3856,9
3857,3
3858,17
3859,18
3860,11
3861,15
3862,11
3863,8
3864,9
3865,9
3866,15
3867,12
3868,1
3869,2
3870,12
3871,18
3872,6
3873,11
3874,12
3875,15
3876,9
3877,2
3878,8
3879,1
3880,18
3881,9
3882,12
3883,8
3884,1
3885,6
3886,18
3887,5
3888,2
3889,7
3890,12
3891,1
3892,5
3893,12
3894,17
3895,15
3896,2
3897,2
3898,19
3899,10
3900,5
3901,10
3902,12
3903,9
3904,19
3905,1
3906,12
3907,6
3908,15
3909,5
3910,11
3911,11
3912,9
3913,17
3914,12
3915,2
3916,12
3917,9
3918,5
3919,2
3920,15
3921,9
3922,2
3923,12
3924,6
3925,7
3926,8
3927,9
3928,10
3929,6
3930,17
3931,15
3932,9
3933,18
3934,12
3935,11
3936,5
3937,15
3938,8
3939,8
3940,5
3941,3
3942,15
3943,5
3944,19
3945,10
3946,8
3947,6
3948,11
3949,12
3950,8
3951,9
3952,9
3953,17
3954,19
3955,19
3956,17
3957,10
3958,2
3959,11
3960,5
3961,6
3962,16
3963,9
3964,2
3965,1
3966,8
3967,2
3968,15
3969,10
3970,2
3971,8
3972,19
3973,2
3974,9
3975,5
3976,15
3977,12
3978,2
3979,8
3980,17
3981,12
3982,2
3983,10
3984,11
3985,17
3986,5
3987,19
3988,12
3989,12
3990,10
3991,12
3992,7
3993,7
3994,18
3995,1
3996,9
3997,12
3998,10
3999,5
4000,11
4001,9
4002,7
4003,2
4004,15
4005,5
4006,11
4007,5
4008,8
4009,12
4010,9
4011,7
4012,9
4013,5
4014,18
4015,12
4016,7
4017,12
4018,12
4019,6
4020,7
4021,1
4022,8
4023,8
4024,9
4025,15
4026,13
4027,8
4028,17
4029,12
4030,12
4031,5
4032,11
4033,18
4034,2
4035,12
4036,12
4037,4
4038,9
4039,12
4040,18
4041,9
4042,7
4043,5
4044,9
4045,12
4046,12
4047,19
4048,2
4049,6
4050,12
4051,8
4052,5
4053,1
4054,12
4055,2
4056,12
4057,9
4058,18
4059,9
4060,12
4061,11
4062,15
4063,19
4064,5
4065,10
4066,1
4067,10
4068,5
4069,1
4070,5
4071,19
4072,18
4073,7
4074,19
4075,5
4076,8
4077,2
4078,8
4079,12
4080,15
4081,16
4082,5
4083,5
4084,12
4085,6
4086,15
4087,17
4088,15
4089,15
4090,16
4091,17
4092,15
4093,9
4094,7
4095,8
4096,19
4097,17
4098,12
4099,12
4100,9
4101,11
4102,2
4103,7
4104,2
4105,16
4106,19
4107,5
4108,15
4109,15
4110,12
4111,9
4112,12
4113,9
4114,18
4115,7
4116,9
4117,2
4118,14
4119,2
4120,13
4121,18
4122,2
4123,5
4124,2
4125,19
4126,7
4127,9
4128,12
4129,7
4130,1
4131,6
4132,4
4133,6
4134,18
4135,17
4136,11
4137,7
4138,14
4139,11
4140,7
4141,15
4142,7
4143,12
4144,18
4145,2
4146,5
4147,15
4148,12
4149,9
4150,11
4151,4
4152,19
4153,17
4154,11
4155,5
4156,12
4157,7
4158,11
4159,9
4160,12
4161,9
4162,17
4163,12
4164,9
4165,1
4166,9
4167,1
4168,15
4169,18
4170,12
4171,10
4172,12
4173,9
4174,17
4175,2
4176,11
4177,17
4178,9
4179,12
4180,2
4181,7
4182,5
4183,8
4184,9
4185,12
4186,12
4187,12
4188,15
4189,15
4190,18
4191,6
4192,11
4193,9
4194,14
4195,11
4196,1
4197,19
4198,2
4199,9
4200,5
4201,19
4202,8
4203,10
4204,18
4205,17
4206,10
4207,19
4208,18
4209,11
4210,7
4211,11
4212,7
4213,9
4214,7
4215,9
4216,9
4217,12
4218,5
4219,19
4220,12
4221,8
4222,19
4223,6
4224,5
4225,11
4226,1
4227,16
4228,15
4229,11
4230,2
4231,18
4232,8
4233,1
4234,12
4235,9
4236,14
4237,1
4238,13
4239,17
4240,1
4241,12
4242,9
4243,12
4244,7
4245,1
4246,9
4247,19
4248,11
4249,18
4250,17
4251,4
4252,11
4253,7
4254,18
4255,12
4256,17
4257,9
4258,2
4259,9
4260,15
4261,8
4262,19
4263,11
4264,6
4265,2
4266,9
4267,7
4268,1
4269,5
4270,10
4271,15
4272,11
4273,9
4274,16
4275,8
4276,9
4277,12
4278,5
4279,11
4280,6
4281,11
4282,12
4283,19
4284,12
4285,17
4286,12
4287,5
4288,11
4289,11
4290,11
4291,9
4292,19
4293,1
4294,7
4295,11
4296,18
4297,11
4298,3
4299,11
4300,8
4301,11
4302,9
4303,7
4304,12
4305,9
4306,18
4307,6
4308,15
4309,5
4310,9
4311,7
4312,10
4313,13
4314,15
4315,18
4316,19
4317,12
4318,15
4319,6
4320,5
4321,17
4322,6
4323,15
4324,19
4325,18
4326,9
4327,6
4328,4
4329,7
4330,6
4331,5
4332,18
4333,8
4334,8
4335,17
4336,2
4337,12
4338,17
4339,5
4340,7
4341,5
4342,5
4343,9
4344,5
4345,10
4346,17
4347,17
4348,6
4349,11
4350,9
4351,15
4352,6
4353,12
4354,3
4355,9
4356,9
4357,2
4358,6
4359,12
4360,15
4361,5
4362,7
4363,15
4364,9
4365,12
4366,5
4367,8
4368,1
4369,8
4370,15
4371,12
4372,19
4373,19
4374,13
4375,4
4376,5
4377,7
4378,19
4379,11
4380,18
4381,5
4382,2
4383,2
4384,2
4385,1
4386,9
4387,19
4388,15
4389,10
4390,8
4391,9
4392,19
4393,10
4394,18
4395,15
4396,2
4397,12
4398,8
4399,11
4400,7
4401,6
4402,11
4403,12
4404,12
4405,2
4406,15
4407,9
4408,15
4409,11
4410,1
4411,1
4412,19
4413,3
4414,3
4415,15
4416,17
4417,1
4418,9
4419,1
4420,1
4421,11
4422,9
4423,4
4424,12
4425,15
4426,15
4427,8
4428,14
4429,1
4430,7
4431,17
4432,9
4433,18
4434,11
4435,10
4436,17
4437,15
4438,19
4439,7
4440,18
4441,15
4442,8
4443,14
4444,7
4445,2
4446,19
4447,7
4448,1
4449,19
4450,15
4451,15
4452,17
4453,10
4454,18
4455,7
4456,6
4457,8
4458,1
4459,2
4460,10
4461,2
4462,10
4463,9
4464,15
4465,9
4466,19
4467,11
4468,8
4469,5
4470,5
4471,5
4472,2
4473,6
4474,1
4475,11
4476,6
4477,5
4478,12
4479,2
4480,11
4481,11
4482,11
4483,5
4484,11
4485,5
4486,11
4487,6
4488,8
4489,17
4490,15
4491,15
4492,17
4493,2
4494,9
4495,5
4496,8
4497,9
4498,14
4499,7
4500,9
4501,13
4502,7
4503,7
4504,15
4505,4
4506,13
4507,6
4508,9
4509,13
4510,15
4511,11
4512,5
4513,11
4514,7
4515,15
4516,2
4517,7
4518,19
4519,1
4520,2
4521,7
4522,17
4523,12
4524,5
4525,6
4526,9
4527,19
4528,5
4529,12
4530,4
4531,11
4532,17
4533,8
4534,15
4535,9
4536,17
4537,8
4538,3
4539,12
4540,9
4541,3
4542,2
4543,5
4544,15
4545,11
4546,5
4547,17
4548,6
4549,14
4550,9
4551,10
4552,6
4553,3
4554,8
4555,2
4556,2
4557,11
4558,9
4559,15
4560,16
4561,9
4562,15
4563,15
4564,6
4565,5
4566,11
4567,4
4568,2
4569,2
4570,15
4571,17
4572,7
4573,18
4574,12
4575,9
4576,9
4577,10
4578,6
4579,8
4580,12
4581,12
4582,6
4583,1
4584,13
4585,6
4586,9
4587,7
4588,2
4589,14
4590,12
4591,8
4592,12
4593,12
4594,5
4595,6
4596,1
4597,5
4598,8
4599,11
4600,5
4601,17
4602,17
4603,10
4604,9
4605,12
4606,11
4607,8
4608,11
4609,17
4610,15
4611,17
4612,8
4613,11
4614,9
4615,11
4616,1
4617,17
4618,17
4619,1
4620,7
4621,16
4622,11
4623,15
4624,10
4625,12
4626,10
4627,8
4628,12
4629,9
4630,8
4631,19
4632,8
4633,2
4634,17
4635,6
4636,17
4637,18
4638,18
4639,17
4640,12
4641,1
4642,17
4643,9
4644,9
4645,1
4646,11
4647,7
4648,18
4649,7
4650,16
4651,15
4652,5
4653,2
4654,8
4655,12
4656,12
4657,1
4658,3
4659,2
4660,9
4661,1
4662,9
4663,14
4664,15
4665,10
4666,2
4667,12
4668,7
4669,11
4670,11
4671,8
4672,7
4673,13
4674,2
4675,6
4676,8
4677,12
4678,9
4679,5
4680,5
4681,16
4682,18
4683,17
4684,1
4685,6
4686,10
4687,19
4688,18
4689,12
4690,12
4691,9
4692,5
4693,5
4694,5
4695,7
4696,16
4697,16
4698,19
4699,7
4700,7
4701,5
4702,12
4703,10
4704,18
4705,1
4706,13
4707,11
4708,2
4709,9
4710,2
4711,12
4712,12
4713,12
4714,4
4715,12
4716,10
4717,9
4718,11
4719,12
4720,15
4721,6
4722,1
4723,15
4724,12
4725,9
4726,16
4727,13
4728,19
4729,15
4730,19
4731,16
4732,15
4733,18
4734,19
4735,1
4736,5
4737,8
4738,5
4739,9
4740,17
4741,19
4742,5
4743,2
4744,19
4745,12
4746,19
4747,12
4748,17
4749,2
4750,8
4751,7
4752,12
4753,9
4754,8
4755,3
4756,17
4757,12
4758,11
4759,2
4760,13
4761,6
4762,12
4763,10
4764,8
4765,11
4766,5
4767,18
4768,15
4769,9
4770,12
4771,6
4772,10
4773,11
4774,15
4775,11
4776,7
4777,9
4778,9
4779,5
4780,2
4781,9
4782,15
4783,8
4784,1
4785,1
4786,12
4787,12
4788,5
4789,16
4790,7
4791,2
4792,6
4793,17
4794,12
4795,5
4796,13
4797,17
4798,11
4799,11
4800,9
4801,7
4802,18
4803,2
4804,1
4805,2
4806,8
4807,19
4808,12
4809,17
4810,16
4811,2
4812,1
4813,9
4814,12
4815,15
4816,7
4817,1
4818,15
4819,9
4820,19
4821,12
4822,2
4823,7
4824,3
4825,9
4826,12
4827,6
4828,17
4829,1
4830,7
4831,17
4832,9
4833,10
4834,16
4835,11
4836,7
4837,15
4838,9
4839,18
4840,11
4841,9
4842,13
4843,9
4844,9
4845,18
4846,15
4847,4
4848,15
4849,13
4850,10
4851,6
4852,9
4853,2
4854,6
4855,17
4856,17
4857,5
4858,15
4859,12
4860,8
4861,5
4862,4
4863,12
4864,15
4865,11
4866,2
4867,16
4868,1
4869,8
4870,9
4871,8
4872,18
4873,5
4874,1
4875,11
4876,1
4877,5
4878,9
4879,1
4880,17
4881,9
4882,9
4883,9
4884,3
4885,8
4886,8
4887,19
4888,12
4889,12
4890,7
4891,12
4892,18
4893,7
4894,13
4895,1
4896,10
4897,12
4898,5
4899,18
4900,9
4901,18
4902,5
4903,18
4904,8
4905,15
4906,5
4907,7
4908,13
4909,9
4910,6
4911,19
4912,15
4913,9
4914,8
4915,10
4916,19
4917,15
4918,17
4919,11
4920,2
4921,7
4922,19
4923,5
4924,7
4925,9
4926,14
4927,12
4928,12
4929,9
4930,8
4931,4
4932,6
4933,12
4934,2
4935,17
4936,8
4937,9
4938,8
4939,12
4940,19
4941,15
4942,8
4943,9
4944,8
4945,1
4946,17
4947,15
4948,1
4949,1
4950,12
4951,9
4952,5
4953,1
4954,12
4955,17
4956,6
4957,9
4958,1
4959,6
4960,16
4961,9
4962,9
4963,12
4964,9
4965,9
4966,11
4967,1
4968,9
4969,5
4970,8
4971,19
4972,17
4973,9
4974,8
4975,1
4976,2
4977,10
4978,5
4979,8
4980,11
4981,8
4982,14
4983,19
4984,5
4985,8
4986,12
4987,7
4988,2
4989,5
4990,15
4991,2
4992,8
4993,18
4994,19
4995,1
4996,7
4997,13
4998,9
4999,7
5000,9
5001,9
5002,12
5003,17
5004,6
5005,5
5006,18
5007,7
5008,9
5009,15
5010,16
5011,10
5012,10
5013,15
5014,1
5015,9
5016,2
5017,15
5018,6
5019,5
5020,12
5021,15
5022,17
5023,15
5024,11
5025,2
5026,12
5027,5
5028,18
5029,6
5030,9
5031,8
5032,6
5033,6
5034,5
5035,13
5036,12
5037,12
5038,1
5039,12
5040,11
5041,7
5042,2
5043,17
5044,5
5045,9
5046,17
5047,12
5048,12
5049,6
5050,8
5051,7
5052,12
5053,1
5054,7
5055,9
5056,10
5057,2
5058,15
5059,16
5060,8
5061,12
5062,7
5063,2
5064,8
5065,5
5066,1
5067,1
5068,8
5069,1
5070,8
5071,10
5072,9
5073,12
5074,11
5075,7
5076,5
5077,7
5078,5
5079,5
5080,17
5081,16
5082,12
5083,10
5084,4
5085,5
5086,1
5087,12
5088,11
5089,2
5090,16
5091,8
5092,18
5093,17
5094,2
5095,6
5096,8
5097,11
5098,15
5099,8
5100,8
5101,9
5102,4
5103,18
5104,14
5105,12
5106,18
5107,4
5108,8
5109,16
5110,1
5111,1
5112,11
5113,9
5114,15
5115,9
5116,6
5117,5
5118,18
5119,9
5120,8
5121,12
5122,9
5123,6
5124,2
5125,8
5126,12
5127,12
5128,11
5129,9
5130,2
5131,18
5132,5
5133,1
5134,8
5135,15
5136,9
5137,1
5138,2
5139,11
5140,12
5141,11
5142,17
5143,2
5144,11
5145,9
5146,12
5147,17
5148,7
5149,4
5150,12
5151,8
5152,12
5153,9
5154,12
5155,12
5156,6
5157,12
5158,12
5159,10
5160,11
5161,7
5162,9
5163,8
5164,12
5165,7
5166,9
5167,11
5168,6
5169,6
5170,15
5171,2
5172,5
5173,18
5174,7
5175,5
5176,13
5177,9
5178,9
5179,9
5180,15
5181,11
5182,7
5183,16
5184,18
5185,11
5186,18
5187,15
5188,9
5189,12
5190,2
5191,9
5192,2
5193,17
5194,5
5195,6
5196,10
5197,18
5198,5
5199,9
5200,10
5201,9
5202,5
5203,8
5204,2
5205,10
5206,18
5207,18
5208,5
5209,10
5210,10
5211,19
5212,1
5213,9
5214,9
5215,4
5216,12
5217,17
5218,15
5219,9
5220,1
5221,5
5222,19
5223,11
5224,7
5225,18
5226,11
5227,18
5228,11
5229,8
5230,12
5231,1
5232,11
5233,7
5234,8
5235,8
5236,12
5237,12
5238,19
5239,9
5240,15
5241,3
5242,9
5243,14
5244,3
5245,9
5246,12
5247,9
5248,5
5249,11
5250,15
5251,11
5252,2
5253,7
5254,9
5255,15
5256,6
5257,9
5258,9
5259,1
5260,17
5261,19
5262,11
5263,13
5264,11
5265,9
5266,6
5267,18
5268,1
5269,10
5270,6
5271,16
5272,16
5273,9
5274,8
5275,2
5276,4
5277,15
5278,19
5279,5
5280,17
5281,5
5282,1
5283,9
5284,10
5285,18
5286,8
5287,13
5288,6
5289,11
5290,13
5291,6
5292,11
5293,19
5294,13
5295,11
5296,8
5297,17
5298,15
5299,7
5300,8
5301,8
5302,3
5303,11
5304,9
5305,7
5306,7
5307,18
5308,9
5309,10
5310,5
5311,7
5312,10
5313,15
5314,8
5315,11
5316,7
5317,9
5318,5
5319,3
5320,15
5321,9
5322,12
5323,2
5324,5
5325,7
5326,9
5327,12
5328,5
5329,6
5330,19
5331,5
5332,9
5333,11
5334,5
5335,15
5336,9
5337,13
5338,7
5339,9
5340,5
5341,1
5342,2
5343,9
5344,12
5345,10
5346,5
5347,4
5348,8
5349,4
5350,8
5351,16
5352,9
5353,1
5354,5
5355,8
5356,2
5357,18
5358,15
5359,16
5360,13
5361,19
5362,1
5363,12
5364,2
5365,8
5366,7
5367,1
5368,11
5369,6
5370,6
5371,9
5372,8
5373,16
5374,6
5375,7
5376,5
5377,5
5378,15
5379,2
5380,19
5381,8
5382,8
5383,7
5384,7
5385,7
5386,9
5387,11
5388,8
5389,12
5390,17
5391,9
5392,17
5393,8
5394,2
5395,19
5396,9
5397,11
5398,8
5399,15
5400,8
5401,10
5402,6
5403,12
5404,7
5405,12
5406,5
5407,1
5408,11
5409,12
5410,4
5411,2
5412,2
5413,7
5414,15
5415,11
5416,18
5417,1
5418,11
5419,9
5420,11
5421,5
5422,7
5423,8
5424,9
5425,1
5426,12
5427,7
5428,6
5429,10
5430,18
5431,9
5432,8
5433,18
5434,5
5435,1
5436,8
5437,16
5438,2
5439,7
5440,1
5441,2
5442,6
5443,9
5444,5
5445,11
5446,11
5447,8
5448,16
5449,15
5450,12
5451,9
5452,5
5453,6
5454,11
5455,15
5456,4
5457,12
5458,5
5459,11
5460,16
5461,12
5462,12
5463,12
5464,6
5465,8
5466,17
5467,7
5468,9
5469,1
5470,5
5471,2
5472,8
5473,6
5474,19
5475,8
5476,9
5477,17
5478,5
5479,2
5480,15
5481,9
5482,7
5483,5
5484,8
5485,5
5486,12
5487,1
5488,17
5489,17
5490,2
5491,17
5492,16
5493,9
5494,19
5495,12
5496,9
5497,13
5498,15
5499,5
5500,16
5501,7
5502,10
5503,10
5504,10
5505,9
5506,5
5507,1
5508,2
5509,12
5510,9
5511,19
5512,11
5513,2
5514,8
5515,13
5516,13
5517,8
5518,17
5519,11
5520,8
5521,1
5522,9
5523,16
5524,7
5525,9
5526,17
5527,7
5528,9
5529,12
5530,2
5531,8
5532,18
5533,8
5534,6
5535,14
5536,12
5537,17
5538,5
5539,5
5540,12
5541,2
5542,6
5543,5
5544,9
5545,6
5546,8
5547,2
5548,18
5549,15
5550,9
5551,16
5552,17
5553,15
5554,3
5555,2
5556,15
5557,5
5558,1
5559,1
5560,9
5561,5
5562,12
5563,17
5564,9
5565,10
5566,2
5567,12
5568,10
5569,6
5570,9
5571,12
5572,7
5573,16
5574,18
5575,7
5576,9
5577,17
5578,11
5579,11
5580,18
5581,1
5582,1
5583,11
5584,12
5585,11
5586,6
5587,5
5588,7
5589,17
5590,12
5591,9
5592,9
5593,3
5594,8
5595,7
5596,2
5597,7
5598,5
5599,17
5600,8
5601,9
5602,11
5603,2
5604,8
5605,19
5606,8
5607,8
5608,16
5609,6
5610,8
5611,18
5612,15
5613,9
5614,3
5615,2
5616,1
5617,11
5618,15
5619,17
5620,11
5621,10
5622,19
5623,3
5624,12
5625,16
5626,19
5627,10
5628,8
5629,12
5630,7
5631,5
5632,11
5633,12
5634,14
5635,5
5636,5
5637,8
5638,16
5639,17
5640,6
5641,8
5642,17
5643,8
5644,12
5645,5
5646,1
5647,17
5648,7
5649,9
5650,13
5651,7
5652,8
5653,19
5654,7
5655,17
5656,10
5657,1
5658,7
5659,13
5660,5
5661,1
5662,19
5663,1
5664,7
5665,8
5666,10
5667,9
5668,12
5669,1
5670,6
5671,9
5672,8
5673,8
5674,8
5675,15
5676,17
5677,2
5678,15
5679,18
5680,18
5681,5
5682,19
5683,7
5684,15
5685,2
5686,19
5687,15
5688,5
5689,1
5690,6
5691,2
5692,12
5693,4
5694,14
5695,8
5696,9
5697,2
5698,5
5699,7
5700,16
5701,5
5702,4
5703,9
5704,1
5705,11
5706,16
5707,15
5708,1
5709,11
5710,5
5711,5
5712,7
5713,5
5714,2
5715,11
5716,15
5717,9
5718,7
5719,11
5720,11
5721,1
5722,17
5723,9
5724,17
5725,17
5726,9
5727,7
5728,1
5729,17
5730,12
5731,6
5732,6
5733,11
5734,9
5735,9
5736,1
5737,1
5738,9
5739,11
5740,2
5741,19
5742,13
5743,16
5744,8
5745,11
5746,6
5747,9
5748,6
5749,7
5750,12
5751,15
5752,2
5753,9
5754,19
5755,15
5756,7
5757,12
5758,8
5759,9
5760,19
5761,9
5762,13
5763,12
5764,18
5765,5
5766,15
5767,6
5768,1
5769,5
5770,2
5771,2
5772,5
5773,5
5774,8
5775,9
5776,11
5777,13
5778,2
5779,9
5780,2
5781,1
5782,11
5783,2
5784,9
5785,12
5786,11
5787,18
5788,11
5789,11
5790,7
5791,6
5792,10
5793,13
5794,2
5795,5
5796,2
5797,2
5798,1
5799,7
5800,5
5801,2
5802,18
5803,16
5804,1
5805,15
5806,11
5807,19
5808,5
5809,19
5810,9
5811,10
5812,16
5813,8
5814,15
5815,16
5816,10
5817,17
5818,12
5819,8
5820,3
5821,12
5822,12
5823,14
5824,12
5825,12
5826,17
5827,7
5828,11
5829,18
5830,2
5831,9
5832,12
5833,5
5834,9
5835,10
5836,2
5837,10
5838,18
5839,7
5840,15
5841,15
5842,12
5843,5
5844,18
5845,15
5846,5
5847,14
5848,8
5849,15
5850,15
5851,6
5852,6
5853,19
5854,12
5855,5
5856,11
5857,19
5858,1
5859,19
5860,19
5861,15
5862,2
5863,8
5864,15
5865,8
5866,9
5867,6
5868,6
5869,19
5870,1
5871,2
5872,17
5873,9
5874,19
5875,1
5876,11
5877,16
5878,2
5879,11
5880,11
5881,9
5882,19
5883,5
5884,19
5885,12
5886,15
5887,9
5888,5
5889,15
5890,2
5891,9
5892,5
5893,7
5894,9
5895,7
5896,8
5897,17
5898,12
5899,8
5900,5
5901,2
5902,12
5903,9
5904,5
5905,12
5906,15
5907,11
5908,1
5909,7
5910,8
5911,9
5912,9
5913,9
5914,9
5915,9
5916,15
5917,7
5918,15
5919,10
5920,15
5921,1
5922,18
5923,3
5924,6
5925,4
5926,7
5927,1
5928,9
5929,11
5930,9
5931,2
5932,10
5933,15
5934,9
5935,2
5936,12
5937,2
5938,9
5939,15
5940,6
5941,5
5942,11
5943,10
5944,2
5945,12
5946,19
5947,2
5948,2
5949,15
5950,9
5951,1
5952,12
5953,17
5954,7
5955,16
5956,15
5957,8
5958,9
5959,10
5960,12
5961,19
5962,8
5963,12
5964,11
5965,3
5966,15
5967,1
5968,17
5969,12
5970,1
5971,7
5972,18
5973,17
5974,5
5975,8
5976,12
5977,19
5978,4
5979,15
5980,5
5981,7
5982,7
5983,10
5984,10
5985,12
5986,15
5987,9
5988,9
5989,6
5990,9
5991,17
5992,13
5993,17
5994,17
5995,9
5996,19
5997,17
5998,15
5999,9
6000,8
6001,18
6002,18
6003,1
6004,8
6005,18
6006,15
6007,9
6008,16
6009,18
6010,8
6011,12
6012,16
6013,10
6014,19
6015,8
6016,12
6017,11
6018,12
6019,15
6020,12
6021,12
6022,13
6023,5
6024,2
6025,18
6026,13
6027,9
6028,15
6029,18
6030,17
6031,11
6032,11
6033,8
6034,8
6035,7
6036,6
6037,16
6038,15
6039,18
6040,2
6041,15
6042,9
6043,11
6044,9
6045,7
6046,18
6047,7
6048,9
6049,1
6050,12
6051,1
6052,9
6053,9
6054,8
6055,4
6056,7
6057,1
6058,11
6059,11
6060,7
6061,7
6062,11
6063,16
6064,9
6065,18
6066,19
6067,9
6068,15
6069,9
6070,9
6071,15
6072,2
6073,5
6074,7
6075,13
6076,7
6077,11
6078,17
6079,12
6080,17
6081,8
6082,5
6083,6
6084,15
6085,12
6086,10
6087,14
6088,19
6089,10
6090,11
6091,7
6092,1
6093,9
6094,19
6095,5
6096,12
6097,17
6098,2
6099,3
6100,10
6101,5
6102,15
6103,9
6104,2
6105,17
6106,7
6107,6
6108,9
6109,11
6110,11
6111,12
6112,6
6113,6
6114,2
6115,9
6116,10
6117,8
6118,18
6119,10
6120,15
6121,5
6122,11
6123,19
6124,9
6125,12
6126,11
6127,8
6128,2
6129,3
6130,5
6131,8
6132,5
6133,13
6134,15
6135,9
6136,17
6137,17
6138,7
6139,12
6140,7
6141,10
6142,1
6143,12
6144,1
6145,17
6146,17
6147,5
6148,12
6149,17
6150,1
6151,16
6152,6
6153,15
6154,5
6155,1
6156,12
6157,15
6158,8
6159,11
6160,6
6161,6
6162,8
6163,9
6164,3
6165,5
6166,5
6167,7
6168,11
6169,15
6170,19
6171,16
6172,11
6173,9
6174,10
6175,11
6176,7
6177,11
6178,6
6179,10
6180,8
6181,12
6182,15
6183,8
6184,17
6185,15
6186,19
6187,1
6188,8
6189,11
6190,8
6191,7
6192,17
6193,7
6194,7
6195,12
6196,1
6197,12
6198,13
6199,16
6200,16
6201,7
6202,17
6203,12
6204,8
6205,10
6206,10
6207,2
6208,6
6209,9
6210,7
6211,11
6212,15
6213,15
6214,17
6215,9
6216,13
6217,2
6218,17
6219,5
6220,17
6221,3
6222,5
6223,12
6224,11
6225,17
6226,7
6227,17
6228,2
6229,7
6230,7
6231,7
6232,7
6233,9
6234,2
6235,10
6236,6
6237,17
6238,11
6239,11
6240,9
6241,15
6242,19
6243,12
6244,6
6245,12
6246,7
6247,15
6248,2
6249,19
6250,9
6251,7
6252,17
6253,15
6254,2
6255,8
6256,7
6257,2
6258,15
6259,11
6260,11
6261,10
6262,5
6263,9
6264,9
6265,9
6266,9
6267,9
6268,1
6269,9
6270,17
6271,5
6272,9
6273,9
6274,5
6275,1
6276,11
6277,5
6278,18
6279,11
6280,2
6281,1
6282,6
6283,17
6284,7
6285,12
6286,18
6287,5
6288,5
6289,15
6290,2
6291,6
6292,6
6293,5
6294,15
6295,11
6296,19
6297,12
6298,5
6299,11
6300,8
6301,7
6302,2
6303,15
6304,8
6305,11
6306,6
6307,18
6308,19
6309,12
6310,16
6311,5
6312,13
6313,1
6314,7
6315,15
6316,2
6317,2
6318,5
6319,18
6320,2
6321,7
6322,10
6323,12
6324,12
6325,4
6326,11
6327,17
6328,11
6329,15
6330,8
6331,10
6332,6
6333,9
6334,18
6335,19
6336,17
6337,11
6338,19
6339,3
6340,18
6341,9
6342,15
6343,19
6344,9
6345,1
6346,8
6347,11
6348,15
6349,9
6350,10
6351,5
6352,9
6353,18
6354,11
6355,10
6356,12
6357,8
6358,5
6359,9
6360,12
6361,7
6362,19
6363,8
6364,9
6365,18
6366,12
6367,12
6368,15
6369,7
6370,17
6371,2
6372,9
6373,6
6374,7
6375,2
6376,7
6377,2
6378,3
6379,7
6380,11
6381,7
6382,11
6383,5
6384,15
6385,11
6386,7
6387,16
6388,12
6389,9
6390,19
6391,18
6392,15
6393,17
6394,16
6395,17
6396,14
6397,6
6398,12
6399,12
6400,6
6401,13
6402,9
6403,12
6404,11
6405,9
6406,2
6407,12
6408,18
6409,16
6410,19
6411,9
6412,1
6413,11
6414,8
6415,5
6416,7
6417,7
6418,8
6419,15
6420,15
6421,12
6422,5
6423,3
6424,12
6425,9
6426,9
6427,9
6428,5
6429,8
6430,11
6431,15
6432,5
6433,9
6434,17
6435,18
6436,7
6437,2
6438,9
6439,9
6440,3
6441,9
6442,15
6443,5
6444,9
6445,15
6446,7
6447,10
6448,15
6449,11
6450,16
6451,12
6452,1
6453,9
6454,9
6455,6
6456,9
6457,1
6458,17
6459,3
6460,17
6461,7
6462,15
6463,1
6464,2
6465,14
6466,2
6467,5
6468,5
6469,6
6470,19
6471,10
6472,2
6473,9
6474,9
6475,5
6476,16
6477,7
6478,12
6479,2
6480,2
6481,14
6482,12
6483,8
6484,1
6485,7
6486,9
6487,6
6488,7
6489,6
6490,5
6491,10
6492,3
6493,10
6494,9
6495,12
6496,11
6497,8
6498,9
6499,4
6500,2
6501,5
6502,12
6503,13
6504,7
6505,15
6506,11
6507,15
6508,6
6509,11
6510,11
6511,1
6512,9
6513,15
6514,12
6515,9
6516,12
6517,9
6518,11
6519,8
6520,19
6521,10
6522,2
6523,18
6524,1
6525,7
6526,18
6527,9
6528,5
6529,15
6530,18
6531,15
6532,12
6533,13
6534,2
6535,2
6536,3
6537,12
6538,17
6539,17
6540,1
6541,10
6542,18
6543,5
6544,5
6545,9
6546,9
6547,4
6548,12
6549,7
6550,15
6551,1
6552,12
6553,9
6554,4
6555,1
6556,2
6557,11
6558,11
6559,19
6560,2
6561,14
6562,11
6563,12
6564,9
6565,2
6566,7
6567,12
6568,12
6569,17
6570,16
6571,11
6572,15
6573,9
6574,8
6575,12
6576,12
6577,11
6578,11
6579,7
6580,11
6581,15
6582,2
6583,7
6584,10
6585,19
6586,12
6587,12
6588,12
6589,5
6590,7
6591,8
6592,7
6593,8
6594,2
6595,11
6596,9
6597,8
6598,7
6599,15
6600,11
6601,15
6602,12
6603,7
6604,6
6605,18
6606,1
6607,12
6608,17
6609,3
6610,12
6611,15
6612,11
6613,9
6614,7
6615,12
6616,7
6617,12
6618,8
6619,2
6620,8
6621,4
6622,17
6623,9
6624,17
6625,1
6626,6
6627,15
6628,15
6629,15
6630,2
6631,8
6632,11
6633,11
6634,15
6635,8
6636,12
6637,12
6638,5
6639,12
6640,15
6641,1
6642,15
6643,18
6644,8
6645,8
6646,12
6647,19
6648,12
6649,1
6650,12
6651,9
6652,19
6653,16
6654,12
6655,18
6656,17
6657,8
6658,19
6659,9
6660,11
6661,8
6662,18
6663,2
6664,9
6665,15
6666,15
6667,12
6668,1
6669,11
6670,19
6671,16
6672,2
6673,12
6674,1
6675,12
6676,11
6677,8
6678,12
6679,7
6680,2
6681,13
6682,8
6683,2
6684,12
6685,7
6686,12
6687,9
6688,5
6689,9
6690,5
6691,8
6692,7
6693,2
6694,12
6695,5
6696,5
6697,1
6698,9
6699,4
6700,3
6701,9
6702,1
6703,17
6704,2
6705,12
6706,11
6707,5
6708,13
6709,16
6710,10
6711,5
6712,7
6713,12
6714,19
6715,5
6716,1
6717,2
6718,17
6719,8
6720,2
6721,11
6722,1
6723,6
6724,8
6725,8
6726,2
6727,12
6728,12
6729,2
6730,12
6731,5
6732,5
6733,8
6734,7
6735,9
6736,11
6737,15
6738,2
6739,9
6740,11
6741,6
6742,7
6743,9
6744,2
6745,9
6746,9
6747,14
6748,2
6749,17
6750,9
6751,1
6752,15
6753,4
6754,12
6755,1
6756,2
6757,8
6758,8
6759,1
6760,16
6761,18
6762,11
6763,11
6764,8
6765,10
6766,6
6767,3
6768,11
6769,15
6770,18
6771,11
6772,15
6773,8
6774,12
6775,15
6776,8
6777,19
6778,9
6779,9
6780,6
6781,10
6782,12
6783,15
6784,1
6785,1
6786,12
6787,15
6788,6
6789,7
6790,15
6791,17
6792,1
6793,15
6794,9
6795,15
6796,2
6797,9
6798,9
6799,2
6800,12
6801,3
6802,9
6803,17
6804,9
6805,11
6806,2
6807,15
6808,10
6809,16
6810,5
6811,12
6812,8
6813,5
6814,12
6815,15
6816,2
6817,8
6818,7
6819,7
6820,5
6821,7
6822,11
6823,7
6824,8
6825,1
6826,6
6827,12
6828,11
6829,1
6830,2
6831,8
6832,2
6833,5
6834,9
6835,12
6836,11
6837,19
6838,6
6839,9
6840,10
6841,6
6842,17
6843,8
6844,6
6845,15
6846,12
6847,5
6848,16
6849,14
6850,12
6851,17
6852,7
6853,5
6854,2
6855,17
6856,3
6857,8
6858,15
6859,8
6860,9
6861,2
6862,14
6863,10
6864,9
6865,9
6866,7
6867,15
6868,7
6869,14
6870,7
6871,4
6872,4
6873,18
6874,15
6875,11
6876,19
6877,7
6878,6
6879,14
6880,12
6881,7
6882,9
6883,18
6884,15
6885,4
6886,7
6887,6
6888,12
6889,2
6890,19
6891,17
6892,12
6893,2
6894,8
6895,10
6896,19
6897,5
6898,1
6899,12
6900,5
6901,11
6902,6
6903,11
6904,8
6905,6
6906,12
6907,2
6908,17
6909,12
6910,18
6911,9
6912,2
6913,8
6914,2
6915,8
6916,11
6917,7
6918,11
6919,17
6920,11
6921,12
6922,11
6923,12
6924,5
6925,8
6926,9
6927,12
6928,7
6929,11
6930,12
6931,11
6932,1
6933,7
6934,4
6935,5
6936,12
6937,9
6938,15
6939,6
6940,6
6941,12
6942,10
6943,12
6944,8
6945,5
6946,5
6947,3
6948,7
6949,8
6950,17
6951,7
6952,9
6953,12
6954,16
6955,8
6956,7
6957,9
6958,1
6959,7
6960,12
6961,11
6962,18
6963,8
6964,17
6965,12
6966,8
6967,8
6968,7
6969,12
6970,18
6971,10
6972,9
6973,17
6974,9
6975,2
6976,19
6977,12
6978,12
6979,18
6980,7
6981,19
6982,11
6983,3
6984,13
6985,3
6986,13
6987,2
6988,5
6989,2
6990,9
6991,9
6992,2
6993,18
6994,5
6995,11
6996,12
6997,12
6998,6
6999,17
7000,8
7001,11
7002,9
7003,12
7004,11
7005,8
7006,7
7007,11
7008,9
7009,2
7010,6
7011,2
7012,14
7013,11
7014,13
7015,1
7016,9
7017,9
7018,10
7019,2
7020,12
7021,2
7022,2
7023,6
7024,11
7025,5
7026,2
7027,1
7028,13
7029,17
7030,5
7031,7
7032,5
7033,12
7034,15
7035,17
7036,15
7037,17
7038,13
7039,7
7040,13
7041,5
7042,7
7043,14
7044,9
7045,9
7046,15
7047,18
7048,10
7049,19
7050,12
7051,8
7052,1
7053,10
7054,1
7055,11
7056,4
7057,17
7058,16
7059,9
7060,9
7061,8
7062,3
7063,9
7064,10
7065,11
7066,15
7067,5
7068,5
7069,15
7070,7
7071,18
7072,9
7073,5
7074,12
7075,5
7076,6
7077,17
7078,11
7079,7
7080,11
7081,12
7082,11
7083,9
7084,6
7085,11
7086,8
7087,5
7088,17
7089,9
7090,5
7091,6
7092,15
7093,17
7094,5
7095,9
7096,2
7097,17
7098,5
7099,13
7100,1
7101,17
7102,19
7103,1
7104,12
7105,6
7106,11
7107,10
7108,15
7109,17
7110,10
7111,11
7112,9
7113,18
7114,7
7115,19
7116,1
7117,9
7118,1
7119,8
7120,19
7121,10
7122,12
7123,19
7124,5
7125,15
7126,19
7127,5
7128,12
7129,9
7130,10
7131,12
7132,8
7133,5
7134,14
7135,18
7136,7
7137,17
7138,8
7139,17
7140,5
7141,12
7142,12
7143,9
7144,12
7145,9
7146,9
7147,7
7148,5
7149,14
7150,9
7151,15
7152,17
7153,19
7154,17
7155,18
7156,9
7157,12
7158,2
7159,9
7160,15
7161,2
7162,7
7163,12
7164,7
7165,9
7166,7
7167,9
7168,15
7169,16
7170,11
7171,2
7172,14
7173,2
7174,11
7175,17
7176,6
7177,2
7178,11
7179,9
7180,4
7181,11
7182,19
7183,19
7184,9
7185,2
7186,5
7187,12
7188,5
7189,11
7190,11
7191,5
7192,9
7193,18
7194,6
7195,18
7196,12
7197,11
7198,17
7199,15
7200,6
7201,6
7202,16
7203,8
7204,1
7205,12
7206,4
7207,11
7208,5
7209,9
7210,5
7211,1
7212,5
7213,4
7214,11
7215,5
7216,7
7217,19
7218,8
7219,11
7220,12
7221,6
7222,7
7223,12
7224,11
7225,12
7226,1
7227,11
7228,4
7229,19
7230,9
7231,17
7232,9
7233,19
7234,19
7235,1
7236,12
7237,8
7238,15
7239,1
7240,7
7241,15
7242,12
7243,1
7244,7
7245,8
7246,7
7247,2
7248,18
7249,19
7250,2
7251,12
7252,12
7253,13
7254,18
7255,9
7256,1
7257,7
7258,5
7259,10
7260,12
7261,12
7262,18
7263,5
7264,12
7265,19
7266,11
7267,18
7268,15
7269,2
7270,2
7271,2
7272,15
7273,13
7274,12
7275,13
7276,4
7277,12
7278,12
7279,11
7280,7
7281,7
7282,5
7283,10
7284,12
7285,17
7286,9
7287,6
7288,9
7289,18
7290,7
7291,12
7292,18
7293,17
7294,5
7295,12
7296,9
7297,14
7298,9
7299,12
7300,3
7301,11
7302,2
7303,6
7304,12
7305,18
7306,5
7307,2
7308,19
7309,5
7310,12
7311,17
7312,6
7313,1
7314,7
7315,9
7316,12
7317,1
7318,16
7319,1
7320,4
7321,8
7322,6
7323,1
7324,2
7325,6
7326,5
7327,2
7328,5
7329,6
7330,7
7331,14
7332,15
7333,7
7334,11
7335,9
7336,6
7337,8
7338,7
7339,13
7340,9
7341,15
7342,12
7343,11
7344,5
7345,18
7346,17
7347,16
7348,5
7349,9
7350,1
7351,9
7352,18
7353,12
7354,8
7355,1
7356,9
7357,17
7358,8
7359,18
7360,12
7361,17
7362,9
7363,10
7364,12
7365,4
7366,17
7367,15
7368,4
7369,2
7370,15
7371,11
7372,10
7373,11
7374,2
7375,15
7376,18
7377,12
7378,11
7379,1
7380,12
7381,7
7382,18
7383,7
7384,9
7385,9
7386,1
7387,12
7388,10
7389,17
7390,12
7391,1
7392,12
7393,9
7394,7
7395,15
7396,9
7397,3
7398,8
7399,12
7400,1
7401,6
7402,13
7403,9
7404,6
7405,2
7406,13
7407,5
7408,9
7409,2
7410,9
7411,2
7412,7
7413,7
7414,5
7415,1
7416,17
7417,12
7418,1
7419,15
7420,12
7421,6
7422,11
7423,19
7424,18
7425,18
7426,12
7427,17
7428,18
7429,16
7430,12
7431,7
7432,9
7433,18
7434,17
7435,11
7436,10
7437,2
7438,7
7439,15
7440,3
7441,16
7442,17
7443,17
7444,13
7445,7
7446,2
7447,18
7448,10
7449,12
7450,5
7451,17
7452,1
7453,12
7454,6
7455,7
7456,2
7457,5
7458,13
7459,18
7460,12
7461,15
7462,4
7463,2
7464,18
7465,14
7466,11
7467,3
7468,8
7469,9
7470,11
7471,7
7472,11
7473,7
7474,19
7475,2
7476,7
7477,7
7478,3
7479,9
7480,12
7481,12
7482,17
7483,6
7484,7
7485,12
7486,5
7487,9
7488,9
7489,17
7490,6
7491,9
7492,16
7493,2
7494,7
7495,7
7496,9
7497,9
7498,5
7499,15
7500,18
7501,11
7502,9
7503,5
7504,1
7505,2
7506,16
7507,2
7508,12
7509,3
7510,15
7511,11
7512,1
7513,17
7514,7
7515,9
7516,8
7517,8
7518,6
7519,5
7520,18
7521,2
7522,12
7523,9
7524,2
7525,2
7526,3
7527,15
7528,18
7529,9
7530,19
7531,9
7532,8
7533,8
7534,11
7535,18
7536,15
7537,1
7538,8
7539,17
7540,12
7541,11
7542,7
7543,8
7544,11
7545,18
7546,6
7547,1
7548,18
7549,8
7550,19
7551,8
7552,11
7553,8
7554,19
7555,16
7556,8
7557,5
7558,2
7559,6
7560,12
7561,19
7562,15
7563,2
7564,7
7565,18
7566,9
7567,15
7568,18
7569,5
7570,9
7571,2
7572,9
7573,10
7574,15
7575,9
7576,8
7577,15
7578,4
7579,7
7580,16
7581,1
7582,5
7583,16
7584,12
7585,6
7586,9
7587,10
7588,8
7589,11
7590,2
7591,18
7592,5
7593,17
7594,9
7595,9
7596,2
7597,12
7598,19
7599,6
7600,15
7601,5
7602,16
7603,5
7604,16
7605,1
7606,15
7607,19
7608,10
7609,12
7610,5
7611,9
7612,7
7613,3
7614,9
7615,17
7616,17
7617,6
7618,8
7619,5
7620,18
7621,8
7622,9
7623,12
7624,8
7625,18
7626,12
7627,6
7628,17
7629,16
7630,11
7631,1
7632,16
7633,19
7634,11
7635,11
7636,19
7637,2
7638,12
7639,18
7640,17
7641,12
7642,2
7643,8
7644,11
7645,2
7646,9
7647,2
7648,12
7649,19
7650,6
7651,16
7652,12
7653,19
7654,9
7655,17
7656,15
7657,17
7658,8
7659,12
7660,1
7661,12
7662,6
7663,8
7664,13
7665,15
7666,1
7667,15
7668,1
7669,12
7670,12
7671,11
7672,5
7673,9
7674,15
7675,9
7676,4
7677,5
7678,15
7679,12
7680,3
7681,15
7682,18
7683,1
7684,12
7685,12
7686,18
7687,17
7688,12
7689,17
7690,12
7691,18
7692,2
7693,16
7694,11
7695,2
7696,5
7697,5
7698,5
7699,6
7700,2
7701,2
7702,4
7703,8
7704,13
7705,2
7706,10
7707,11
7708,15
7709,1
7710,12
7711,9
7712,8
7713,5
7714,11
7715,2
7716,10
7717,9
7718,18
7719,17
7720,9
7721,2
7722,8
7723,7
7724,3
7725,2
7726,2
7727,12
7728,9
7729,12
7730,19
7731,8
7732,8
7733,2
7734,9
7735,15
7736,7
7737,15
7738,10
7739,10
7740,8
7741,1
7742,5
7743,1
7744,7
7745,10
7746,10
7747,12
7748,1
7749,17
7750,11
7751,5
7752,6
7753,12
7754,7
7755,3
7756,7
7757,12
7758,12
7759,17
7760,9
7761,1
7762,2
7763,1
7764,9
7765,2
7766,10
7767,17
7768,7
7769,17
7770,5
7771,18
7772,9
7773,9
7774,5
7775,5
7776,11
7777,8
7778,17
7779,9
7780,6
7781,10
7782,15
7783,2
7784,18
7785,10
7786,2
7787,10
7788,2
7789,1
7790,7
7791,12
7792,17
7793,2
7794,17
7795,8
7796,9
7797,1
7798,11
7799,8
7800,8
7801,12
7802,18
7803,2
7804,7
7805,12
7806,9
7807,3
7808,12
7809,17
7810,9
7811,6
7812,5
7813,19
7814,11
7815,18
7816,10
7817,11
7818,2
7819,9
7820,16
7821,18
7822,6
7823,9
7824,12
7825,15
7826,5
7827,1
7828,9
7829,11
7830,12
7831,9
7832,15
7833,3
7834,2
7835,2
7836,1
7837,18
7838,17
7839,3
7840,17
7841,11
7842,12
7843,1
7844,8
7845,18
7846,14
7847,17
7848,9
7849,10
7850,13
7851,19
7852,12
7853,6
7854,18
7855,12
7856,9
7857,19
7858,9
7859,16
7860,12
7861,5
7862,15
7863,2
7864,7
7865,15
7866,17
7867,6
7868,10
7869,3
7870,11
7871,2
7872,9
7873,2
7874,9
7875,7
7876,12
7877,5
7878,9
7879,6
7880,8
7881,7
7882,11
7883,12
7884,2
7885,9
7886,2
7887,19
7888,5
7889,12
7890,14
7891,11
7892,18
7893,9
7894,18
7895,8
7896,18
7897,7
7898,10
7899,18
7900,11
7901,10
7902,2
7903,11
7904,12
7905,1
7906,12
7907,15
7908,8
7909,2
7910,19
7911,2
7912,17
7913,2
7914,5
7915,10
7916,9
7917,17
7918,12
7919,12
7920,11
7921,8
7922,6
7923,11
7924,2
7925,9
7926,5
7927,7
7928,17
7929,7
7930,12
7931,12
7932,1
7933,9
7934,9
7935,12
7936,2
7937,12
7938,9
7939,8
7940,8
7941,12
7942,12
7943,7
7944,15
7945,18
7946,17
7947,17
7948,15
7949,14
7950,14
7951,9
7952,8
7953,9
7954,7
7955,6
7956,11
7957,15
7958,11
7959,19
7960,16
7961,10
7962,3
7963,13
7964,9
7965,18
7966,12
7967,1
7968,9
7969,13
7970,5
7971,12
7972,5
7973,10
7974,2
7975,18
7976,19
7977,12
7978,14
7979,17
7980,9
7981,1
7982,8
7983,17
7984,8
7985,8
7986,6
7987,7
7988,12
7989,5
7990,11
7991,17
7992,15
7993,6
7994,2
7995,9
7996,18
7997,8
7998,19
7999,13
8000,9
8001,2
8002,14
8003,7
8004,8
8005,17
8006,11
8007,18
8008,17
8009,5
8010,9
8011,12
8012,10
8013,17
8014,3
8015,18
8016,7
8017,17
8018,12
8019,15
8020,12
8021,10
8022,14
8023,17
8024,1
8025,3
8026,1
8027,9
8028,15
8029,11
8030,1
8031,17
8032,9
8033,6
8034,5
8035,18
8036,5
8037,17
8038,10
8039,9
8040,2
8041,13
8042,12
8043,18
8044,15
8045,6
8046,9
8047,2
8048,12
8049,8
8050,15
8051,10
8052,18
8053,5
8054,15
8055,3
8056,8
8057,15
8058,5
8059,8
8060,17
8061,2
8062,12
8063,5
8064,11
8065,9
8066,12
8067,12
8068,2
8069,19
8070,9
8071,2
8072,12
8073,2
8074,8
8075,9
8076,18
8077,11
8078,1
8079,18
8080,17
8081,5
8082,12
8083,7
8084,7
8085,15
8086,11
8087,6
8088,5
8089,7
8090,2
8091,5
8092,9
8093,12
8094,5
8095,12
8096,15
8097,5
8098,2
8099,15
8100,13
8101,12
8102,18
8103,12
8104,11
8105,1
8106,12
8107,13
8108,7
8109,5
8110,18
8111,15
8112,4
8113,12
8114,9
8115,7
8116,9
8117,12
8118,17
8119,3
8120,18
8121,7
8122,17
8123,8
8124,5
8125,17
8126,5
8127,14
8128,2
8129,9
8130,8
8131,7
8132,5
8133,1
8134,12
8135,17
8136,10
8137,8
8138,7
8139,8
8140,9
8141,16
8142,18
8143,10
8144,12
8145,9
8146,11
8147,6
8148,9
8149,2
8150,8
8151,11
8152,12
8153,9
8154,6
8155,8
8156,12
8157,12
8158,8
8159,6
8160,15
8161,17
8162,17
8163,10
8164,9
8165,12
8166,2
8167,7
8168,7
8169,1
8170,5
8171,9
8172,19
8173,1
8174,9
8175,19
8176,17
8177,19
8178,5
8179,12
8180,7
8181,3
8182,10
8183,15
8184,6
8185,15
8186,5
8187,18
8188,11
8189,4
8190,8
8191,12
8192,15
8193,18
8194,5
8195,5
8196,16
8197,8
8198,9
8199,1
8200,15
8201,1
8202,11
8203,9
8204,17
8205,12
8206,2
8207,17
8208,16
8209,9
8210,9
8211,15
8212,12
8213,17
8214,5
8215,7
8216,10
8217,10
8218,12
8219,16
8220,5
8221,10
8222,9
8223,10
8224,2
8225,6
8226,6
8227,15
8228,5
8229,13
8230,1
8231,6
8232,11
8233,11
8234,9
8235,6
8236,13
8237,9
8238,12
8239,12
8240,10
8241,8
8242,12
8243,12
8244,9
8245,19
8246,11
8247,16
8248,12
8249,3
8250,8
8251,9
8252,15
8253,19
8254,9
8255,19
8256,2
8257,6
8258,8
8259,11
8260,9
8261,2
8262,8
8263,9
8264,18
8265,9
8266,10
8267,9
8268,11
8269,19
8270,16
8271,2
8272,9
8273,5
8274,2
8275,10
8276,8
8277,5
8278,18
8279,2
8280,12
8281,12
8282,17
8283,12
8284,5
8285,9
8286,5
8287,2
8288,9
8289,8
8290,17
8291,18
8292,4
8293,16
8294,11
8295,2
8296,2
8297,5
8298,11
8299,10
8300,12
8301,9
8302,18
8303,7
8304,1
8305,5
8306,11
8307,7
8308,11
8309,15
8310,8
8311,8
8312,7
8313,17
8314,2
8315,10
8316,8
8317,1
8318,12
8319,16
8320,19
8321,12
8322,5
8323,7
8324,15
8325,15
8326,19
8327,5
8328,9
8329,17
8330,6
8331,6
8332,6
8333,18
8334,5
8335,13
8336,7
8337,15
8338,18
8339,12
8340,5
8341,13
8342,12
8343,3
8344,16
8345,15
8346,1
8347,11
8348,19
8349,12
8350,9
8351,11
8352,5
8353,11
8354,1
8355,14
8356,11
8357,6
8358,19
8359,12
8360,15
8361,15
8362,8
8363,9
8364,6
8365,9
8366,6
8367,7
8368,17
8369,15
8370,17
8371,11
8372,17
8373,15
8374,13
8375,10
8376,5
8377,5
8378,12
8379,8
8380,17
8381,2
8382,12
8383,5
8384,17
8385,9
8386,12
8387,12
8388,16
8389,5
8390,3
8391,9
8392,17
8393,18
8394,17
8395,12
8396,7
8397,7
8398,2
8399,2
8400,18
8401,6
8402,17
8403,5
8404,14
8405,8
8406,6
8407,18
8408,7
8409,12
8410,17
8411,11
8412,5
8413,19
8414,6
8415,15
8416,9
8417,5
8418,6
8419,7
8420,16
8421,8
8422,7
8423,1
8424,9
8425,17
8426,18
8427,12
8428,8
8429,2
8430,12
8431,8
8432,5
8433,8
8434,15
8435,11
8436,15
8437,12
8438,9
8439,9
8440,19
8441,2
8442,11
8443,2
8444,8
8445,17
8446,11
8447,16
8448,15
8449,6
8450,11
8451,12
8452,17
8453,5
8454,19
8455,5
8456,12
8457,11
8458,9
8459,19
8460,8
8461,19
8462,11
8463,9
8464,8
8465,17
8466,9
8467,12
8468,4
8469,5
8470,12
8471,15
8472,8
8473,15
8474,5
8475,11
8476,13
8477,1
8478,12
8479,1
8480,9
8481,3
8482,5
8483,12
8484,12
8485,9
8486,11
8487,5
8488,12
8489,5
8490,9
8491,12
8492,2
8493,8
8494,12
8495,12
8496,2
8497,8
8498,10
8499,17
8500,2
8501,17
8502,18
8503,2
8504,2
8505,3
8506,7
8507,4
8508,13
8509,11
8510,17
8511,6
8512,18
8513,11
8514,5
8515,6
8516,2
8517,17
8518,15
8519,5
8520,12
8521,11
8522,12
8523,5
8524,12
8525,6
8526,5
8527,7
8528,11
8529,8
8530,11
8531,11
8532,5
8533,5
8534,10
8535,12
8536,12
8537,17
8538,6
8539,13
8540,2
8541,17
8542,9
8543,1
8544,12
8545,12
8546,19
8547,11
8548,2
8549,18
8550,17
8551,8
8552,7
8553,8
8554,7
8555,17
8556,17
8557,12
8558,9
8559,12
8560,15
8561,17
8562,9
8563,9
8564,8
8565,4
8566,9
8567,1
8568,11
8569,19
8570,4
8571,12
8572,3
8573,11
8574,5
8575,9
8576,15
8577,2
8578,2
8579,10
8580,2
8581,12
8582,5
8583,5
8584,10
8585,9
8586,6
8587,5
8588,12
8589,12
8590,5
8591,11
8592,11
8593,10
8594,12
8595,7
8596,12
8597,1
8598,9
8599,2
8600,5
8601,12
8602,11
8603,1
8604,12
8605,3
8606,1
8607,5
8608,18
8609,7
8610,9
8611,2
8612,17
8613,2
8614,2
8615,15
8616,12
8617,19
8618,1
8619,18
8620,16
8621,3
8622,18
8623,9
8624,12
8625,15
8626,7
8627,12
8628,16
8629,16
8630,9
8631,12
8632,7
8633,13
8634,2
8635,9
8636,17
8637,11
8638,1
8639,19
8640,5
8641,11
8642,8
8643,7
8644,5
8645,8
8646,6
8647,5
8648,2
8649,9
8650,15
8651,18
8652,16
8653,15
8654,15
8655,18
8656,11
8657,9
8658,18
8659,3
8660,7
8661,12
8662,7
8663,12
8664,17
8665,13
8666,5
8667,17
8668,1
8669,6
8670,8
8671,17
8672,19
8673,5
8674,8
8675,2
8676,11
8677,6
8678,15
8679,14
8680,17
8681,19
8682,7
8683,5
8684,17
8685,3
8686,1
8687,1
8688,12
8689,7
8690,9
8691,19
8692,1
8693,8
8694,17
8695,19
8696,17
8697,14
8698,6
8699,7
8700,2
8701,9
8702,19
8703,15
8704,15
8705,11
8706,12
8707,18
8708,11
8709,17
8710,1
8711,15
8712,12
8713,6
8714,11
8715,18
8716,10
8717,5
8718,19
8719,2
8720,17
8721,10
8722,11
8723,2
8724,10
8725,15
8726,6
8727,11
8728,8
8729,13
8730,6
8731,8
8732,7
8733,7
8734,12
8735,5
8736,12
8737,17
8738,12
8739,17
8740,17
8741,12
8742,9
8743,17
8744,12
8745,12
8746,5
8747,9
8748,1
8749,5
8750,9
8751,19
8752,6
8753,9
8754,9
8755,9
8756,10
8757,15
8758,2
8759,1
8760,6
8761,1
8762,4
8763,16
8764,9
8765,11
8766,10
8767,5
8768,11
8769,11
8770,5
8771,9
8772,15
8773,16
8774,7
8775,12
8776,17
8777,16
8778,2
8779,12
8780,10
8781,11
8782,15
8783,12
8784,7
8785,7
8786,2
8787,11
8788,19
8789,11
8790,11
8791,12
8792,12
8793,2
8794,11
8795,12
8796,1
8797,15
8798,1
8799,15
8800,9
8801,11
8802,18
8803,11
8804,15
8805,12
8806,12
8807,18
8808,9
8809,5
8810,8
8811,11
8812,8
8813,17
8814,17
8815,12
8816,7
8817,7
8818,2
8819,1
8820,12
8821,12
8822,9
8823,5
8824,12
8825,7
8826,19
8827,8
8828,19
8829,2
8830,5
8831,2
8832,2
8833,2
8834,11
8835,2
8836,15
8837,14
8838,16
8839,12
8840,7
8841,12
8842,17
8843,15
8844,8
8845,9
8846,2
8847,18
8848,9
8849,7
8850,9
8851,6
8852,18
8853,12
8854,17
8855,7
8856,12
8857,18
8858,1
8859,15
8860,15
8861,11
8862,16
8863,7
8864,7
8865,12
8866,11
8867,11
8868,6
8869,7
8870,5
8871,2
8872,11
8873,17
8874,12
8875,9
8876,3
8877,12
8878,5
8879,12
8880,4
8881,7
8882,16
8883,17
8884,9
8885,5
8886,1
8887,2
8888,6
8889,7
8890,11
8891,8
8892,16
8893,11
8894,17
8895,18
8896,8
8897,5
8898,3
8899,5
8900,5
8901,5
8902,11
8903,12
8904,6
8905,8
8906,11
8907,17
8908,18
8909,9
8910,5
8911,5
8912,14
8913,7
8914,7
8915,6
8916,2
8917,5
8918,16
8919,7
8920,11
8921,12
8922,6
8923,5
8924,1
8925,7
8926,12
8927,5
8928,7
8929,9
8930,16
8931,16
8932,12
8933,6
8934,12
8935,1
8936,5
8937,11
8938,2
8939,8
8940,11
8941,17
8942,17
8943,17
8944,18
8945,6
8946,17
8947,15
8948,18
8949,12
8950,5
8951,9
8952,14
8953,1
8954,17
8955,6
8956,11
8957,19
8958,7
8959,11
8960,4
8961,1
8962,9
8963,9
8964,8
8965,2
8966,2
8967,1
8968,11
8969,12
8970,5
8971,9
8972,18
8973,7
8974,8
8975,17
8976,14
8977,4
8978,7
8979,11
8980,14
8981,4
8982,19
8983,12
8984,7
8985,17
8986,19
8987,11
8988,17
8989,9
8990,7
8991,12
8992,19
8993,10
8994,5
8995,2
8996,5
8997,1
8998,7
8999,6
9000,8
